w	Re(eps)	Im(eps)
1.0000000000000000e+00	-2.0254500155759030e+02	+1.2612717289656320e+01
1.0100000000000000e+00	-1.9847029693957251e+02	+1.2242666747836397e+01
1.0200000000000000e+00	-1.9451428289183625e+02	+1.1886943613352724e+01
1.0300000000000000e+00	-1.9067239931791300e+02	+1.1544861532960088e+01
1.0400000000000000e+00	-1.8694030278842655e+02	+1.1215773212264873e+01
1.0500000000000000e+00	-1.8331385431762286e+02	+1.0899067848320247e+01
1.0600000000000001e+00	-1.7978910793604652e+02	+1.0594168753190079e+01
1.0700000000000001e+00	-1.7636230000071134e+02	+1.0300531152657225e+01
1.0800000000000001e+00	-1.7302983918892531e+02	+1.0017640145694610e+01
1.0900000000000001e+00	-1.6978829712630676e+02	+9.7450088116172360e+00
1.1000000000000001e+00	-1.6663439960351397e+02	+9.4821764530046799e+00
1.1100000000000001e+00	-1.6356501833984393e+02	+9.2287069635411321e+00
1.1200000000000001e+00	-1.6057716325516782e+02	+8.9841873108748249e+00
1.1299999999999999e+00	-1.5766797521469684e+02	+8.7482261254622475e+00
1.1399999999999999e+00	-1.5483471921383367e+02	+8.5204523871437612e+00
1.1499999999999999e+00	-1.5207477797289337e+02	+8.3005142019049600e+00
1.1599999999999999e+00	-1.4938564591378770e+02	+8.0880776619196464e+00
1.1699999999999999e+00	-1.4676492349288566e+02	+7.8828257825522678e+00
1.1799999999999999e+00	-1.4421031186620286e+02	+7.6844575105262845e+00
1.1899999999999999e+00	-1.4171960786485170e+02	+7.4926867979452965e+00
1.2000000000000000e+00	-1.3929069926031929e+02	+7.3072417372907204e+00
1.2100000000000000e+00	-1.3692156030063828e+02	+7.1278637529174294e+00
1.2200000000000000e+00	-1.3461024749989690e+02	+6.9543068449313390e+00
1.2300000000000000e+00	-1.3235489566480157e+02	+6.7863368816631358e+00
1.2400000000000000e+00	-1.3015371414317320e+02	+6.6237309372538524e+00
1.2500000000000000e+00	-1.2800498328033436e+02	+6.4662766711433601e+00
1.2600000000000000e+00	-1.2590705107033475e+02	+6.3137717465042176e+00
1.2700000000000000e+00	-1.2385832998987615e+02	+6.1660232848935150e+00
1.2800000000000000e+00	-1.2185729400364318e+02	+6.0228473546057808e+00
1.2900000000000000e+00	-1.1990247573052278e+02	+5.8840684904027905e+00
1.3000000000000000e+00	-1.1799246376091739e+02	+5.7495192424728545e+00
1.3100000000000001e+00	-1.1612590011602029e+02	+5.6190397526340981e+00
1.3200000000000001e+00	-1.1430147784053861e+02	+5.4924773559449784e+00
1.3300000000000001e+00	-1.1251793872091879e+02	+5.3696862060217718e+00
1.3400000000000001e+00	-1.1077407112165699e+02	+5.2505269224882216e+00
1.3500000000000001e+00	-1.0906870793276670e+02	+5.1348662590979002e+00
1.3600000000000001e+00	-1.0740072462192902e+02	+5.0225767911759176e+00
1.3700000000000001e+00	-1.0576903738527189e+02	+4.9135366211243490e+00
1.3799999999999999e+00	-1.0417260139111582e+02	+4.8076291008257241e+00
1.3899999999999999e+00	-1.0261040911138598e+02	+4.7047425698618968e+00
1.3999999999999999e+00	-1.0108148873572823e+02	+4.6047701085420991e+00
1.4099999999999999e+00	-9.9584902663679998e+01	+4.5076093048046078e+00
1.4199999999999999e+00	-9.8119746070538909e+01	+4.4131620341216342e+00
1.4299999999999999e+00	-9.6685145542843443e+01	+4.3213342515972997e+00
1.4399999999999999e+00	-9.5280257779632933e+01	+4.2320357955042178e+00
1.4500000000000000e+00	-9.3904268355889826e+01	+4.1451802015557107e+00
1.4600000000000000e+00	-9.2556390544786652e+01	+4.0606845272583767e+00
1.4700000000000000e+00	-9.1235864195565398e+01	+3.9784691857338137e+00
1.4800000000000000e+00	-8.9941954664067467e+01	+3.8984577884392198e+00
1.4900000000000000e+00	-8.8673951793111726e+01	+3.8205769962544918e+00
1.5000000000000000e+00	-8.7431168940083950e+01	+3.7447563784385611e+00
1.5100000000000000e+00	-8.6212942049257407e+01	+3.6709282789903455e+00
1.5200000000000000e+00	-8.5018628766509437e+01	+3.5990276899799643e+00
1.5300000000000000e+00	-8.3847607594235313e+01	+3.5289921314439701e+00
1.5400000000000000e+00	-8.2699277084387930e+01	+3.4607615374645055e+00
1.5500000000000000e+00	-8.1573055067691172e+01	+3.3942781480765554e+00
1.5600000000000001e+00	-8.0468377917186558e+01	+3.3294864066700929e+00
1.5700000000000001e+00	-7.9384699844377167e+01	+3.2663328625749326e+00
1.5800000000000001e+00	-7.8321492226331230e+01	+3.2047660785356800e+00
1.5900000000000001e+00	-7.7278242962199371e+01	+3.1447365428024017e+00
1.6000000000000001e+00	-7.6254455857686096e+01	+3.0861965855796512e+00
1.6100000000000001e+00	-7.5249650036096810e+01	+3.0291002995923226e+00
1.6200000000000001e+00	-7.4263359374657568e+01	+2.9734034645415526e+00
1.6299999999999999e+00	-7.3295131964876575e+01	+2.9190634752377389e+00
1.6399999999999999e+00	-7.2344529595782817e+01	+2.8660392732105597e+00
1.6499999999999999e+00	-7.1411127258941022e+01	+2.8142912816079422e+00
1.6599999999999999e+00	-7.0494512674200422e+01	+2.7637813432071288e+00
1.6699999999999999e+00	-6.9594285835191641e+01	+2.7144726613715155e+00
1.6799999999999999e+00	-6.8710058573637596e+01	+2.6663297437967439e+00
1.6899999999999999e+00	-6.7841454141593871e+01	+2.6193183488986991e+00
1.7000000000000000e+00	-6.6988106810780920e+01	+2.5734054347046866e+00
1.7100000000000000e+00	-6.6149661488213695e+01	+2.5285591101170959e+00
1.7200000000000000e+00	-6.5325773347375716e+01	+2.4847485884263780e+00
1.7300000000000000e+00	-6.4516107474223944e+01	+2.4419441429572615e+00
1.7400000000000000e+00	-6.3720338527346499e+01	+2.4001170647387209e+00
1.7500000000000000e+00	-6.2938150411631014e+01	+2.3592396220944165e+00
1.7600000000000000e+00	-6.2169235964833206e+01	+2.3192850220561811e+00
1.7700000000000000e+00	-6.1413296656466400e+01	+2.2802273735085423e+00
1.7800000000000000e+00	-6.0670042298461837e+01	+2.2420416519774289e+00
1.7900000000000000e+00	-5.9939190767076951e+01	+2.2047036659810244e+00
1.8000000000000000e+00	-5.9220467735554948e+01	+2.1681900248652273e+00
1.8100000000000001e+00	-5.8513606417063322e+01	+2.1324781080504724e+00
1.8200000000000001e+00	-5.7818347317462305e+01	+2.0975460356206050e+00
1.8300000000000001e+00	-5.7134437997476219e+01	+2.0633726401883208e+00
1.8400000000000001e+00	-5.6461632843861331e+01	+2.0299374399751615e+00
1.8500000000000001e+00	-5.5799692849183444e+01	+1.9972206130474204e+00
1.8600000000000001e+00	-5.5148385399837274e+01	+1.9652029726524254e+00
1.8700000000000001e+00	-5.4507484071956959e+01	+1.9338659436026182e+00
1.8799999999999999e+00	-5.3876768434883928e+01	+1.9031915396576229e+00
1.8899999999999999e+00	-5.3256023861874105e+01	+1.8731623418571171e+00
1.8999999999999999e+00	-5.2645041347741454e+01	+1.8437614777597870e+00
1.9099999999999999e+00	-5.2043617333148781e+01	+1.8149726015459606e+00
1.9199999999999999e+00	-5.1451553535270733e+01	+1.7867798749437176e+00
1.9299999999999999e+00	-5.0868656784565935e+01	+1.7591679489403402e+00
1.9399999999999999e+00	-5.0294738867408185e+01	+1.7321219462429189e+00
1.9500000000000000e+00	-4.9729616374337297e+01	+1.7056274444537702e+00
1.9600000000000000e+00	-4.9173110553701648e+01	+1.6796704599280625e+00
1.9700000000000000e+00	-4.8625047170474744e+01	+1.6542374322827009e+00
1.9800000000000000e+00	-4.8085256370037662e+01	+1.6293152095270496e+00
1.9900000000000000e+00	-4.7553572546729008e+01	+1.6048910337875719e+00
2.0000000000000000e+00	-4.7029834216972617e+01	+1.5809525275998215e+00
2.0099999999999998e+00	-4.6513883896801744e+01	+1.5574876807425568e+00
2.0200000000000000e+00	-4.6005567983606596e+01	+1.5344848375899784e+00
2.0299999999999998e+00	-4.5504736641939573e+01	+1.5119326849592658e+00
2.0400000000000000e+00	-4.5011243693219967e+01	+1.4898202404317011e+00
2.0499999999999998e+00	-4.4524946509186719e+01	+1.4681368411267246e+00
2.0600000000000001e+00	-4.4045705908954332e+01	+1.4468721329092544e+00
2.0699999999999998e+00	-4.3573386059533547e+01	+1.4260160600115523e+00
2.0800000000000001e+00	-4.3107854379684007e+01	+1.4055588550518154e+00
2.0899999999999999e+00	-4.2648981446972201e+01	+1.3854910294325107e+00
2.1000000000000001e+00	-4.2196640907912993e+01	+1.3658033641022764e+00
2.1099999999999999e+00	-4.1750709391078551e+01	+1.3464869006659881e+00
2.1200000000000001e+00	-4.1311066423063117e+01	+1.3275329328282872e+00
2.1299999999999999e+00	-4.0877594347196997e+01	+1.3089329981565767e+00
2.1400000000000001e+00	-4.0450178244907356e+01	+1.2906788701501239e+00
2.1499999999999999e+00	-4.0028705859627969e+01	+1.2727625506025355e+00
2.1600000000000001e+00	-3.9613067523163771e+01	+1.2551762622454563e+00
2.1699999999999999e+00	-3.9203156084420328e+01	+1.2379124416618932e+00
2.1800000000000002e+00	-3.8798866840411634e+01	+1.2209637324580989e+00
2.1899999999999999e+00	-3.8400097469463674e+01	+1.2043229786834599e+00
2.2000000000000002e+00	-3.8006747966533958e+01	+1.1879832184882888e+00
2.2100000000000000e+00	-3.7618720580571029e+01	+1.1719376780099013e+00
2.2200000000000002e+00	-3.7235919753840641e+01	+1.1561797654777701e+00
2.2300000000000000e+00	-3.6858252063148377e+01	+1.1407030655289643e+00
2.2400000000000002e+00	-3.6485626162891407e+01	+1.1255013337254793e+00
2.2500000000000000e+00	-3.6117952729874361e+01	+1.1105684912654199e+00
2.2599999999999998e+00	-3.5755144409827516e+01	+1.0958986198803662e+00
2.2700000000000000e+00	-3.5397115765567250e+01	+1.0814859569115802e+00
2.2799999999999998e+00	-3.5043783226741510e+01	+1.0673248905580301e+00
2.2900000000000000e+00	-3.4695065041105295e+01	+1.0534099552895240e+00
2.2999999999999998e+00	-3.4350881227272879e+01	+1.0397358274185220e+00
2.3100000000000001e+00	-3.4011153528896081e+01	+1.0262973208244779e+00
2.3199999999999998e+00	-3.3675805370219599e+01	+1.0130893828248340e+00
2.3300000000000001e+00	-3.3344761812966134e+01	+1.0001070901870235e+00
2.3399999999999999e+00	-3.3017949514506313e+01	+9.8734564527609536e-01
2.3500000000000001e+00	-3.2695296687269618e+01	+9.7480037233279215e-01
2.3599999999999999e+00	-3.2376733059354557e+01	+9.6246671387713389e-01
2.3700000000000001e+00	-3.2062189836297698e+01	+9.5034022723276257e-01
2.3799999999999999e+00	-3.1751599663962857e+01	+9.3841658116751536e-01
2.3900000000000001e+00	-3.1444896592512997e+01	+9.2669155264586078e-01
2.3999999999999999e+00	-3.1142016041428917e+01	+9.1516102368903207e-01
2.4100000000000001e+00	-3.0842894765540223e+01	+9.0382097833885677e-01
2.4199999999999999e+00	-3.0547470822035066e+01	+8.9266749972144344e-01
2.4300000000000002e+00	-3.0255683538416733e+01	+8.8169676720704671e-01
2.4399999999999999e+00	-2.9967473481376082e+01	+8.7090505366258431e-01
2.4500000000000002e+00	-2.9682782426550013e+01	+8.6028872279341650e-01
2.4600000000000000e+00	-2.9401553329137307e+01	+8.4984422657113967e-01
2.4700000000000002e+00	-2.9123730295344210e+01	+8.3956810274427651e-01
2.4800000000000000e+00	-2.8849258554632996e+01	+8.2945697242887162e-01
2.4900000000000002e+00	-2.8578084432747914e+01	+8.1950753777611385e-01
2.5000000000000000e+00	-2.8310155325493675e+01	+8.0971657971423050e-01
2.5099999999999998e+00	-2.8045419673242627e+01	+8.0008095576200289e-01
2.5200000000000000e+00	-2.7783826936147470e+01	+7.9059759791135631e-01
2.5299999999999998e+00	-2.7525327570037469e+01	+7.8126351057657983e-01
2.5400000000000000e+00	-2.7269873002976546e+01	+7.7207576860782978e-01
2.5499999999999998e+00	-2.7017415612462614e+01	+7.6303151536665315e-01
2.5600000000000001e+00	-2.6767908703248242e+01	+7.5412796086136669e-01
2.5699999999999998e+00	-2.6521306485763336e+01	+7.4536237994020371e-01
2.5800000000000001e+00	-2.6277564055121196e+01	+7.3673211054022103e-01
2.5899999999999999e+00	-2.6036637370690098e+01	+7.2823455199004161e-01
2.6000000000000001e+00	-2.5798483236212935e+01	+7.1986716336457546e-01
2.6099999999999999e+00	-2.5563059280458333e+01	+7.1162746188993620e-01
2.6200000000000001e+00	-2.5330323938386886e+01	+7.0351302139683569e-01
2.6299999999999999e+00	-2.5100236432817081e+01	+6.9552147082080862e-01
2.6400000000000001e+00	-2.4872756756575676e+01	+6.8765049274767420e-01
2.6499999999999999e+00	-2.4647845655118061e+01	+6.7989782200270932e-01
2.6600000000000001e+00	-2.4425464609604436e+01	+6.7226124428205691e-01
2.6699999999999999e+00	-2.4205575820418282e+01	+6.6473859482495856e-01
2.6800000000000002e+00	-2.3988142191113869e+01	+6.5732775712544078e-01
2.6899999999999999e+00	-2.3773127312780154e+01	+6.5002666168214218e-01
2.7000000000000002e+00	-2.3560495448808766e+01	+6.4283328478502122e-01
2.7100000000000000e+00	-2.3350211520054177e+01	+6.3574564733771677e-01
2.7200000000000002e+00	-2.3142241090374544e+01	+6.2876181371439388e-01
2.7300000000000000e+00	-2.2936550352542142e+01	+6.2187989064994087e-01
2.7400000000000002e+00	-2.2733106114512591e+01	+6.1509802616242504e-01
2.7500000000000000e+00	-2.2531875786042548e+01	+6.0841440850676054e-01
2.7599999999999998e+00	-2.2332827365645688e+01	+6.0182726515857032e-01
2.7700000000000000e+00	-2.2135929427877329e+01	+5.9533486182726825e-01
2.7799999999999998e+00	-2.1941151110938232e+01	+5.8893550149741991e-01
2.7900000000000000e+00	-2.1748462104588459e+01	+5.8262752349747138e-01
2.7999999999999998e+00	-2.1557832638362452e+01	+5.7640930259497292e-01
2.8100000000000001e+00	-2.1369233470076818e+01	+5.7027924811745134e-01
2.8199999999999998e+00	-2.1182635874622505e+01	+5.6423580309811494e-01
2.8300000000000001e+00	-2.0998011633033347e+01	+5.5827744344560759e-01
2.8399999999999999e+00	-2.0815333021823285e+01	+5.5240267713705038e-01
2.8500000000000001e+00	-2.0634572802584664e+01	+5.4661004343363961e-01
2.8599999999999999e+00	-2.0455704211840366e+01	+5.4089811211809469e-01
2.8700000000000001e+00	-2.0278700951142739e+01	+5.3526548275327357e-01
2.8799999999999999e+00	-2.0103537177412463e+01	+5.2971078396129612e-01
2.8900000000000001e+00	-1.9930187493510722e+01	+5.2423267272253982e-01
2.8999999999999999e+00	-1.9758626939038304e+01	+5.1882983369389546e-01
2.9100000000000001e+00	-1.9588830981355379e+01	+5.1350097854568644e-01
2.9199999999999999e+00	-1.9420775506815932e+01	+5.0824484531668179e-01
2.9300000000000002e+00	-1.9254436812211036e+01	+5.0306019778664735e-01
2.9399999999999999e+00	-1.9089791596415225e+01	+4.9794582486590128e-01
2.9500000000000002e+00	-1.8926816952230574e+01	+4.9290054000135736e-01
2.9600000000000000e+00	-1.8765490358423104e+01	+4.8792318059855766e-01
2.9700000000000002e+00	-1.8605789671946326e+01	+4.8301260745920876e-01
2.9800000000000000e+00	-1.8447693120346958e+01	+4.7816770423376009e-01
2.9900000000000002e+00	-1.8291179294347952e+01	+4.7338737688856830e-01
3.0000000000000000e+00	-1.8136227140604088e+01	+4.6867055318721701e-01
3.0099999999999998e+00	-1.7982815954625572e+01	+4.6401618218556501e-01
3.0200000000000000e+00	-1.7830925373865227e+01	+4.5942323374012034e-01
3.0299999999999998e+00	-1.7680535370964925e+01	+4.5489069802934301e-01
3.0400000000000000e+00	-1.7531626247157142e+01	+4.5041758508749563e-01
3.0499999999999998e+00	-1.7384178625817476e+01	+4.4600292435067340e-01
3.0600000000000001e+00	-1.7238173446164350e+01	+4.4164576421465812e-01
3.0699999999999998e+00	-1.7093591957101900e+01	+4.3734517160424746e-01
3.0800000000000001e+00	-1.6950415711202460e+01	+4.3310023155372879e-01
3.0899999999999999e+00	-1.6808626558825026e+01	+4.2891004679817335e-01
3.1000000000000001e+00	-1.6668206642366133e+01	+4.2477373737523622e-01
3.1099999999999999e+00	-1.6529138390639805e+01	+4.2069044023716134e-01
3.1200000000000001e+00	-1.6391404513383296e+01	+4.1665930887269759e-01
3.1299999999999999e+00	-1.6254987995885344e+01	+4.1267951293864158e-01
3.1400000000000001e+00	-1.6119872093733882e+01	+4.0875023790073295e-01
3.1499999999999999e+00	-1.5986040327680165e+01	+4.0487068468363530e-01
3.1600000000000001e+00	-1.5853476478616386e+01	+4.0104006932974562e-01
3.1699999999999999e+00	-1.5722164582663876e+01	+3.9725762266658249e-01
3.1800000000000002e+00	-1.5592088926369179e+01	+3.9352258998250994e-01
3.1899999999999999e+00	-1.5463234042005279e+01	+3.8983423071056511e-01
3.2000000000000002e+00	-1.5335584702975318e+01	+3.8619181812016035e-01
3.2100000000000000e+00	-1.5209125919316328e+01	+3.8259463901644009e-01
3.2200000000000002e+00	-1.5083842933300438e+01	+3.7904199344708106e-01
3.2300000000000000e+00	-1.4959721215131179e+01	+3.7553319441632727e-01
3.2400000000000002e+00	-1.4836746458732549e+01	+3.7206756760606041e-01
3.2500000000000000e+00	-1.4714904577628538e+01	+3.6864445110371197e-01
3.2599999999999998e+00	-1.4594181700910912e+01	+3.6526319513682731e-01
3.2700000000000000e+00	-1.4474564169293100e+01	+3.6192316181410111e-01
3.2799999999999998e+00	-1.4356038531248110e+01	+3.5862372487270699e-01
3.2900000000000000e+00	-1.4238591539228384e+01	+3.5536426943174720e-01
3.2999999999999998e+00	-1.4122210145965663e+01	+3.5214419175166040e-01
3.3100000000000001e+00	-1.4006881500848920e+01	+3.4896289899942279e-01
3.3199999999999998e+00	-1.3892592946378446e+01	+3.4581980901938691e-01
3.3300000000000001e+00	-1.3779332014694354e+01	+3.4271435010960677e-01
3.3399999999999999e+00	-1.3667086424177583e+01	+3.3964596080350179e-01
3.3500000000000001e+00	-1.3555844076121854e+01	+3.3661408965671674e-01
3.3599999999999999e+00	-1.3445593051474699e+01	+3.3361819503903839e-01
3.3700000000000001e+00	-1.3336321607646099e+01	+3.3065774493123479e-01
3.3799999999999999e+00	-1.3228018175383013e+01	+3.2773221672668668e-01
3.3900000000000001e+00	-1.3120671355708321e+01	+3.2484109703768449e-01
3.3999999999999999e+00	-1.3014269916922640e+01	+3.2198388150626639e-01
3.4100000000000001e+00	-1.2908802791667519e+01	+3.1916007461947998e-01
3.4199999999999999e+00	-1.2804259074048623e+01	+3.1636918952894999e-01
3.4300000000000002e+00	-1.2700628016817507e+01	+3.1361074787464044e-01
3.4399999999999999e+00	-1.2597899028610581e+01	+3.1088427961270165e-01
3.4500000000000002e+00	-1.2496061671243968e+01	+3.0818932284729489e-01
3.4600000000000000e+00	-1.2395105657062977e+01	+3.0552542366629304e-01
3.4700000000000002e+00	-1.2295020846344954e+01	+3.0289213598075765e-01
3.4800000000000000e+00	-1.2195797244754171e+01	+3.0028902136809071e-01
3.4900000000000002e+00	-1.2097425000847728e+01	+2.9771564891877289e-01
3.5000000000000000e+00	-1.1999894403631224e+01	+2.9517159508659230e-01
3.5099999999999998e+00	-1.1903195880162979e+01	+2.9265644354227482e-01
3.5200000000000000e+00	-1.1807319993205915e+01	+2.9016978503043084e-01
3.5299999999999998e+00	-1.1712257438925807e+01	+2.8771121722973381e-01
3.5400000000000000e+00	-1.1617999044634981e+01	+2.8528034461624646e-01
3.5499999999999998e+00	-1.1524535766580410e+01	+2.8287677832981922e-01
3.5600000000000001e+00	-1.1431858687775193e+01	+2.8050013604347923e-01
3.5699999999999998e+00	-1.1339959015872477e+01	+2.7815004183573844e-01
3.5800000000000001e+00	-1.1248828081080834e+01	+2.7582612606574397e-01
3.5899999999999999e+00	-1.1158457334120239e+01	+2.7352802525120368e-01
3.6000000000000001e+00	-1.1068838344217660e+01	+2.7125538194901422e-01
3.6099999999999999e+00	-1.0979962797141461e+01	+2.6900784463852734e-01
3.6200000000000001e+00	-1.0891822493273729e+01	+2.6678506760738613e-01
3.6299999999999999e+00	-1.0804409345719694e+01	+2.6458671083987095e-01
3.6400000000000001e+00	-1.0717715378453409e+01	+2.6241243990769009e-01
3.6499999999999999e+00	-1.0631732724498953e+01	+2.6026192586315777e-01
3.6600000000000001e+00	-1.0546453624146311e+01	+2.5813484513469820e-01
3.6699999999999999e+00	-1.0461870423201242e+01	+2.5603087942462205e-01
3.6800000000000002e+00	-1.0377975571268342e+01	+2.5394971560911644e-01
3.6899999999999999e+00	-1.0294761620066632e+01	+2.5189104564039810e-01
3.7000000000000002e+00	-1.0212221221776931e+01	+2.4985456645097456e-01
3.7100000000000000e+00	-1.0130347127420345e+01	+2.4783997985996278e-01
3.7200000000000002e+00	-1.0049132185267231e+01	+2.4584699248141800e-01
3.7300000000000000e+00	-9.9685693392759251e+00	+2.4387531563462128e-01
3.7400000000000002e+00	-9.8886516275606411e+00	+2.4192466525628012e-01
3.7500000000000000e+00	-9.8093721808879355e+00	+2.3999476181459747e-01
3.7599999999999998e+00	-9.7307242212010738e+00	+2.3808533022516234e-01
3.7700000000000000e+00	-9.6527010601717471e+00	+2.3619609976861997e-01
3.7799999999999998e+00	-9.5752960977785779e+00	+2.3432680401007988e-01
3.7900000000000000e+00	-9.4985028209118028e+00	+2.3247718072021933e-01
3.7999999999999998e+00	-9.4223148020036067e+00	+2.3064697179804239e-01
3.8100000000000001e+00	-9.3467256976835937e+00	+2.2883592319525711e-01
3.8199999999999998e+00	-9.2717292474588255e+00	+2.2704378484223042e-01
3.8300000000000001e+00	-9.1973192724179409e+00	+2.2527031057548577e-01
3.8399999999999999e+00	-9.1234896739588613e+00	+2.2351525806670677e-01
3.8500000000000001e+00	-9.0502344325395683e+00	+2.2177838875321090e-01
3.8599999999999999e+00	-8.9775476064515054e+00	+2.2005946776986124e-01
3.8700000000000001e+00	-8.9054233306151129e+00	+2.1835826388238011e-01
3.8799999999999999e+00	-8.8338558153970563e+00	+2.1667454942203465e-01
3.8900000000000001e+00	-8.7628393454486915e+00	+2.1500810022166128e-01
3.8999999999999999e+00	-8.6923682785653487e+00	+2.1335869555299866e-01
3.9100000000000001e+00	-8.6224370445659773e+00	+2.1172611806529895e-01
3.9199999999999999e+00	-8.5530401441927868e+00	+2.1011015372518871e-01
3.9300000000000002e+00	-8.4841721480304297e+00	+2.0851059175774994e-01
3.9399999999999999e+00	-8.4158276954443547e+00	+2.0692722458879415e-01
3.9500000000000002e+00	-8.3480014935379412e+00	+2.0535984778830232e-01
3.9600000000000000e+00	-8.2806883161280282e+00	+2.0380826001500410e-01
3.9700000000000002e+00	-8.2138830027384788e+00	+2.0227226296207051e-01
3.9800000000000000e+00	-8.1475804576114097e+00	+2.0075166130389521e-01
3.9900000000000002e+00	-8.0817756487357322e+00	+1.9924626264393963e-01
4.0000000000000000e+00	-8.0164636068926640e+00	+1.9775587746361853e-01
4.0099999999999998e+00	-7.9516394247178770e+00	+1.9628031907220203e-01
4.0199999999999996e+00	-7.8872982557799372e+00	+1.9481940355771210e-01
4.0300000000000002e+00	-7.8234353136747252e+00	+1.9337294973879077e-01
4.0400000000000000e+00	-7.7600458711355191e+00	+1.9194077911751897e-01
4.0499999999999998e+00	-7.6971252591584349e+00	+1.9052271583316477e-01
4.0599999999999996e+00	-7.6346688661429063e+00	+1.8911858661684003e-01
4.0700000000000003e+00	-7.5726721370469310e+00	+1.8772822074704648e-01
4.0800000000000001e+00	-7.5111305725567856e+00	+1.8635145000609027e-01
4.0899999999999999e+00	-7.4500397282709034e+00	+1.8498810863734746e-01
4.0999999999999996e+00	-7.3893952138976964e+00	+1.8363803330336020e-01
4.1100000000000003e+00	-7.3291926924669859e+00	+1.8230106304474725e-01
4.1200000000000001e+00	-7.2694278795548115e+00	+1.8097703923990910e-01
4.1299999999999999e+00	-7.2100965425213737e+00	+1.7966580556551243e-01
4.1399999999999997e+00	-7.1511944997618109e+00	+1.7836720795773550e-01
4.1500000000000004e+00	-7.0927176199696191e+00	+1.7708109457425875e-01
4.1600000000000001e+00	-7.0346618214124206e+00	+1.7580731575698416e-01
4.1699999999999999e+00	-6.9770230712198860e+00	+1.7454572399546853e-01
4.1799999999999997e+00	-6.9197973846835481e+00	+1.7329617389105356e-01
4.1900000000000004e+00	-6.8629808245682984e+00	+1.7205852212168021e-01
4.2000000000000002e+00	-6.8065695004353319e+00	+1.7083262740737037e-01
4.2100000000000000e+00	-6.7505595679763530e+00	+1.6961835047636364e-01
4.2199999999999998e+00	-6.6949472283587639e+00	+1.6841555403189346e-01
4.2300000000000004e+00	-6.6397287275817138e+00	+1.6722410271959062e-01
4.2400000000000002e+00	-6.5849003558427306e+00	+1.6604386309549968e-01
4.2500000000000000e+00	-6.5304584469147873e+00	+1.6487470359469611e-01
4.2599999999999998e+00	-6.4763993775335660e+00	+1.6371649450049117e-01
4.2699999999999996e+00	-6.4227195667947701e+00	+1.6256910791421192e-01
4.2800000000000002e+00	-6.3694154755612651e+00	+1.6143241772554526e-01
4.2900000000000000e+00	-6.3164836058798741e+00	+1.6030629958343262e-01
4.2999999999999998e+00	-6.2639205004076608e+00	+1.5919063086750559e-01
4.3099999999999996e+00	-6.2117227418475132e+00	+1.5808529066004995e-01
4.3200000000000003e+00	-6.1598869523928421e+00	+1.5699015971848734e-01
4.3300000000000001e+00	-6.1084097931812664e+00	+1.5590512044836460e-01
4.3399999999999999e+00	-6.0572879637570747e+00	+1.5483005687683901e-01
4.3499999999999996e+00	-6.0065182015423311e+00	+1.5376485462665032e-01
4.3600000000000003e+00	-5.9560972813164597e+00	+1.5270940089056939e-01
4.3700000000000001e+00	-5.9060220147041473e+00	+1.5166358440631253e-01
4.3799999999999999e+00	-5.8562892496714198e+00	+1.5062729543191367e-01
4.3899999999999997e+00	-5.8068958700297326e+00	+1.4960042572154370e-01
4.4000000000000004e+00	-5.7578387949479559e+00	+1.4858286850176869e-01
4.4100000000000001e+00	-5.7091149784720709e+00	+1.4757451844823721e-01
4.4199999999999999e+00	-5.6607214090524742e+00	+1.4657527166278914e-01
4.4299999999999997e+00	-5.6126551090787373e+00	+1.4558502565097606e-01
4.4400000000000004e+00	-5.5649131344216869e+00	+1.4460367929998658e-01
4.4500000000000002e+00	-5.5174925739826755e+00	+1.4363113285696655e-01
4.4600000000000000e+00	-5.4703905492499167e+00	+1.4266728790772795e-01
4.4699999999999998e+00	-5.4236042138617648e+00	+1.4171204735583739e-01
4.4800000000000004e+00	-5.3771307531767825e+00	+1.4076531540207729e-01
4.4900000000000002e+00	-5.3309673838505365e+00	+1.3982699752427194e-01
4.5000000000000000e+00	-5.2851113534189338e+00	+1.3889700045747155e-01
4.5099999999999998e+00	-5.2395599398880304e+00	+1.3797523217448684e-01
4.5199999999999996e+00	-5.1943104513301819e+00	+1.3706160186676691e-01
4.5300000000000002e+00	-5.1493602254864239e+00	+1.3615601992561488e-01
4.5400000000000000e+00	-5.1047066293749630e+00	+1.3525839792373257e-01
4.5499999999999998e+00	-5.0603470589057000e+00	+1.3436864859708975e-01
4.5599999999999996e+00	-5.0162789385006512e+00	+1.3348668582711035e-01
4.5700000000000003e+00	-4.9724997207201636e+00	+1.3261242462316961e-01
4.5800000000000001e+00	-4.9290068858948590e+00	+1.3174578110539661e-01
4.5899999999999999e+00	-4.8857979417631618e+00	+1.3088667248777541e-01
4.5999999999999996e+00	-4.8428704231143449e+00	+1.3003501706153955e-01
4.6100000000000003e+00	-4.8002218914369745e+00	+1.2919073417885388e-01
4.6200000000000001e+00	-4.7578499345727003e+00	+1.2835374423677870e-01
4.6299999999999999e+00	-4.7157521663752302e+00	+1.2752396866150953e-01
4.6399999999999997e+00	-4.6739262263744905e+00	+1.2670132989288882e-01
4.6500000000000004e+00	-4.6323697794457850e+00	+1.2588575136918276e-01
4.6600000000000001e+00	-4.5910805154839593e+00	+1.2507715751211923e-01
4.6699999999999999e+00	-4.5500561490824154e+00	+1.2427547371218149e-01
4.6799999999999997e+00	-4.5092944192169195e+00	+1.2348062631415201e-01
4.6900000000000004e+00	-4.4687930889341487e+00	+1.2269254260290345e-01
4.7000000000000002e+00	-4.4285499450448285e+00	+1.2191115078942960e-01
4.7100000000000000e+00	-4.3885627978214643e+00	+1.2113637999711427e-01
4.7199999999999998e+00	-4.3488294807005179e+00	+1.2036816024823119e-01
4.7300000000000004e+00	-4.3093478499890008e+00	+1.1960642245067264e-01
4.7400000000000002e+00	-4.2701157845754008e+00	+1.1885109838490121e-01
4.7500000000000000e+00	-4.2311311856448324e+00	+1.1810212069112043e-01
4.7599999999999998e+00	-4.1923919763984117e+00	+1.1735942285666132e-01
4.7699999999999996e+00	-4.1538961017767022e+00	+1.1662293920357904e-01
4.7800000000000002e+00	-4.1156415281872381e+00	+1.1589260487645747e-01
4.7900000000000000e+00	-4.0776262432359989e+00	+1.1516835583041646e-01
4.7999999999999998e+00	-4.0398482554628181e+00	+1.1445012881931894e-01
4.8099999999999996e+00	-4.0023055940806014e+00	+1.1373786138417301e-01
4.8200000000000003e+00	-3.9649963087183746e+00	+1.1303149184172705e-01
4.8300000000000001e+00	-3.9279184691680040e+00	+1.1233095927325233e-01
4.8399999999999999e+00	-3.8910701651346056e+00	+1.1163620351351139e-01
4.8499999999999996e+00	-3.8544495059905337e+00	+1.1094716513990735e-01
4.8600000000000003e+00	-3.8180546205329229e+00	+1.1026378546181198e-01
4.8700000000000001e+00	-3.7818836567446876e+00	+1.0958600651006806e-01
4.8799999999999999e+00	-3.7459347815589794e+00	+1.0891377102666408e-01
4.8899999999999997e+00	-3.7102061806269742e+00	+1.0824702245457705e-01
4.9000000000000004e+00	-3.6746960580889869e+00	+1.0758570492778077e-01
4.9100000000000001e+00	-3.6394026363488656e+00	+1.0692976326141689e-01
4.9199999999999999e+00	-3.6043241558515504e+00	+1.0627914294212493e-01
4.9299999999999997e+00	-3.5694588748638214e+00	+1.0563379011852929e-01
4.9400000000000004e+00	-3.5348050692581268e+00	+1.0499365159187968e-01
4.9500000000000002e+00	-3.5003610322994749e+00	+1.0435867480684269e-01
4.9600000000000000e+00	-3.4661250744353342e+00	+1.0372880784244146e-01
4.9699999999999998e+00	-3.4320955230884618e+00	+1.0310399940314062e-01
4.9800000000000004e+00	-3.3982707224526827e+00	+1.0248419881007470e-01
4.9900000000000002e+00	-3.3646490332914833e+00	+1.0186935599241617e-01
5.0000000000000000e+00	-3.3312288327394608e+00	+1.0125942147888196e-01
5.0099999999999998e+00	-3.2980085141065185e+00	+1.0065434638937470e-01
5.0199999999999996e+00	-3.2649864866847889e+00	+1.0005408242675723e-01
5.0300000000000002e+00	-3.2321611755582573e+00	+9.9458581868757612e-02
5.0400000000000000e+00	-3.1995310214150052e+00	+9.8867797560002246e-02
5.0499999999999998e+00	-3.1670944803620653e+00	+9.8281682904174869e-02
5.0599999999999996e+00	-3.1348500237428301e+00	+9.7700191856299509e-02
5.0700000000000003e+00	-3.1027961379569824e+00	+9.7123278915144731e-02
5.0800000000000001e+00	-3.0709313242828902e+00	+9.6550899115747144e-02
5.0899999999999999e+00	-3.0392540987024592e+00	+9.5983008022052493e-02
5.0999999999999996e+00	-3.0077629917283790e+00	+9.5419561719671642e-02
5.1100000000000003e+00	-2.9764565482337195e+00	+9.4860516808749781e-02
5.1200000000000001e+00	-2.9453333272838762e+00	+9.4305830396946955e-02
5.1299999999999999e+00	-2.9143919019707916e+00	+9.3755460092527665e-02
5.1399999999999997e+00	-2.8836308592494282e+00	+9.3209363997557776e-02
5.1500000000000004e+00	-2.8530487997764791e+00	+9.2667500701207078e-02
5.1600000000000001e+00	-2.8226443377512407e+00	+9.2129829273155162e-02
5.1699999999999999e+00	-2.7924161007586550e+00	+9.1596309257099467e-02
5.1799999999999997e+00	-2.7623627296144582e+00	+9.1066900664362974e-02
5.1900000000000004e+00	-2.7324828782124246e+00	+9.0541563967600630e-02
5.2000000000000002e+00	-2.7027752133736573e+00	+9.0020260094602025e-02
5.2100000000000000e+00	-2.6732384146979067e+00	+8.9502950422189351e-02
5.2199999999999998e+00	-2.6438711744168693e+00	+8.8989596770208360e-02
5.2300000000000004e+00	-2.6146721972494635e+00	+8.8480161395611295e-02
5.2400000000000002e+00	-2.5856402002590242e+00	+8.7974606986629997e-02
5.2500000000000000e+00	-2.5567739127124032e+00	+8.7472896657037225e-02
5.2599999999999998e+00	-2.5280720759409370e+00	+8.6974993940495557e-02
5.2699999999999996e+00	-2.4995334432032719e+00	+8.6480862784991647e-02
5.2800000000000002e+00	-2.4711567795499914e+00	+8.5990467547354621e-02
5.2900000000000000e+00	-2.4429408616900377e+00	+8.5503772987857329e-02
5.2999999999999998e+00	-2.4148844778588998e+00	+8.5020744264898723e-02
5.3099999999999996e+00	-2.3869864276885258e+00	+8.4541346929766378e-02
5.3200000000000003e+00	-2.3592455220789601e+00	+8.4065546921477538e-02
5.3300000000000001e+00	-2.3316605830716481e+00	+8.3593310561697401e-02
5.3399999999999999e+00	-2.3042304437244132e+00	+8.3124604549733402e-02
5.3499999999999996e+00	-2.2769539479880576e+00	+8.2659395957604145e-02
5.3600000000000003e+00	-2.2498299505845791e+00	+8.2197652225181994e-02
5.3700000000000001e+00	-2.2228573168869659e+00	+8.1739341155407416e-02
5.3799999999999999e+00	-2.1960349228005649e+00	+8.1284430909574934e-02
5.3899999999999997e+00	-2.1693616546459804e+00	+8.0832890002688479e-02
5.4000000000000004e+00	-2.1428364090434862e+00	+8.0384687298885496e-02
5.4100000000000001e+00	-2.1164580927989416e+00	+7.9939792006928745e-02
5.4199999999999999e+00	-2.0902256227911700e+00	+7.9498173675764242e-02
5.4299999999999997e+00	-2.0641379258607895e+00	+7.9059802190144746e-02
5.4400000000000004e+00	-2.0381939387004762e+00	+7.8624647766317390e-02
5.4500000000000002e+00	-2.0123926077466336e+00	+7.8192680947774443e-02
5.4600000000000000e+00	-1.9867328890724405e+00	+7.7763872601066181e-02
5.4699999999999998e+00	-1.9612137482822822e+00	+7.7338193911675068e-02
5.4800000000000004e+00	-1.9358341604075147e+00	+7.6915616379949828e-02
5.4900000000000002e+00	-1.9105931098035613e+00	+7.6496111817098769e-02
5.5000000000000000e+00	-1.8854895900483193e+00	+7.6079652341241158e-02
5.5099999999999998e+00	-1.8605226038418499e+00	+7.5666210373515980e-02
5.5199999999999996e+00	-1.8356911629073478e+00	+7.5255758634246814e-02
5.5300000000000002e+00	-1.8109942878933527e+00	+7.4848270139162190e-02
5.5400000000000000e+00	-1.7864310082771988e+00	+7.4443718195670333e-02
5.5499999999999998e+00	-1.7620003622696876e+00	+7.4042076399187598e-02
5.5599999999999996e+00	-1.7377013967209454e+00	+7.3643318629519533e-02
5.5700000000000003e+00	-1.7135331670274754e+00	+7.3247419047293830e-02
5.5800000000000001e+00	-1.6894947370403655e+00	+7.2854352090444455e-02
5.5899999999999999e+00	-1.6655851789746521e+00	+7.2464092470745714e-02
5.5999999999999996e+00	-1.6418035733198053e+00	+7.2076615170396041e-02
5.6100000000000003e+00	-1.6181490087513417e+00	+7.1691895438650233e-02
5.6200000000000001e+00	-1.5946205820435262e+00	+7.1309908788499493e-02
5.6299999999999999e+00	-1.5712173979831645e+00	+7.0930630993398733e-02
5.6399999999999997e+00	-1.5479385692844616e+00	+7.0554038084040066e-02
5.6500000000000004e+00	-1.5247832165049333e+00	+7.0180106345171911e-02
5.6600000000000001e+00	-1.5017504679623608e+00	+6.9808812312462998e-02
5.6699999999999999e+00	-1.4788394596527610e+00	+6.9440132769410565e-02
5.6799999999999997e+00	-1.4560493351693760e+00	+6.9074044744291935e-02
5.6900000000000004e+00	-1.4333792456226533e+00	+6.8710525507158920e-02
5.7000000000000002e+00	-1.4108283495612026e+00	+6.8349552566874375e-02
5.7100000000000000e+00	-1.3883958128937337e+00	+6.7991103668190042e-02
5.7199999999999998e+00	-1.3660808088119349e+00	+6.7635156788865405e-02
5.7300000000000004e+00	-1.3438825177142997e+00	+6.7281690136826486e-02
5.7400000000000002e+00	-1.3218001271308797e+00	+6.6930682147364223e-02
5.7500000000000000e+00	-1.2998328316489545e+00	+6.6582111480371936e-02
5.7599999999999998e+00	-1.2779798328395975e+00	+6.6235957017620695e-02
5.7699999999999996e+00	-1.2562403391851413e+00	+6.5892197860072818e-02
5.7800000000000002e+00	-1.2346135660075106e+00	+6.5550813325232257e-02
5.7900000000000000e+00	-1.2130987353974287e+00	+6.5211782944531463e-02
5.7999999999999998e+00	-1.1916950761444722e+00	+6.4875086460754433e-02
5.8099999999999996e+00	-1.1704018236679667e+00	+6.4540703825495011e-02
5.8200000000000003e+00	-1.1492182199487209e+00	+6.4208615196650123e-02
5.8300000000000001e+00	-1.1281435134615689e+00	+6.3878800935947347e-02
5.8399999999999999e+00	-1.1071769591087266e+00	+6.3551241606506229e-02
5.8499999999999996e+00	-1.0863178181539412e+00	+6.3225917970433018e-02
5.8600000000000003e+00	-1.0655653581574329e+00	+6.2902810986448010e-02
5.8700000000000001e+00	-1.0449188529115983e+00	+6.2581901807545276e-02
5.8799999999999999e+00	-1.0243775823774959e+00	+6.2263171778684165e-02
5.8899999999999997e+00	-1.0039408326220709e+00	+6.1946602434512027e-02
5.9000000000000004e+00	-9.8360789575613072e-01	+6.1632175497117934e-02
5.9100000000000001e+00	-9.6337806987305363e-01	+6.1319872873816475e-02
5.9199999999999999e+00	-9.4325065898822213e-01	+6.1009676654961702e-02
5.9299999999999997e+00	-9.2322497297916417e-01	+6.0701569111790359e-02
5.9400000000000004e+00	-9.0330032752641021e-01	+6.0395532694294186e-02
5.9500000000000002e+00	-8.8347604405503599e-01	+6.0091550029120776e-02
5.9600000000000000e+00	-8.6375144967689454e-01	+5.9789603917502446e-02
5.9699999999999998e+00	-8.4412587713352227e-01	+5.9489677333212955e-02
5.9800000000000004e+00	-8.2459866473971832e-01	+5.9191753420551399e-02
5.9900000000000002e+00	-8.0516915632777852e-01	+5.8895815492353155e-02
6.0000000000000000e+00	-7.8583670119237681e-01	+5.8601847028026989e-02
6.0099999999999998e+00	-7.6660065403609412e-01	+5.8309831671618545e-02
6.0199999999999996e+00	-7.4746037491557260e-01	+5.8019753229899385e-02
6.0300000000000002e+00	-7.2841522918830481e-01	+5.7731595670481348e-02
6.0400000000000000e+00	-7.0946458746002605e-01	+5.7445343119955826e-02
6.0499999999999998e+00	-6.9060782553272215e-01	+5.7160979862057711e-02
6.0599999999999996e+00	-6.7184432435323949e-01	+5.6878490335853245e-02
6.0700000000000003e+00	-6.5317346996248116e-01	+5.6597859133952218e-02
6.0800000000000001e+00	-6.3459465344518762e-01	+5.6319071000743015e-02
6.0899999999999999e+00	-6.1610727088030171e-01	+5.6042110830651352e-02
6.0999999999999996e+00	-5.9771072329189145e-01	+5.5766963666421560e-02
6.1100000000000003e+00	-5.7940441660064401e-01	+5.5493614697420250e-02
6.1200000000000001e+00	-5.6118776157590577e-01	+5.5222049257962320e-02
6.1299999999999999e+00	-5.4306017378828120e-01	+5.4952252825658666e-02
6.1399999999999997e+00	-5.2502107356275385e-01	+5.4684211019785371e-02
6.1500000000000004e+00	-5.0706988593235902e-01	+5.4417909599674054e-02
6.1600000000000001e+00	-4.8920604059237061e-01	+5.4153334463123211e-02
6.1699999999999999e+00	-4.7142897185500932e-01	+5.3890471644829949e-02
6.1799999999999997e+00	-4.5373811860466340e-01	+5.3629307314842070e-02
6.1900000000000004e+00	-4.3613292425362360e-01	+5.3369827777030199e-02
6.2000000000000002e+00	-4.1861283669829952e-01	+5.3112019467579416e-02
6.2100000000000000e+00	-4.0117730827594578e-01	+5.2855868953500397e-02
6.2199999999999998e+00	-3.8382579572187048e-01	+5.2601362931159773e-02
6.2300000000000004e+00	-3.6655776012711261e-01	+5.2348488224829008e-02
6.2400000000000002e+00	-3.4937266689661417e-01	+5.2097231785252267e-02
6.2500000000000000e+00	-3.3226998570783994e-01	+5.1847580688232184e-02
6.2599999999999998e+00	-3.1524919046987243e-01	+5.1599522133233960e-02
6.2699999999999996e+00	-2.9830975928296066e-01	+5.1353043442007154e-02
6.2800000000000002e+00	-2.8145117439851486e-01	+5.1108132057224857e-02
6.2900000000000000e+00	-2.6467292217955052e-01	+5.0864775541140467e-02
6.2999999999999998e+00	-2.4797449306156860e-01	+5.0622961574261043e-02
6.3099999999999996e+00	-2.3135538151387358e-01	+5.0382677954037981e-02
6.3200000000000003e+00	-2.1481508600131072e-01	+5.0143912593573668e-02
6.3300000000000001e+00	-1.9835310894643854e-01	+4.9906653520345019e-02
6.3399999999999999e+00	-1.8196895669210633e-01	+4.9670888874942594e-02
6.3499999999999996e+00	-1.6566213946445352e-01	+4.9436606909825868e-02
6.3600000000000003e+00	-1.4943217133630782e-01	+4.9203795988094150e-02
6.3700000000000001e+00	-1.3327857019099021e-01	+4.8972444582272644e-02
6.3799999999999999e+00	-1.1720085768651600e-01	+4.8742541273113990e-02
6.3899999999999997e+00	-1.0119855922018672e-01	+4.8514074748414716e-02
6.4000000000000004e+00	-8.5271203893567460e-02	+4.8287033801846256e-02
6.4100000000000001e+00	-6.9418324477852345e-02	+4.8061407331800879e-02
6.4199999999999999e+00	-5.3639457379595967e-02	+4.7837184340251630e-02
6.4299999999999997e+00	-3.7934142606831145e-02	+4.7614353931626711e-02
6.4400000000000004e+00	-2.2301923735543738e-02	+4.7392905311697632e-02
6.4500000000000002e+00	-6.7423478765160638e-03	+4.7172827786481200e-02
6.4600000000000000e+00	+8.7450343574717593e-03	+4.6954110761155125e-02
6.4699999999999998e+00	+2.4160668884086078e-02	+4.6736743738986897e-02
6.4800000000000004e+00	+3.9504998183529594e-02	+4.6520716320276045e-02
6.4900000000000002e+00	+5.4778461330300843e-02	+4.6306018201309133e-02
6.5000000000000000e+00	+6.9981494024585977e-02	+4.6092639173327982e-02
6.5099999999999998e+00	+8.5114528623344121e-02	+4.5880569121510104e-02
6.5199999999999996e+00	+1.0017799417102680e-01	+4.5669798023962052e-02
6.5300000000000002e+00	+1.1517231642999981e-01	+4.5460315950724736e-02
6.5400000000000000e+00	+1.3009791791061343e-01	+4.5252113062791137e-02
6.5499999999999998e+00	+1.4495521790097232e-01	+4.5045179611135883e-02
6.5599999999999996e+00	+1.5974463249637161e-01	+4.4839505935756564e-02
6.5700000000000003e+00	+1.7446657462843085e-01	+4.4635082464726888e-02
6.5800000000000001e+00	+1.8912145409391456e-01	+4.4431899713261211e-02
6.5899999999999999e+00	+2.0370967758324454e-01	+4.4229948282790386e-02
6.5999999999999996e+00	+2.1823164870871548e-01	+4.4029218860048888e-02
6.6100000000000003e+00	+2.3268776803240421e-01	+4.3829702216172897e-02
6.6200000000000001e+00	+2.4707843309379385e-01	+4.3631389205809223e-02
6.6299999999999999e+00	+2.6140403843709770e-01	+4.3434270766235170e-02
6.6399999999999997e+00	+2.7566497563830339e-01	+4.3238337916488651e-02
6.6500000000000004e+00	+2.8986163333192483e-01	+4.3043581756509103e-02
6.6600000000000001e+00	+3.0399439723747435e-01	+4.2849993466288504e-02
6.6699999999999999e+00	+3.1806365018567195e-01	+4.2657564305032460e-02
6.6799999999999997e+00	+3.3206977214435085e-01	+4.2466285610331687e-02
6.6900000000000004e+00	+3.4601314024412222e-01	+4.2276148797342962e-02
6.7000000000000002e+00	+3.5989412880375760e-01	+4.2087145357980124e-02
6.7100000000000000e+00	+3.7371310935530122e-01	+4.1899266860114609e-02
6.7199999999999998e+00	+3.8747045066893726e-01	+4.1712504946785411e-02
6.7300000000000004e+00	+4.0116651877758347e-01	+4.1526851335418648e-02
6.7400000000000002e+00	+4.1480167700123882e-01	+4.1342297817056041e-02
6.7500000000000000e+00	+4.2837628597107358e-01	+4.1158836255592877e-02
6.7599999999999998e+00	+4.4189070365327598e-01	+4.0976458587024665e-02
6.7699999999999996e+00	+4.5534528537264585e-01	+4.0795156818702938e-02
6.7800000000000002e+00	+4.6874038383594741e-01	+4.0614923028599655e-02
6.7900000000000000e+00	+4.8207634915502595e-01	+4.0435749364580248e-02
6.7999999999999998e+00	+4.9535352886968198e-01	+4.0257628043685371e-02
6.8099999999999996e+00	+5.0857226797030819e-01	+4.0080551351420905e-02
6.8200000000000003e+00	+5.2173290892030266e-01	+3.9904511641056344e-02
6.8300000000000001e+00	+5.3483579167824224e-01	+3.9729501332931419e-02
6.8399999999999999e+00	+5.4788125371983920e-01	+3.9555512913770713e-02
6.8499999999999996e+00	+5.6086963005966606e-01	+3.9382538936006420e-02
6.8600000000000003e+00	+5.7380125327266374e-01	+3.9210572017108883e-02
6.8700000000000001e+00	+5.8667645351542763e-01	+3.9039604838924880e-02
6.8799999999999999e+00	+5.9949555854728054e-01	+3.8869630147023729e-02
6.8899999999999997e+00	+6.1225889375112530e-01	+3.8700640750050849e-02
6.9000000000000004e+00	+6.2496678215409851e-01	+3.8532629519088889e-02
6.9100000000000001e+00	+6.3761954444799951e-01	+3.8365589387026132e-02
6.9199999999999999e+00	+6.5021749900952219e-01	+3.8199513347932403e-02
6.9299999999999997e+00	+6.6276096192028700e-01	+3.8034394456441883e-02
6.9400000000000004e+00	+6.7525024698665703e-01	+3.7870225827143209e-02
6.9500000000000002e+00	+6.8768566575936774e-01	+3.7707000633976619e-02
6.9600000000000000e+00	+7.0006752755295576e-01	+3.7544712109637828e-02
6.9699999999999998e+00	+7.1239613946498714e-01	+3.7383353544988993e-02
6.9800000000000004e+00	+7.2467180639509898e-01	+3.7222918288476133e-02
6.9900000000000002e+00	+7.3689483106385101e-01	+3.7063399745553463e-02
7.0000000000000000e+00	+7.4906551403138444e-01	+3.6904791378114102e-02
7.0099999999999998e+00	+7.6118415371589787e-01	+3.6747086703927415e-02
7.0199999999999996e+00	+7.7325104641193931e-01	+3.6590279296082634e-02
7.0300000000000002e+00	+7.8526648630851259e-01	+3.6434362782438889e-02
7.0400000000000000e+00	+7.9723076550700700e-01	+3.6279330845081482e-02
7.0499999999999998e+00	+8.0914417403895111e-01	+3.6125177219784248e-02
7.0599999999999996e+00	+8.2100699988358627e-01	+3.5971895695477984e-02
7.0700000000000003e+00	+8.3281952898526868e-01	+3.5819480113725065e-02
7.0800000000000001e+00	+8.4458204527069558e-01	+3.5667924368199801e-02
7.0899999999999999e+00	+8.5629483066597079e-01	+3.5517222404174653e-02
7.0999999999999996e+00	+8.6795816511349333e-01	+3.5367368218012382e-02
7.1100000000000003e+00	+8.7957232658868278e-01	+3.5218355856663733e-02
7.1200000000000001e+00	+8.9113759111654023e-01	+3.5070179417170888e-02
7.1299999999999999e+00	+9.0265423278804668e-01	+3.4922833046176389e-02
7.1399999999999997e+00	+9.1412252377640435e-01	+3.4776310939437553e-02
7.1500000000000004e+00	+9.2554273435311263e-01	+3.4630607341346431e-02
7.1600000000000001e+00	+9.3691513290389050e-01	+3.4485716544454988e-02
7.1699999999999999e+00	+9.4823998594444436e-01	+3.4341632889005602e-02
7.1799999999999997e+00	+9.5951755813608308e-01	+3.4198350762466863e-02
7.1900000000000004e+00	+9.7074811230117675e-01	+3.4055864599074434e-02
7.2000000000000002e+00	+9.8193190943846798e-01	+3.3914168879377059e-02
7.2100000000000000e+00	+9.9306920873823490e-01	+3.3773258129787619e-02
7.2199999999999998e+00	+1.0041602675973103e+00	+3.3633126922139038e-02
7.2300000000000004e+00	+1.0152053416339486e+00	+3.3493769873245274e-02
7.2400000000000002e+00	+1.0262046847025519e+00	+3.3355181644467019e-02
7.2500000000000000e+00	+1.0371585489082595e+00	+3.3217356941282229e-02
7.2599999999999998e+00	+1.0480671846213885e+00	+3.3080290512861370e-02
7.2699999999999996e+00	+1.0589308404917412e+00	+3.2943977151647368e-02
7.2800000000000002e+00	+1.0697497634627702e+00	+3.2808411692940104e-02
7.2900000000000000e+00	+1.0805241987856147e+00	+3.2673589014485520e-02
7.2999999999999998e+00	+1.0912543900329954e+00	+3.2539504036069151e-02
7.3099999999999996e+00	+1.1019405791129806e+00	+3.2406151719114235e-02
7.3200000000000003e+00	+1.1125830062826165e+00	+3.2273527066284030e-02
7.3300000000000001e+00	+1.1231819101614340e+00	+3.2141625121088604e-02
7.3399999999999999e+00	+1.1337375277448221e+00	+3.2010440967495835e-02
7.3499999999999996e+00	+1.1442500944172735e+00	+3.1879969729546646e-02
7.3600000000000003e+00	+1.1547198439655069e+00	+3.1750206570974479e-02
7.3700000000000001e+00	+1.1651470085914637e+00	+3.1621146694828788e-02
7.3799999999999999e+00	+1.1755318189251818e+00	+3.1492785343102674e-02
7.3899999999999997e+00	+1.1858745040375465e+00	+3.1365117796364583e-02
7.4000000000000004e+00	+1.1961752914529242e+00	+3.1238139373393831e-02
7.4100000000000001e+00	+1.2064344071616713e+00	+3.1111845430820247e-02
7.4199999999999999e+00	+1.2166520756325294e+00	+3.0986231362767600e-02
7.4299999999999997e+00	+1.2268285198249025e+00	+3.0861292600500783e-02
7.4400000000000004e+00	+1.2369639612010217e+00	+3.0737024612076978e-02
7.4500000000000002e+00	+1.2470586197379872e+00	+3.0613422902000371e-02
7.4600000000000000e+00	+1.2571127139397098e+00	+3.0490483010880687e-02
7.4699999999999998e+00	+1.2671264608487292e+00	+3.0368200515095301e-02
7.4800000000000004e+00	+1.2771000760579279e+00	+3.0246571026455032e-02
7.4900000000000002e+00	+1.2870337737221353e+00	+3.0125590191873452e-02
7.5000000000000000e+00	+1.2969277665696239e+00	+3.0005253693039646e-02
7.5099999999999998e+00	+1.3067822659134909e+00	+2.9885557246094707e-02
7.5199999999999996e+00	+1.3165974816629493e+00	+2.9766496601311289e-02
7.5300000000000002e+00	+1.3263736223344988e+00	+2.9648067542776910e-02
7.5400000000000000e+00	+1.3361108950629998e+00	+2.9530265888080432e-02
7.5499999999999998e+00	+1.3458095056126482e+00	+2.9413087488001820e-02
7.5599999999999996e+00	+1.3554696583878401e+00	+2.9296528226205366e-02
7.5700000000000003e+00	+1.3650915564439443e+00	+2.9180584018935942e-02
7.5800000000000001e+00	+1.3746754014979707e+00	+2.9065250814718582e-02
7.5899999999999999e+00	+1.3842213939391419e+00	+2.8950524594061184e-02
7.5999999999999996e+00	+1.3937297328393656e+00	+2.8836401369160380e-02
7.6100000000000003e+00	+1.4032006159636161e+00	+2.8722877183610392e-02
7.6200000000000001e+00	+1.4126342397802127e+00	+2.8609948112115050e-02
7.6299999999999999e+00	+1.4220307994710111e+00	+2.8497610260202772e-02
7.6399999999999997e+00	+1.4313904889414961e+00	+2.8385859763944546e-02
7.6500000000000004e+00	+1.4407135008307863e+00	+2.8274692789674802e-02
7.6600000000000001e+00	+1.4500000265215456e+00	+2.8164105533715289e-02
7.6699999999999999e+00	+1.4592502561497995e+00	+2.8054094222101762e-02
7.6799999999999997e+00	+1.4684643786146752e+00	+2.7944655110313486e-02
7.6900000000000004e+00	+1.4776425815880363e+00	+2.7835784483005648e-02
7.7000000000000002e+00	+1.4867850515240431e+00	+2.7727478653744458e-02
7.7100000000000000e+00	+1.4958919736686207e+00	+2.7619733964745038e-02
7.7199999999999998e+00	+1.5049635320688393e+00	+2.7512546786611990e-02
7.7300000000000004e+00	+1.5139999095822168e+00	+2.7405913518082685e-02
7.7400000000000002e+00	+1.5230012878859283e+00	+2.7299830585773160e-02
7.7500000000000000e+00	+1.5319678474859399e+00	+2.7194294443926709e-02
7.7599999999999998e+00	+1.5408997677260579e+00	+2.7089301574164913e-02
7.7699999999999996e+00	+1.5497972267968918e+00	+2.6984848485241453e-02
7.7800000000000002e+00	+1.5586604017447461e+00	+2.6880931712798203e-02
7.7900000000000000e+00	+1.5674894684804226e+00	+2.6777547819124035e-02
7.7999999999999998e+00	+1.5762846017879517e+00	+2.6674693392915949e-02
7.8099999999999996e+00	+1.5850459753332395e+00	+2.6572365049042725e-02
7.8200000000000003e+00	+1.5937737616726415e+00	+2.6470559428310982e-02
7.8300000000000001e+00	+1.6024681322614578e+00	+2.6369273197233582e-02
7.8399999999999999e+00	+1.6111292574623515e+00	+2.6268503047800436e-02
7.8499999999999996e+00	+1.6197573065536974e+00	+2.6168245697251624e-02
7.8600000000000003e+00	+1.6283524477378486e+00	+2.6068497887852825e-02
7.8700000000000001e+00	+1.6369148481493356e+00	+2.5969256386673023e-02
7.8799999999999999e+00	+1.6454446738629902e+00	+2.5870517985364497e-02
7.8899999999999997e+00	+1.6539420899019981e+00	+2.5772279499944949e-02
7.9000000000000004e+00	+1.6624072602458795e+00	+2.5674537770581984e-02
7.9100000000000001e+00	+1.6708403478383995e+00	+2.5577289661379597e-02
7.9199999999999999e+00	+1.6792415145954096e+00	+2.5480532060166962e-02
7.9299999999999997e+00	+1.6876109214126176e+00	+2.5384261878289256e-02
7.9400000000000004e+00	+1.6959487281732923e+00	+2.5288476050400608e-02
7.9500000000000002e+00	+1.7042550937558971e+00	+2.5193171534259165e-02
7.9600000000000000e+00	+1.7125301760416591e+00	+2.5098345310524160e-02
7.9699999999999998e+00	+1.7207741319220711e+00	+2.5003994382555059e-02
7.9800000000000004e+00	+1.7289871173063260e+00	+2.4910115776212691e-02
7.9900000000000002e+00	+1.7371692871286890e+00	+2.4816706539662382e-02
8.0000000000000000e+00	+1.7453207953558043e+00	+2.4723763743179052e-02
8.0099999999999998e+00	+1.7534417949939360e+00	+2.4631284478954241e-02
8.0199999999999996e+00	+1.7615324380961490e+00	+2.4539265860905102e-02
8.0299999999999994e+00	+1.7695928757694261e+00	+2.4447705024485202e-02
8.0399999999999991e+00	+1.7776232581817211e+00	+2.4356599126497343e-02
8.0500000000000007e+00	+1.7856237345689543e+00	+2.4265945344908085e-02
8.0600000000000005e+00	+1.7935944532419450e+00	+2.4175740878664240e-02
8.0700000000000003e+00	+1.8015355615932842e+00	+2.4085982947511093e-02
8.0800000000000001e+00	+1.8094472061041484e+00	+2.3996668791812472e-02
8.0899999999999999e+00	+1.8173295323510539e+00	+2.3907795672372573e-02
8.0999999999999996e+00	+1.8251826850125514e+00	+2.3819360870259539e-02
8.1099999999999994e+00	+1.8330068078758677e+00	+2.3731361686630783e-02
8.1199999999999992e+00	+1.8408020438434844e+00	+2.3643795442560050e-02
8.1300000000000008e+00	+1.8485685349396630e+00	+2.3556659478866138e-02
8.1400000000000006e+00	+1.8563064223169139e+00	+2.3469951155943344e-02
8.1500000000000004e+00	+1.8640158462624092e+00	+2.3383667853593509e-02
8.1600000000000001e+00	+1.8716969462043411e+00	+2.3297806970859800e-02
8.1699999999999999e+00	+1.8793498607182242e+00	+2.3212365925862035e-02
8.1799999999999997e+00	+1.8869747275331465e+00	+2.3127342155633637e-02
8.1899999999999995e+00	+1.8945716835379662e+00	+2.3042733115960227e-02
8.1999999999999993e+00	+1.9021408647874543e+00	+2.2958536281219705e-02
8.2100000000000009e+00	+1.9096824065083839e+00	+2.2874749144223994e-02
8.2200000000000006e+00	+1.9171964431055746e+00	+2.2791369216062181e-02
8.2300000000000004e+00	+1.9246831081678750e+00	+2.2708394025945329e-02
8.2400000000000002e+00	+1.9321425344741030e+00	+2.2625821121052707e-02
8.2500000000000000e+00	+1.9395748539989315e+00	+2.2543648066379502e-02
8.2599999999999998e+00	+1.9469801979187262e+00	+2.2461872444586084e-02
8.2699999999999996e+00	+1.9543586966173332e+00	+2.2380491855848617e-02
8.2799999999999994e+00	+1.9617104796918152e+00	+2.2299503917711194e-02
8.2899999999999991e+00	+1.9690356759581462e+00	+2.2218906264939383e-02
8.3000000000000007e+00	+1.9763344134568497e+00	+2.2138696549375156e-02
8.3100000000000005e+00	+1.9836068194585961e+00	+2.2058872439793219e-02
8.3200000000000003e+00	+1.9908530204697494e+00	+2.1979431621758756e-02
8.3300000000000001e+00	+1.9980731422378679e+00	+2.1900371797486499e-02
8.3399999999999999e+00	+2.0052673097571621e+00	+2.1821690685701143e-02
8.3499999999999996e+00	+2.0124356472738993e+00	+2.1743386021499143e-02
8.3599999999999994e+00	+2.0195782782917728e+00	+2.1665455556211802e-02
8.3699999999999992e+00	+2.0266953255772178e+00	+2.1587897057269646e-02
8.3800000000000008e+00	+2.0337869111646869e+00	+2.1510708308068120e-02
8.3900000000000006e+00	+2.0408531563618824e+00	+2.1433887107834573e-02
8.4000000000000004e+00	+2.0478941817549421e+00	+2.1357431271496478e-02
8.4100000000000001e+00	+2.0549101072135834e+00	+2.1281338629550933e-02
8.4199999999999999e+00	+2.0619010518962080e+00	+2.1205607027935339e-02
8.4299999999999997e+00	+2.0688671342549552e+00	+2.1130234327899421e-02
8.4399999999999995e+00	+2.0758084720407242e+00	+2.1055218405878335e-02
8.4499999999999993e+00	+2.0827251823081485e+00	+2.0980557153367042e-02
8.4600000000000009e+00	+2.0896173814205281e+00	+2.0906248476795872e-02
8.4700000000000006e+00	+2.0964851850547275e+00	+2.0832290297407220e-02
8.4800000000000004e+00	+2.1033287082060248e+00	+2.0758680551133449e-02
8.4900000000000002e+00	+2.1101480651929281e+00	+2.0685417188475920e-02
8.5000000000000000e+00	+2.1169433696619473e+00	+2.0612498174385152e-02
8.5099999999999998e+00	+2.1237147345923315e+00	+2.0539921488142120e-02
8.5199999999999996e+00	+2.1304622723007607e+00	+2.0467685123240664e-02
8.5299999999999994e+00	+2.1371860944460068e+00	+2.0395787087271008e-02
8.5399999999999991e+00	+2.1438863120335512e+00	+2.0324225401804338e-02
8.5500000000000007e+00	+2.1505630354201646e+00	+2.0252998102278496e-02
8.5600000000000005e+00	+2.1572163743184531e+00	+2.0182103237884733e-02
8.5700000000000003e+00	+2.1638464378013644e+00	+2.0111538871455458e-02
8.5800000000000001e+00	+2.1704533343066563e+00	+2.0041303079353170e-02
8.5899999999999999e+00	+2.1770371716413321e+00	+1.9971393951360255e-02
8.5999999999999996e+00	+2.1835980569860380e+00	+1.9901809590569940e-02
8.6099999999999994e+00	+2.1901360968994239e+00	+1.9832548113278180e-02
8.6199999999999992e+00	+2.1966513973224693e+00	+1.9763607648876594e-02
8.6300000000000008e+00	+2.2031440635827773e+00	+1.9694986339746354e-02
8.6400000000000006e+00	+2.2096142003988293e+00	+1.9626682341153091e-02
8.6500000000000004e+00	+2.2160619118842066e+00	+1.9558693821142756e-02
8.6600000000000001e+00	+2.2224873015517801e+00	+1.9491018960438426e-02
8.6699999999999999e+00	+2.2288904723178637e+00	+1.9423655952338074e-02
8.6799999999999997e+00	+2.2352715265063345e+00	+1.9356603002613312e-02
8.6899999999999995e+00	+2.2416305658527231e+00	+1.9289858329408997e-02
8.6999999999999993e+00	+2.2479676915082649e+00	+1.9223420163143816e-02
8.7100000000000009e+00	+2.2542830040439239e+00	+1.9157286746411793e-02
8.7200000000000006e+00	+2.2605766034543833e+00	+1.9091456333884597e-02
8.7300000000000004e+00	+2.2668485891620023e+00	+1.9025927192214888e-02
8.7400000000000002e+00	+2.2730990600207441e+00	+1.8960697599940429e-02
8.7500000000000000e+00	+2.2793281143200681e+00	+1.8895765847389161e-02
8.7599999999999998e+00	+2.2855358497887956e+00	+1.8831130236585059e-02
8.7699999999999996e+00	+2.2917223635989439e+00	+1.8766789081154912e-02
8.7799999999999994e+00	+2.2978877523695251e+00	+1.8702740706235940e-02
8.7899999999999991e+00	+2.3040321121703222e+00	+1.8638983448384227e-02
8.8000000000000007e+00	+2.3101555385256285e+00	+1.8575515655483980e-02
8.8100000000000005e+00	+2.3162581264179622e+00	+1.8512335686657663e-02
8.8200000000000003e+00	+2.3223399702917482e+00	+1.8449441912176890e-02
8.8300000000000001e+00	+2.3284011640569711e+00	+1.8386832713374157e-02
8.8399999999999999e+00	+2.3344418010928023e+00	+1.8324506482555354e-02
8.8499999999999996e+00	+2.3404619742511956e+00	+1.8262461622913062e-02
8.8599999999999994e+00	+2.3464617758604542e+00	+1.8200696548440670e-02
8.8699999999999992e+00	+2.3524412977287708e+00	+1.8139209683847218e-02
8.8800000000000008e+00	+2.3584006311477408e+00	+1.8077999464473048e-02
8.8900000000000006e+00	+2.3643398668958451e+00	+1.8017064336206142e-02
8.9000000000000004e+00	+2.3702590952419067e+00	+1.7956402755399337e-02
8.9100000000000001e+00	+2.3761584059485221e+00	+1.7896013188788144e-02
8.9199999999999999e+00	+2.3820378882754629e+00	+1.7835894113409401e-02
8.9299999999999997e+00	+2.3878976309830517e+00	+1.7776044016520602e-02
8.9399999999999995e+00	+2.3937377223355134e+00	+1.7716461395519967e-02
8.9499999999999993e+00	+2.3995582501042976e+00	+1.7657144757867234e-02
8.9600000000000009e+00	+2.4053593015713757e+00	+1.7598092621005125e-02
8.9700000000000006e+00	+2.4111409635325143e+00	+1.7539303512281557e-02
8.9800000000000004e+00	+2.4169033223005205e+00	+1.7480775968872504e-02
8.9900000000000002e+00	+2.4226464637084639e+00	+1.7422508537705557e-02
9.0000000000000000e+00	+2.4283704731128721e+00	+1.7364499775384182e-02
9.0099999999999998e+00	+2.4340754353969025e+00	+1.7306748248112631e-02
9.0199999999999996e+00	+2.4397614349734869e+00	+1.7249252531621535e-02
9.0299999999999994e+00	+2.4454285557884590e+00	+1.7192011211094080e-02
9.0399999999999991e+00	+2.4510768813236474e+00	+1.7135022881092987e-02
9.0500000000000007e+00	+2.4567064945999508e+00	+1.7078286145487998e-02
9.0600000000000005e+00	+2.4623174781803918e+00	+1.7021799617384040e-02
9.0700000000000003e+00	+2.4679099141731391e+00	+1.6965561919050073e-02
9.0800000000000001e+00	+2.4734838842345153e+00	+1.6909571681848489e-02
9.0899999999999999e+00	+2.4790394695719753e+00	+1.6853827546165181e-02
9.0999999999999996e+00	+2.4845767509470633e+00	+1.6798328161340220e-02
9.1099999999999994e+00	+2.4900958086783502e+00	+1.6743072185599121e-02
9.1199999999999992e+00	+2.4955967226443434e+00	+1.6688058285984717e-02
9.1300000000000008e+00	+2.5010795722863794e+00	+1.6633285138289641e-02
9.1400000000000006e+00	+2.5065444366114886e+00	+1.6578751426989412e-02
9.1500000000000004e+00	+2.5119913941952450e+00	+1.6524455845176041e-02
9.1600000000000001e+00	+2.5174205231845881e+00	+1.6470397094492294e-02
9.1699999999999999e+00	+2.5228319013006244e+00	+1.6416573885066496e-02
9.1799999999999997e+00	+2.5282256058414139e+00	+1.6362984935447869e-02
9.1899999999999995e+00	+2.5336017136847242e+00	+1.6309628972542504e-02
9.1999999999999993e+00	+2.5389603012907744e+00	+1.6256504731549822e-02
9.2100000000000009e+00	+2.5443014447049519e+00	+1.6203610955899606e-02
9.2200000000000006e+00	+2.5496252195605082e+00	+1.6150946397189624e-02
9.2300000000000004e+00	+2.5549317010812400e+00	+1.6098509815123722e-02
9.2400000000000002e+00	+2.5602209640841438e+00	+1.6046299977450489e-02
9.2500000000000000e+00	+2.5654930829820537e+00	+1.5994315659902444e-02
9.2599999999999998e+00	+2.5707481317862579e+00	+1.5942555646135777e-02
9.2699999999999996e+00	+2.5759861841090976e+00	+1.5891018727670556e-02
9.2799999999999994e+00	+2.5812073131665421e+00	+1.5839703703831472e-02
9.2899999999999991e+00	+2.5864115917807502e+00	+1.5788609381689130e-02
9.3000000000000007e+00	+2.5915990923826064e+00	+1.5737734576001788e-02
9.3100000000000005e+00	+2.5967698870142444e+00	+1.5687078109157610e-02
9.3200000000000003e+00	+2.6019240473315430e+00	+1.5636638811117466e-02
9.3300000000000001e+00	+2.6070616446066142e+00	+1.5586415519358141e-02
9.3399999999999999e+00	+2.6121827497302643e+00	+1.5536407078816076e-02
9.3499999999999996e+00	+2.6172874332144374e+00	+1.5486612341831600e-02
9.3599999999999994e+00	+2.6223757651946458e+00	+1.5437030168093608e-02
9.3699999999999992e+00	+2.6274478154323768e+00	+1.5387659424584746e-02
9.3800000000000008e+00	+2.6325036533174853e+00	+1.5338498985526985e-02
9.3900000000000006e+00	+2.6375433478705648e+00	+1.5289547732327788e-02
9.4000000000000004e+00	+2.6425669677453048e+00	+1.5240804553526601e-02
9.4100000000000001e+00	+2.6475745812308276e+00	+1.5192268344741914e-02
9.4199999999999999e+00	+2.6525662562540098e+00	+1.5143938008618638e-02
9.4299999999999997e+00	+2.6575420603817856e+00	+1.5095812454776088e-02
9.4399999999999995e+00	+2.6625020608234315e+00	+1.5047890599756277e-02
9.4499999999999993e+00	+2.6674463244328392e+00	+1.5000171366972690e-02
9.4600000000000009e+00	+2.6723749177107643e+00	+1.4952653686659529e-02
9.4700000000000006e+00	+2.6772879068070643e+00	+1.4905336495821320e-02
9.4800000000000004e+00	+2.6821853575229184e+00	+1.4858218738182990e-02
9.4900000000000002e+00	+2.6870673353130301e+00	+1.4811299364140346e-02
9.5000000000000000e+00	+2.6919339052878133e+00	+1.4764577330710975e-02
9.5099999999999998e+00	+2.6967851322155654e+00	+1.4718051601485583e-02
9.5199999999999996e+00	+2.7016210805246184e+00	+1.4671721146579664e-02
9.5299999999999994e+00	+2.7064418143054834e+00	+1.4625584942585675e-02
9.5399999999999991e+00	+2.7112473973129676e+00	+1.4579641972525542e-02
9.5500000000000007e+00	+2.7160378929682869e+00	+1.4533891225803583e-02
9.5600000000000005e+00	+2.7208133643611565e+00	+1.4488331698159850e-02
9.5700000000000003e+00	+2.7255738742518689e+00	+1.4442962391623791e-02
9.5800000000000001e+00	+2.7303194850733536e+00	+1.4397782314468392e-02
9.5899999999999999e+00	+2.7350502589332266e+00	+1.4352790481164638e-02
9.5999999999999996e+00	+2.7397662576158206e+00	+1.4307985912336353e-02
9.6099999999999994e+00	+2.7444675425842036e+00	+1.4263367634715437e-02
9.6199999999999992e+00	+2.7491541749821797e+00	+1.4218934681097497e-02
9.6300000000000008e+00	+2.7538262156362787e+00	+1.4174686090297789e-02
9.6400000000000006e+00	+2.7584837250577285e+00	+1.4130620907107547e-02
9.6500000000000004e+00	+2.7631267634444159e+00	+1.4086738182250714e-02
9.6600000000000001e+00	+2.7677553906828281e+00	+1.4043036972340979e-02
9.6699999999999999e+00	+2.7723696663499884e+00	+1.3999516339839181e-02
9.6799999999999997e+00	+2.7769696497153693e+00	+1.3956175353011087e-02
9.6899999999999995e+00	+2.7815553997427984e+00	+1.3913013085885492e-02
9.6999999999999993e+00	+2.7861269750923459e+00	+1.3870028618212682e-02
9.7100000000000009e+00	+2.7906844341222015e+00	+1.3827221035423243e-02
9.7200000000000006e+00	+2.7952278348905364e+00	+1.3784589428587162e-02
9.7300000000000004e+00	+2.7997572351573528e+00	+1.3742132894373333e-02
9.7400000000000002e+00	+2.8042726923863177e+00	+1.3699850535009351e-02
9.7500000000000000e+00	+2.8087742637465882e+00	+1.3657741458241649e-02
9.7599999999999998e+00	+2.8132620061146190e+00	+1.3615804777295950e-02
9.7699999999999996e+00	+2.8177359760759582e+00	+1.3574039610838071e-02
9.7799999999999994e+00	+2.8221962299270338e+00	+1.3532445082934991e-02
9.7899999999999991e+00	+2.8266428236769223e+00	+1.3491020323016320e-02
9.8000000000000007e+00	+2.8310758130491074e+00	+1.3449764465835987e-02
9.8100000000000005e+00	+2.8354952534832245e+00	+1.3408676651434349e-02
9.8200000000000003e+00	+2.8399012001367980e+00	+1.3367756025100474e-02
9.8300000000000001e+00	+2.8442937078869566e+00	+1.3327001737334870e-02
9.8399999999999999e+00	+2.8486728313321468e+00	+1.3286412943812409e-02
9.8499999999999996e+00	+2.8530386247938266e+00	+1.3245988805345620e-02
9.8599999999999994e+00	+2.8573911423181508e+00	+1.3205728487848243e-02
9.8699999999999992e+00	+2.8617304376776449e+00	+1.3165631162299069e-02
9.8800000000000008e+00	+2.8660565643728630e+00	+1.3125696004706150e-02
9.8900000000000006e+00	+2.8703695756340393e+00	+1.3085922196071159e-02
9.9000000000000004e+00	+2.8746695244227247e+00	+1.3046308922354198e-02
9.9100000000000001e+00	+2.8789564634334122e+00	+1.3006855374438759e-02
9.9199999999999999e+00	+2.8832304450951511e+00	+1.2967560748097033e-02
9.9299999999999997e+00	+2.8874915215731511e+00	+1.2928424243955494e-02
9.9399999999999995e+00	+2.8917397447703723e+00	+1.2889445067460733e-02
9.9499999999999993e+00	+2.8959751663291073e+00	+1.2850622428845609e-02
9.9600000000000009e+00	+2.9001978376325490e+00	+1.2811955543095620e-02
9.9700000000000006e+00	+2.9044078098063504e+00	+1.2773443629915575e-02
9.9800000000000004e+00	+2.9086051337201706e+00	+1.2735085913696544e-02
9.9900000000000002e+00	+2.9127898599892132e+00	+1.2696881623483036e-02
1.0000000000000000e+01	+2.9169620389757500e+00	+1.2658829992940469e-02
