9.997017e+02 -4.233772e+01
9.913008e+02 -4.163292e+01
9.830400e+02 -4.079480e+01
9.749157e+02 -4.005990e+01
9.669246e+02 -3.919565e+01
9.590634e+02 -3.850497e+01
9.513290e+02 -3.771026e+01
9.437184e+02 -3.703469e+01
9.362286e+02 -3.630849e+01
9.288567e+02 -3.563565e+01
9.216000e+02 -3.497702e+01
9.144558e+02 -3.430177e+01
9.074215e+02 -3.364954e+01
9.004947e+02 -3.302100e+01
8.936727e+02 -3.240651e+01
8.869534e+02 -3.180699e+01
8.803343e+02 -3.121188e+01
8.738133e+02 -3.063645e+01
8.673882e+02 -3.007097e+01
8.610569e+02 -2.951857e+01
8.548174e+02 -2.897675e+01
8.486676e+02 -2.844451e+01
8.426057e+02 -2.792469e+01
8.366298e+02 -2.741657e+01
8.307380e+02 -2.691889e+01
8.249287e+02 -2.643035e+01
8.192000e+02 -2.595177e+01
8.135503e+02 -2.548222e+01
8.079781e+02 -2.502275e+01
8.024816e+02 -2.457136e+01
7.970595e+02 -2.412879e+01
7.917101e+02 -2.369497e+01
7.864320e+02 -2.326902e+01
7.812238e+02 -2.285188e+01
7.760842e+02 -2.244191e+01
7.710118e+02 -2.203950e+01
7.660052e+02 -2.164448e+01
7.610632e+02 -2.125701e+01
7.561846e+02 -2.087622e+01
7.513682e+02 -2.050206e+01
7.466127e+02 -2.013472e+01
7.419170e+02 -1.977375e+01
7.372800e+02 -1.941905e+01
7.327006e+02 -1.907047e+01
7.281778e+02 -1.872776e+01
7.237104e+02 -1.839088e+01
7.192976e+02 -1.805961e+01
7.149382e+02 -1.773376e+01
7.106313e+02 -1.741326e+01
7.063760e+02 -1.709799e+01
7.021714e+02 -1.678772e+01
6.980166e+02 -1.648236e+01
6.939106e+02 -1.618181e+01
6.898526e+02 -1.588591e+01
6.858419e+02 -1.559456e+01
6.818775e+02 -1.530759e+01
6.779586e+02 -1.502493e+01
6.740846e+02 -1.474646e+01
6.702545e+02 -1.447202e+01
6.664678e+02 -1.420158e+01
6.627236e+02 -1.393497e+01
6.590212e+02 -1.367211e+01
6.553600e+02 -1.341290e+01
6.517392e+02 -1.315723e+01
6.481582e+02 -1.290501e+01
6.446164e+02 -1.265614e+01
6.411130e+02 -1.241052e+01
6.376476e+02 -1.216808e+01
6.342194e+02 -1.192871e+01
6.308278e+02 -1.169232e+01
6.274723e+02 -1.145884e+01
6.241524e+02 -1.122818e+01
6.208674e+02 -1.100025e+01
6.176168e+02 -1.077497e+01
6.144000e+02 -1.055227e+01
6.112166e+02 -1.033206e+01
6.080660e+02 -1.011428e+01
6.049477e+02 -9.898838e+00
6.018612e+02 -9.685674e+00
5.988061e+02 -9.474711e+00
5.957818e+02 -9.265883e+00
5.927879e+02 -9.059122e+00
5.898240e+02 -8.854365e+00
5.868896e+02 -8.651547e+00
5.839842e+02 -8.450609e+00
5.811074e+02 -8.251493e+00
5.782588e+02 -8.054144e+00
5.754380e+02 -7.858510e+00
5.726447e+02 -7.664544e+00
5.698783e+02 -7.472202e+00
5.671385e+02 -7.281442e+00
5.644249e+02 -7.092231e+00
5.617371e+02 -6.904539e+00
5.590749e+02 -6.718342e+00
5.564377e+02 -6.533626e+00
5.538254e+02 -6.350382e+00
5.512374e+02 -6.168612e+00
5.486735e+02 -5.988330e+00
5.461333e+02 -5.809560e+00
5.436166e+02 -5.632342e+00
5.411229e+02 -5.456732e+00
5.386521e+02 -5.282803e+00
5.362036e+02 -5.110652e+00
5.337774e+02 -4.940399e+00
5.313730e+02 -4.772192e+00
5.289901e+02 -4.606211e+00
5.266286e+02 -4.442675e+00
5.242880e+02 -4.281840e+00
5.219681e+02 -4.124013e+00
5.196687e+02 -3.969552e+00
5.173895e+02 -3.818878e+00
5.151301e+02 -3.672475e+00
5.128904e+02 -3.530906e+00
5.106701e+02 -3.394815e+00
5.084690e+02 -3.264938e+00
5.062867e+02 -3.142107e+00
5.041231e+02 -3.027261e+00
5.019779e+02 -2.921448e+00
4.998508e+02 -2.825830e+00
4.977418e+02 -2.741680e+00
4.956504e+02 -2.670375e+00
4.935766e+02 -2.613389e+00
4.915200e+02 -2.572265e+00
4.894805e+02 -2.548586e+00
4.874579e+02 -2.543933e+00
4.854519e+02 -2.559828e+00
4.834623e+02 -2.597657e+00
4.814890e+02 -2.658592e+00
4.795317e+02 -2.743490e+00
4.775903e+02 -2.852794e+00
4.756645e+02 -2.986424e+00
4.737542e+02 -3.143691e+00
4.718592e+02 -3.323222e+00
4.699793e+02 -3.522922e+00
4.681143e+02 -3.739977e+00
4.662640e+02 -3.970913e+00
4.644283e+02 -4.211704e+00
4.626071e+02 -4.457924e+00
4.608000e+02 -4.704946e+00
4.590070e+02 -4.948151e+00
4.572279e+02 -5.183139e+00
4.554625e+02 -5.405925e+00
4.537108e+02 -5.613082e+00
4.519724e+02 -5.801858e+00
4.502473e+02 -5.970216e+00
4.485354e+02 -6.116843e+00
4.468364e+02 -6.241105e+00
4.451502e+02 -6.342973e+00
4.434767e+02 -6.422931e+00
4.418157e+02 -6.481871e+00
4.401672e+02 -6.520991e+00
4.385309e+02 -6.541700e+00
4.369067e+02 -6.545536e+00
4.352945e+02 -6.534087e+00
4.336941e+02 -6.508949e+00
4.321055e+02 -6.471668e+00
4.305285e+02 -6.423723e+00
4.289629e+02 -6.366493e+00
4.274087e+02 -6.301258e+00
4.258657e+02 -6.229182e+00
4.243338e+02 -6.151318e+00
4.228129e+02 -6.068608e+00
4.213029e+02 -5.981899e+00
4.198036e+02 -5.891928e+00
4.183149e+02 -5.799352e+00
4.168367e+02 -5.704744e+00
4.153690e+02 -5.608603e+00
4.139116e+02 -5.511362e+00
4.124643e+02 -5.413392e+00
4.110272e+02 -5.315021e+00
4.096000e+02 -5.216520e+00
4.081827e+02 -5.118126e+00
4.067752e+02 -5.020043e+00
4.053773e+02 -4.922437e+00
4.039890e+02 -4.825454e+00
4.026102e+02 -4.729213e+00
4.012408e+02 -4.633809e+00
3.998807e+02 -4.539329e+00
3.985297e+02 -4.445838e+00
3.971879e+02 -4.353386e+00
3.958550e+02 -4.262019e+00
3.945311e+02 -4.171768e+00
3.932160e+02 -4.082658e+00
3.919096e+02 -3.994707e+00
3.906119e+02 -3.907925e+00
3.893228e+02 -3.822314e+00
3.880421e+02 -3.737881e+00
3.867698e+02 -3.654622e+00
3.855059e+02 -3.572527e+00
3.842502e+02 -3.491594e+00
3.830026e+02 -3.411814e+00
3.817631e+02 -3.333164e+00
3.805316e+02 -3.255644e+00
3.793080e+02 -3.179227e+00
3.780923e+02 -3.103903e+00
3.768843e+02 -3.029655e+00
3.756841e+02 -2.956466e+00
3.744914e+02 -2.884321e+00
3.733063e+02 -2.813196e+00
3.721287e+02 -2.743081e+00
3.709585e+02 -2.673949e+00
3.697956e+02 -2.605787e+00
3.686400e+02 -2.538573e+00
3.674916e+02 -2.472290e+00
3.663503e+02 -2.406922e+00
3.652161e+02 -2.342461e+00
3.640889e+02 -2.278861e+00
3.629686e+02 -2.216135e+00
3.618552e+02 -2.154252e+00
3.607486e+02 -2.093185e+00
3.596488e+02 -2.032941e+00
3.585556e+02 -1.973478e+00
3.574691e+02 -1.914815e+00
3.563891e+02 -1.856908e+00
3.553157e+02 -1.799768e+00
3.542486e+02 -1.743368e+00
3.531880e+02 -1.687638e+00
3.521337e+02 -1.632639e+00
3.510857e+02 -1.578320e+00
3.500439e+02 -1.524692e+00
3.490083e+02 -1.471805e+00
3.479788e+02 -1.419388e+00
3.469553e+02 -1.367850e+00
3.459378e+02 -1.316671e+00
3.449263e+02 -1.266325e+00
3.439207e+02 -1.216457e+00
3.429209e+02 -1.167320e+00
3.419270e+02 -1.118158e+00
3.409387e+02 -1.070233e+00
3.399562e+02 -1.022785e+00
3.389793e+02 -9.761173e-01
3.380080e+02 -9.297296e-01
3.370423e+02 -8.842042e-01
3.360821e+02 -8.384792e-01
3.351273e+02 -7.932343e-01
3.341779e+02 -7.488300e-01
3.332339e+02 -7.049934e-01
3.322952e+02 -6.618683e-01
3.313618e+02 -6.184983e-01
3.304336e+02 -5.753266e-01
3.295106e+02 -5.331038e-01
3.285928e+02 -4.902187e-01
3.276800e+02 -4.524491e-01
3.267723e+02 -4.109925e-01
3.258696e+02 -3.687927e-01
3.249719e+02 -3.275988e-01
3.240791e+02 -2.953705e-01
3.231912e+02 -2.647487e-01
3.223082e+02 -2.316131e-01
3.214300e+02 -1.684233e-01
3.205565e+02 -1.267282e-01
3.196878e+02 -7.900117e-02
3.188238e+02 -5.143148e-02
3.179644e+02 -4.676527e-03
3.171097e+02 -3.557045e-02
3.162595e+02 4.044895e-02
3.154139e+02 1.182336e-01
3.145728e+02 2.083927e-01
3.137362e+02 2.274049e-01
3.129040e+02 2.168342e-01
3.120762e+02 3.424257e-01
3.112528e+02 2.147606e-01
3.104337e+02 -3.217233e-02
3.096189e+02 2.177761e-01
3.088084e+02 9.119404e-02
3.080021e+02 6.824113e-01
3.072000e+02 3.122277e-03
3.064021e+02 6.421585e-01
3.056083e+02 1.385422e-01
3.048186e+02 -2.378613e-01
3.040330e+02 -9.870429e-01
3.032514e+02 -3.064414e-01
3.024738e+02 -1.639807e-01
3.017003e+02 -1.420945e-02
3.009306e+02 -9.236428e-01
3.001649e+02 -1.223714e+00
2.994030e+02 -8.727781e-01
2.986451e+02 -2.666809e-01
2.978909e+02 -7.715238e-01
2.971406e+02 -1.620090e+00
2.963940e+02 -9.562500e-01
2.956511e+02 -1.989641e-01
2.949120e+02 -1.613344e+00
2.941766e+02 -1.787522e+00
2.934448e+02 -1.104472e+00
2.927166e+02 -7.399904e-01
2.919921e+02 -3.272594e-01
2.912711e+02 -1.998761e+00
2.905537e+02 -7.934297e-01
2.898398e+02 -1.319431e+00
2.891294e+02 -8.077963e-01
2.884225e+02 -1.172464e+00
2.877190e+02 -1.555304e+00
2.870190e+02 -6.869861e-01
2.863223e+02 -1.246663e+00
2.856291e+02 -1.005813e+00
2.849391e+02 -1.818462e+00
2.842525e+02 -6.516456e-01
2.835692e+02 -1.680052e+00
2.828892e+02 -1.003080e+00
2.822124e+02 -3.783583e-01
2.815389e+02 -1.817719e+00
2.808686e+02 -1.671394e+00
2.802014e+02 -6.168171e-01
2.795374e+02 -8.860306e-01
2.788766e+02 -1.272483e+00
2.782189e+02 -1.101321e+00
2.775642e+02 -1.406491e+00
2.769127e+02 -1.770774e+00
2.762642e+02 -3.886082e-01
2.756187e+02 -1.514717e+00
2.749762e+02 -7.013515e-01
2.743367e+02 -2.203238e+00
2.737002e+02 -3.469100e+00
2.730667e+02 -1.872430e+00
2.724360e+02 -1.417041e-01
2.718083e+02 -7.063516e-01
2.711834e+02 -4.097712e+00
2.705615e+02 -7.617311e-01
2.699423e+02 -1.013341e+00
2.693260e+02 -1.953276e+00
2.687125e+02 -2.299202e+00
2.681018e+02 -1.031207e+00
2.674939e+02 -7.826213e-01
2.668887e+02 -1.403086e+00
2.662862e+02 -9.760762e-01
2.656865e+02 -2.124285e+00
2.650894e+02 -1.023620e+00
2.644951e+02 -1.752904e+00
2.639034e+02 -3.057313e+00
2.633143e+02 -1.297641e+00
2.627278e+02 -1.780923e+00
2.621440e+02 -1.723257e+00
2.615627e+02 -2.208336e+00
2.609841e+02 -1.929525e+00
2.604079e+02 -8.349102e-01
2.598344e+02 -1.507853e+00
2.592633e+02 -1.417332e+00
2.586947e+02 -1.158884e+00
2.581287e+02 -1.346021e+00
2.575651e+02 -7.844946e-01
2.570039e+02 -2.127485e+00
2.564452e+02 -1.277609e+00
2.558889e+02 -1.328216e+00
2.553351e+02 -1.217219e+00
2.547836e+02 -1.149584e+00
2.542345e+02 2.692249e-01
2.536877e+02 -2.360714e+00
2.531433e+02 -5.950819e-01
2.526013e+02 -1.493707e+00
2.520615e+02 -1.528904e+00
2.515241e+02 -2.987342e-02
2.509889e+02 -2.728900e-01
2.504561e+02 -7.849189e-01
