1.000000e+02 -1.424484e-02 0.000000e+00 -3.677889e-16 -1.368958e-02 -5.552563e-04
1.020000e+02 -1.540051e-02 0.000000e+00 -3.903005e-16 -1.481019e-02 -5.903166e-04
1.040000e+02 -1.664014e-02 0.000000e+00 -4.137125e-16 -1.601325e-02 -6.268903e-04
1.060000e+02 -1.797005e-02 0.000000e+00 -4.380425e-16 -1.730503e-02 -6.650163e-04
1.080000e+02 -1.939710e-02 0.000000e+00 -4.633081e-16 -1.869237e-02 -7.047340e-04
1.100000e+02 -2.092881e-02 0.000000e+00 -4.895270e-16 -2.018272e-02 -7.460835e-04
1.120000e+02 -2.257335e-02 0.000000e+00 -5.167169e-16 -2.178424e-02 -7.891056e-04
1.140000e+02 -2.433970e-02 0.000000e+00 -5.448955e-16 -2.350586e-02 -8.338414e-04
1.160000e+02 -2.623767e-02 0.000000e+00 -5.740802e-16 -2.535733e-02 -8.803329e-04
1.180000e+02 -2.827802e-02 0.000000e+00 -6.042890e-16 -2.734940e-02 -9.286228e-04
1.200000e+02 -3.047261e-02 0.000000e+00 -6.355392e-16 -2.949386e-02 -9.787544e-04
1.220000e+02 -3.283445e-02 0.000000e+00 -6.678488e-16 -3.180368e-02 -1.030772e-03
1.240000e+02 -3.537790e-02 0.000000e+00 -7.012352e-16 -3.429318e-02 -1.084719e-03
1.260000e+02 -3.811883e-02 0.000000e+00 -7.357161e-16 -3.697819e-02 -1.140643e-03
1.280000e+02 -4.107478e-02 0.000000e+00 -7.713093e-16 -3.987619e-02 -1.198588e-03
1.300000e+02 -4.426520e-02 0.000000e+00 -8.080322e-16 -4.300659e-02 -1.258603e-03
1.320000e+02 -4.771168e-02 0.000000e+00 -8.459027e-16 -4.639095e-02 -1.320734e-03
1.340000e+02 -5.143826e-02 0.000000e+00 -8.849384e-16 -5.005323e-02 -1.385031e-03
1.360000e+02 -5.547173e-02 0.000000e+00 -9.251568e-16 -5.402019e-02 -1.451543e-03
1.380000e+02 -5.984205e-02 0.000000e+00 -9.665757e-16 -5.832173e-02 -1.520320e-03
1.400000e+02 -6.458274e-02 0.000000e+00 -1.009213e-15 -6.299132e-02 -1.591413e-03
1.420000e+02 -6.973146e-02 0.000000e+00 -1.053086e-15 -6.806658e-02 -1.664875e-03
1.440000e+02 -7.533058e-02 0.000000e+00 -1.098212e-15 -7.358982e-02 -1.740759e-03
1.460000e+02 -8.142792e-02 0.000000e+00 -1.144609e-15 -7.960880e-02 -1.819118e-03
1.480000e+02 -8.807756e-02 0.000000e+00 -1.192295e-15 -8.617755e-02 -1.900007e-03
1.500000e+02 -9.534087e-02 0.000000e+00 -1.241288e-15 -9.335739e-02 -1.983483e-03
1.520000e+02 -1.032877e-01 0.000000e+00 -1.291604e-15 -1.012181e-01 -2.069602e-03
1.540000e+02 -1.119977e-01 0.000000e+00 -1.343262e-15 -1.098393e-01 -2.158422e-03
1.560000e+02 -1.215623e-01 0.000000e+00 -1.396280e-15 -1.193123e-01 -2.250003e-03
1.580000e+02 -1.320862e-01 0.000000e+00 -1.450674e-15 -1.297418e-01 -2.344404e-03
1.600000e+02 -1.436906e-01 0.000000e+00 -1.506463e-15 -1.412489e-01 -2.441687e-03
1.620000e+02 -1.565154e-01 0.000000e+00 -1.563665e-15 -1.539735e-01 -2.541914e-03
1.640000e+02 -1.707235e-01 0.000000e+00 -1.622296e-15 -1.680783e-01 -2.645149e-03
1.660000e+02 -1.865049e-01 0.000000e+00 -1.682375e-15 -1.837534e-01 -2.751457e-03
1.680000e+02 -2.040826e-01 0.000000e+00 -1.743920e-15 -2.012217e-01 -2.860903e-03
1.700000e+02 -2.237192e-01 0.000000e+00 -1.806947e-15 -2.207456e-01 -2.973555e-03
1.720000e+02 -2.457259e-01 0.000000e+00 -1.871475e-15 -2.426364e-01 -3.089482e-03
1.740000e+02 -2.704732e-01 0.000000e+00 -1.937521e-15 -2.672644e-01 -3.208753e-03
1.760000e+02 -2.984050e-01 0.000000e+00 -2.005103e-15 -2.950735e-01 -3.331440e-03
1.780000e+02 -3.300563e-01 0.000000e+00 -2.074238e-15 -3.265987e-01 -3.457615e-03
1.800000e+02 -3.660767e-01 0.000000e+00 -2.144945e-15 -3.624893e-01 -3.587353e-03
1.820000e+02 -4.072597e-01 0.000000e+00 -2.217240e-15 -4.035389e-01 -3.720729e-03
1.840000e+02 -4.545832e-01 0.000000e+00 -2.291143e-15 -4.507253e-01 -3.857819e-03
1.860000e+02 -5.092618e-01 0.000000e+00 -2.366669e-15 -5.052631e-01 -3.998704e-03
1.880000e+02 -5.728185e-01 0.000000e+00 -2.443837e-15 -5.686750e-01 -4.143462e-03
1.900000e+02 -6.471810e-01 0.000000e+00 -2.522664e-15 -6.428889e-01 -4.292175e-03
1.920000e+02 -7.348169e-01 0.000000e+00 -2.603169e-15 -7.303720e-01 -4.444928e-03
1.940000e+02 -8.389215e-01 0.000000e+00 -2.685368e-15 -8.343197e-01 -4.601803e-03
1.960000e+02 -9.636862e-01 0.000000e+00 -2.769280e-15 -9.589233e-01 -4.762890e-03
1.980000e+02 -1.114689e+00 0.000000e+00 -2.854922e-15 -1.109760e+00 -4.928275e-03
2.000000e+02 -1.299468e+00 0.000000e+00 -2.942311e-15 -1.294370e+00 -5.098049e-03
2.020000e+02 -1.528394e+00 0.000000e+00 -3.031466e-15 -1.523122e+00 -5.272304e-03
2.040000e+02 -1.816008e+00 0.000000e+00 -3.122404e-15 -1.810557e+00 -5.451135e-03
2.060000e+02 -2.183145e+00 0.000000e+00 -3.215143e-15 -2.177511e+00 -5.634637e-03
2.080000e+02 -2.660379e+00 0.000000e+00 -3.309700e-15 -2.654556e+00 -5.822907e-03
2.100000e+02 -3.293782e+00 0.000000e+00 -3.406093e-15 -3.287766e+00 -6.016046e-03
2.120000e+02 -4.154818e+00 0.000000e+00 -3.504340e-15 -4.148604e+00 -6.214156e-03
2.140000e+02 -5.357813e+00 0.000000e+00 -3.604458e-15 -5.351396e+00 -6.417340e-03
2.160000e+02 -7.091314e+00 0.000000e+00 -3.706465e-15 -7.084688e+00 -6.625704e-03
2.180000e+02 -9.673853e+00 0.000000e+00 -3.810378e-15 -9.667014e+00 -6.839358e-03
2.200000e+02 -1.364387e+01 0.000000e+00 -3.916216e-15 -1.363681e+01 -7.058411e-03
2.220000e+02 -1.984411e+01 0.000000e+00 -4.023996e-15 -1.983683e+01 -7.282977e-03
2.240000e+02 -2.915265e+01 0.000000e+00 -4.133736e-15 -2.914514e+01 -7.513170e-03
2.260000e+02 -4.053174e+01 0.000000e+00 -4.245452e-15 -4.052399e+01 -7.749109e-03
2.280000e+02 -4.723383e+01 0.000000e+00 -4.359164e-15 -4.722584e+01 -7.990913e-03
2.300000e+02 -4.257880e+01 0.000000e+00 -4.474888e-15 -4.257056e+01 -8.238704e-03
2.320000e+02 -3.193092e+01 0.000000e+00 -4.592642e-15 -3.192242e+01 -8.492609e-03
2.340000e+02 -2.253111e+01 0.000000e+00 -4.712444e-15 -2.252236e+01 -8.752754e-03
2.360000e+02 -1.602239e+01 0.000000e+00 -4.834312e-15 -1.601337e+01 -9.019271e-03
2.380000e+02 -1.174403e+01 0.000000e+00 -4.958262e-15 -1.173474e+01 -9.292293e-03
2.400000e+02 -8.900802e+00 0.000000e+00 -5.084314e-15 -8.891230e+00 -9.571954e-03
2.420000e+02 -6.955137e+00 0.000000e+00 -5.212484e-15 -6.945278e+00 -9.858395e-03
2.440000e+02 -5.579909e+00 0.000000e+00 -5.342790e-15 -5.569758e+00 -1.015176e-02
2.460000e+02 -4.577839e+00 0.000000e+00 -5.475250e-15 -4.567387e+00 -1.045219e-02
2.480000e+02 -3.827564e+00 0.000000e+00 -5.609881e-15 -3.816805e+00 -1.075983e-02
2.500000e+02 -3.252283e+00 0.000000e+00 -5.746702e-15 -3.241208e+00 -1.107483e-02
2.520000e+02 -2.801928e+00 0.000000e+00 -5.885729e-15 -2.790531e+00 -1.139736e-02
2.540000e+02 -2.442924e+00 0.000000e+00 -6.026980e-15 -2.431197e+00 -1.172756e-02
2.560000e+02 -2.152164e+00 0.000000e+00 -6.170474e-15 -2.140098e+00 -1.206560e-02
2.580000e+02 -1.913362e+00 0.000000e+00 -6.316227e-15 -1.900950e+00 -1.241164e-02
2.600000e+02 -1.714794e+00 0.000000e+00 -6.464258e-15 -1.702028e+00 -1.276585e-02
2.620000e+02 -1.547857e+00 0.000000e+00 -6.614584e-15 -1.534728e+00 -1.312840e-02
2.640000e+02 -1.406126e+00 0.000000e+00 -6.767222e-15 -1.392627e+00 -1.349947e-02
2.660000e+02 -1.284731e+00 0.000000e+00 -6.922190e-15 -1.270851e+00 -1.387922e-02
2.680000e+02 -1.179922e+00 0.000000e+00 -7.079507e-15 -1.165654e+00 -1.426786e-02
2.700000e+02 -1.088778e+00 0.000000e+00 -7.239189e-15 -1.074113e+00 -1.466556e-02
2.720000e+02 -1.008999e+00 0.000000e+00 -7.401255e-15 -9.939262e-01 -1.507250e-02
2.740000e+02 -9.387470e-01 0.000000e+00 -7.565721e-15 -9.232581e-01 -1.548890e-02
2.760000e+02 -8.765464e-01 0.000000e+00 -7.732606e-15 -8.606315e-01 -1.591494e-02
2.780000e+02 -8.211972e-01 0.000000e+00 -7.901927e-15 -8.048463e-01 -1.635082e-02
2.800000e+02 -7.717166e-01 0.000000e+00 -8.073702e-15 -7.549199e-01 -1.679676e-02
2.820000e+02 -7.272938e-01 0.000000e+00 -8.247949e-15 -7.100408e-01 -1.725297e-02
2.840000e+02 -6.872542e-01 0.000000e+00 -8.424685e-15 -6.695346e-01 -1.771965e-02
2.860000e+02 -6.510337e-01 0.000000e+00 -8.603927e-15 -6.328367e-01 -1.819703e-02
2.880000e+02 -6.181568e-01 0.000000e+00 -8.785694e-15 -5.994715e-01 -1.868534e-02
2.900000e+02 -5.882209e-01 0.000000e+00 -8.970004e-15 -5.690361e-01 -1.918480e-02
2.920000e+02 -5.608831e-01 0.000000e+00 -9.156873e-15 -5.411875e-01 -1.969565e-02
2.940000e+02 -5.358497e-01 0.000000e+00 -9.346320e-15 -5.156316e-01 -2.021813e-02
2.960000e+02 -5.128681e-01 0.000000e+00 -9.538361e-15 -4.921156e-01 -2.075247e-02
2.980000e+02 -4.917201e-01 0.000000e+00 -9.733016e-15 -4.704211e-01 -2.129894e-02
3.000000e+02 -4.722162e-01 0.000000e+00 -9.930301e-15 -4.503584e-01 -2.185778e-02
3.020000e+02 -4.541914e-01 0.000000e+00 -1.013023e-14 -4.317622e-01 -2.242925e-02
3.040000e+02 -4.375014e-01 0.000000e+00 -1.033283e-14 -4.144878e-01 -2.301362e-02
3.060000e+02 -4.220194e-01 0.000000e+00 -1.053811e-14 -3.984082e-01 -2.361116e-02
3.080000e+02 -4.076338e-01 0.000000e+00 -1.074610e-14 -3.834117e-01 -2.422214e-02
3.100000e+02 -3.942460e-01 0.000000e+00 -1.095680e-14 -3.693992e-01 -2.484684e-02
3.120000e+02 -3.817686e-01 0.000000e+00 -1.117024e-14 -3.562831e-01 -2.548555e-02
3.140000e+02 -3.701239e-01 0.000000e+00 -1.138643e-14 -3.439854e-01 -2.613857e-02
3.160000e+02 -3.592427e-01 0.000000e+00 -1.160539e-14 -3.324365e-01 -2.680619e-02
3.180000e+02 -3.490629e-01 0.000000e+00 -1.182715e-14 -3.215742e-01 -2.748871e-02
3.200000e+02 -3.395293e-01 0.000000e+00 -1.205171e-14 -3.113428e-01 -2.818645e-02
3.220000e+02 -3.305919e-01 0.000000e+00 -1.227909e-14 -3.016922e-01 -2.889973e-02
3.240000e+02 -3.222060e-01 0.000000e+00 -1.250932e-14 -2.925771e-01 -2.962885e-02
3.260000e+02 -3.143310e-01 0.000000e+00 -1.274241e-14 -2.839568e-01 -3.037416e-02
3.280000e+02 -3.069305e-01 0.000000e+00 -1.297837e-14 -2.757945e-01 -3.113599e-02
3.300000e+02 -2.999713e-01 0.000000e+00 -1.321723e-14 -2.680566e-01 -3.191468e-02
3.320000e+02 -2.934234e-01 0.000000e+00 -1.345900e-14 -2.607128e-01 -3.271058e-02
3.340000e+02 -2.872594e-01 0.000000e+00 -1.370371e-14 -2.537354e-01 -3.352404e-02
3.360000e+02 -2.814545e-01 0.000000e+00 -1.395136e-14 -2.470991e-01 -3.435543e-02
3.380000e+02 -2.759860e-01 0.000000e+00 -1.420197e-14 -2.407809e-01 -3.520511e-02
3.400000e+02 -2.708331e-01 0.000000e+00 -1.445558e-14 -2.347597e-01 -3.607345e-02
3.420000e+02 -2.659770e-01 0.000000e+00 -1.471218e-14 -2.290162e-01 -3.696084e-02
3.440000e+02 -2.614002e-01 0.000000e+00 -1.497180e-14 -2.235325e-01 -3.786767e-02
3.460000e+02 -2.570868e-01 0.000000e+00 -1.523446e-14 -2.182924e-01 -3.879433e-02
3.480000e+02 -2.530221e-01 0.000000e+00 -1.550017e-14 -2.132809e-01 -3.974122e-02
3.500000e+02 -2.491927e-01 0.000000e+00 -1.576895e-14 -2.084840e-01 -4.070875e-02
3.520000e+02 -2.455862e-01 0.000000e+00 -1.604082e-14 -2.038889e-01 -4.169734e-02
3.540000e+02 -2.421912e-01 0.000000e+00 -1.631580e-14 -1.994838e-01 -4.270740e-02
3.560000e+02 -2.389971e-01 0.000000e+00 -1.659391e-14 -1.952577e-01 -4.373938e-02
3.580000e+02 -2.359942e-01 0.000000e+00 -1.687515e-14 -1.912005e-01 -4.479370e-02
3.600000e+02 -2.331735e-01 0.000000e+00 -1.715956e-14 -1.873027e-01 -4.587080e-02
3.620000e+02 -2.305267e-01 0.000000e+00 -1.744714e-14 -1.835555e-01 -4.697115e-02
3.640000e+02 -2.280460e-01 0.000000e+00 -1.773792e-14 -1.799508e-01 -4.809519e-02
3.660000e+02 -2.257244e-01 0.000000e+00 -1.803192e-14 -1.764810e-01 -4.924338e-02
3.680000e+02 -2.235551e-01 0.000000e+00 -1.832914e-14 -1.731389e-01 -5.041621e-02
3.700000e+02 -2.215322e-01 0.000000e+00 -1.862961e-14 -1.699180e-01 -5.161413e-02
3.720000e+02 -2.196498e-01 0.000000e+00 -1.893335e-14 -1.668121e-01 -5.283765e-02
3.740000e+02 -2.179026e-01 0.000000e+00 -1.924037e-14 -1.638154e-01 -5.408724e-02
3.760000e+02 -2.162858e-01 0.000000e+00 -1.955069e-14 -1.609224e-01 -5.536340e-02
3.780000e+02 -2.147948e-01 0.000000e+00 -1.986434e-14 -1.581281e-01 -5.666663e-02
3.800000e+02 -2.134252e-01 0.000000e+00 -2.018131e-14 -1.554278e-01 -5.799744e-02
3.820000e+02 -2.121733e-01 0.000000e+00 -2.050165e-14 -1.528170e-01 -5.935635e-02
3.840000e+02 -2.110352e-01 0.000000e+00 -2.082535e-14 -1.502914e-01 -6.074386e-02
3.860000e+02 -2.100076e-01 0.000000e+00 -2.115244e-14 -1.478471e-01 -6.216051e-02
3.880000e+02 -2.090873e-01 0.000000e+00 -2.148294e-14 -1.454805e-01 -6.360682e-02
3.900000e+02 -2.082713e-01 0.000000e+00 -2.181687e-14 -1.431880e-01 -6.508332e-02
3.920000e+02 -2.075568e-01 0.000000e+00 -2.215424e-14 -1.409662e-01 -6.659055e-02
3.940000e+02 -2.069413e-01 0.000000e+00 -2.249507e-14 -1.388122e-01 -6.812904e-02
3.960000e+02 -2.064223e-01 0.000000e+00 -2.283937e-14 -1.367230e-01 -6.969935e-02
3.980000e+02 -2.059977e-01 0.000000e+00 -2.318718e-14 -1.346957e-01 -7.130202e-02
4.000000e+02 -2.056654e-01 0.000000e+00 -2.353849e-14 -1.327278e-01 -7.293760e-02
4.020000e+02 -2.054235e-01 0.000000e+00 -2.389334e-14 -1.308168e-01 -7.460663e-02
4.040000e+02 -2.052700e-01 0.000000e+00 -2.425173e-14 -1.289604e-01 -7.630967e-02
4.060000e+02 -2.052035e-01 0.000000e+00 -2.461369e-14 -1.271562e-01 -7.804727e-02
4.080000e+02 -2.052222e-01 0.000000e+00 -2.497923e-14 -1.254023e-01 -7.981999e-02
4.100000e+02 -2.053249e-01 0.000000e+00 -2.534838e-14 -1.236965e-01 -8.162837e-02
4.120000e+02 -2.055100e-01 0.000000e+00 -2.572114e-14 -1.220371e-01 -8.347296e-02
4.140000e+02 -2.057764e-01 0.000000e+00 -2.609755e-14 -1.204221e-01 -8.535432e-02
4.160000e+02 -2.061229e-01 0.000000e+00 -2.647760e-14 -1.188499e-01 -8.727298e-02
4.180000e+02 -2.065484e-01 0.000000e+00 -2.686133e-14 -1.173189e-01 -8.922949e-02
4.200000e+02 -2.070519e-01 0.000000e+00 -2.724874e-14 -1.158275e-01 -9.122439e-02
4.220000e+02 -2.076325e-01 0.000000e+00 -2.763987e-14 -1.143743e-01 -9.325819e-02
4.240000e+02 -2.082892e-01 0.000000e+00 -2.803472e-14 -1.129577e-01 -9.533144e-02
4.260000e+02 -2.090212e-01 0.000000e+00 -2.843331e-14 -1.115766e-01 -9.744463e-02
4.280000e+02 -2.098278e-01 0.000000e+00 -2.883566e-14 -1.102296e-01 -9.959827e-02
4.300000e+02 -2.107083e-01 0.000000e+00 -2.924179e-14 -1.089154e-01 -1.017929e-01
4.320000e+02 -2.116619e-01 0.000000e+00 -2.965172e-14 -1.076330e-01 -1.040289e-01
4.340000e+02 -2.126881e-01 0.000000e+00 -3.006546e-14 -1.063813e-01 -1.063068e-01
4.360000e+02 -2.137861e-01 0.000000e+00 -3.048303e-14 -1.051591e-01 -1.086271e-01
4.380000e+02 -2.149556e-01 0.000000e+00 -3.090445e-14 -1.039655e-01 -1.109901e-01
4.400000e+02 -2.161958e-01 0.000000e+00 -3.132973e-14 -1.027994e-01 -1.133964e-01
4.420000e+02 -2.175063e-01 0.000000e+00 -3.175890e-14 -1.016601e-01 -1.158462e-01
4.440000e+02 -2.188865e-01 0.000000e+00 -3.219197e-14 -1.005465e-01 -1.183400e-01
4.460000e+02 -2.203360e-01 0.000000e+00 -3.262896e-14 -9.945782e-02 -1.208782e-01
4.480000e+02 -2.218543e-01 0.000000e+00 -3.306988e-14 -9.839330e-02 -1.234610e-01
4.500000e+02 -2.234409e-01 0.000000e+00 -3.351476e-14 -9.735213e-02 -1.260887e-01
4.520000e+02 -2.250953e-01 0.000000e+00 -3.396362e-14 -9.633356e-02 -1.287617e-01
4.540000e+02 -2.268170e-01 0.000000e+00 -3.441646e-14 -9.533687e-02 -1.314801e-01
4.560000e+02 -2.286056e-01 0.000000e+00 -3.487331e-14 -9.436139e-02 -1.342442e-01
4.580000e+02 -2.304605e-01 0.000000e+00 -3.533418e-14 -9.340645e-02 -1.370541e-01
4.600000e+02 -2.323813e-01 0.000000e+00 -3.579910e-14 -9.247143e-02 -1.399099e-01
4.620000e+02 -2.343675e-01 0.000000e+00 -3.626808e-14 -9.155571e-02 -1.428118e-01
4.640000e+02 -2.364184e-01 0.000000e+00 -3.674114e-14 -9.065872e-02 -1.457597e-01
4.660000e+02 -2.385336e-01 0.000000e+00 -3.721829e-14 -8.977990e-02 -1.487537e-01
4.680000e+02 -2.407123e-01 0.000000e+00 -3.769955e-14 -8.891870e-02 -1.517936e-01
4.700000e+02 -2.429541e-01 0.000000e+00 -3.818495e-14 -8.807461e-02 -1.548795e-01
4.720000e+02 -2.452582e-01 0.000000e+00 -3.867449e-14 -8.724713e-02 -1.580111e-01
4.740000e+02 -2.476240e-01 0.000000e+00 -3.916820e-14 -8.643578e-02 -1.611882e-01
4.760000e+02 -2.500506e-01 0.000000e+00 -3.966610e-14 -8.564011e-02 -1.644105e-01
4.780000e+02 -2.525373e-01 0.000000e+00 -4.016820e-14 -8.485966e-02 -1.676777e-01
4.800000e+02 -2.550833e-01 0.000000e+00 -4.067451e-14 -8.409401e-02 -1.709893e-01
4.820000e+02 -2.576876e-01 0.000000e+00 -4.118506e-14 -8.334275e-02 -1.743449e-01
4.840000e+02 -2.603494e-01 0.000000e+00 -4.169987e-14 -8.260548e-02 -1.777439e-01
4.860000e+02 -2.630675e-01 0.000000e+00 -4.221895e-14 -8.188181e-02 -1.811857e-01
4.880000e+02 -2.658409e-01 0.000000e+00 -4.274232e-14 -8.117138e-02 -1.846695e-01
4.900000e+02 -2.686685e-01 0.000000e+00 -4.327000e-14 -8.047383e-02 -1.881947e-01
4.920000e+02 -2.715490e-01 0.000000e+00 -4.380200e-14 -7.978881e-02 -1.917602e-01
4.940000e+02 -2.744812e-01 0.000000e+00 -4.433835e-14 -7.911600e-02 -1.953652e-01
4.960000e+02 -2.774637e-01 0.000000e+00 -4.487905e-14 -7.845507e-02 -1.990086e-01
4.980000e+02 -2.804950e-01 0.000000e+00 -4.542413e-14 -7.780571e-02 -2.026893e-01
5.000000e+02 -2.835736e-01 0.000000e+00 -4.597361e-14 -7.716763e-02 -2.064060e-01
5.020000e+02 -2.866979e-01 0.000000e+00 -4.652751e-14 -7.654053e-02 -2.101574e-01
5.040000e+02 -2.898662e-01 0.000000e+00 -4.708583e-14 -7.592413e-02 -2.139421e-01
5.060000e+02 -2.930767e-01 0.000000e+00 -4.764860e-14 -7.531817e-02 -2.177586e-01
5.080000e+02 -2.963275e-01 0.000000e+00 -4.821584e-14 -7.472238e-02 -2.216052e-01
5.100000e+02 -2.996167e-01 0.000000e+00 -4.878757e-14 -7.413651e-02 -2.254802e-01
5.120000e+02 -3.029421e-01 0.000000e+00 -4.936379e-14 -7.356032e-02 -2.293817e-01
5.140000e+02 -3.063016e-01 0.000000e+00 -4.994454e-14 -7.299356e-02 -2.333080e-01
5.160000e+02 -3.096929e-01 0.000000e+00 -5.052982e-14 -7.243602e-02 -2.372569e-01
5.180000e+02 -3.131137e-01 0.000000e+00 -5.111965e-14 -7.188746e-02 -2.412262e-01
5.200000e+02 -3.165615e-01 0.000000e+00 -5.171406e-14 -7.134767e-02 -2.452139e-01
5.220000e+02 -3.200338e-01 0.000000e+00 -5.231306e-14 -7.081644e-02 -2.492174e-01
5.240000e+02 -3.235280e-01 0.000000e+00 -5.291667e-14 -7.029358e-02 -2.532344e-01
5.260000e+02 -3.270412e-01 0.000000e+00 -5.352490e-14 -6.977888e-02 -2.572624e-01
5.280000e+02 -3.305707e-01 0.000000e+00 -5.413777e-14 -6.927215e-02 -2.612986e-01
5.300000e+02 -3.341136e-01 0.000000e+00 -5.475531e-14 -6.877322e-02 -2.653404e-01
5.320000e+02 -3.376668e-01 0.000000e+00 -5.537752e-14 -6.828190e-02 -2.693849e-01
5.340000e+02 -3.412272e-01 0.000000e+00 -5.600443e-14 -6.779802e-02 -2.734292e-01
5.360000e+02 -3.447918e-01 0.000000e+00 -5.663606e-14 -6.732141e-02 -2.774704e-01
5.380000e+02 -3.483572e-01 0.000000e+00 -5.727241e-14 -6.685191e-02 -2.815053e-01
5.400000e+02 -3.519201e-01 0.000000e+00 -5.791351e-14 -6.638936e-02 -2.855307e-01
5.420000e+02 -3.554772e-01 0.000000e+00 -5.855938e-14 -6.593361e-02 -2.895436e-01
5.440000e+02 -3.590250e-01 0.000000e+00 -5.921004e-14 -6.548450e-02 -2.935405e-01
5.460000e+02 -3.625600e-01 0.000000e+00 -5.986549e-14 -6.504190e-02 -2.975181e-01
5.480000e+02 -3.660786e-01 0.000000e+00 -6.052577e-14 -6.460566e-02 -3.014730e-01
5.500000e+02 -3.695774e-01 0.000000e+00 -6.119088e-14 -6.417565e-02 -3.054018e-01
5.520000e+02 -3.730526e-01 0.000000e+00 -6.186085e-14 -6.375172e-02 -3.093009e-01
5.540000e+02 -3.765007e-01 0.000000e+00 -6.253569e-14 -6.333376e-02 -3.131670e-01
5.560000e+02 -3.799180e-01 0.000000e+00 -6.321542e-14 -6.292164e-02 -3.169963e-01
5.580000e+02 -3.833007e-01 0.000000e+00 -6.390005e-14 -6.251523e-02 -3.207855e-01
5.600000e+02 -3.866453e-01 0.000000e+00 -6.458962e-14 -6.211442e-02 -3.245309e-01
5.620000e+02 -3.899481e-01 0.000000e+00 -6.528412e-14 -6.171909e-02 -3.282290e-01
5.640000e+02 -3.932054e-01 0.000000e+00 -6.598359e-14 -6.132913e-02 -3.318762e-01
5.660000e+02 -3.964136e-01 0.000000e+00 -6.668804e-14 -6.094442e-02 -3.354692e-01
5.680000e+02 -3.995692e-01 0.000000e+00 -6.739748e-14 -6.056487e-02 -3.390043e-01
5.700000e+02 -4.026686e-01 0.000000e+00 -6.811193e-14 -6.019037e-02 -3.424782e-01
5.720000e+02 -4.057084e-01 0.000000e+00 -6.883142e-14 -5.982081e-02 -3.458876e-01
5.740000e+02 -4.086851e-01 0.000000e+00 -6.955595e-14 -5.945610e-02 -3.492290e-01
5.760000e+02 -4.115955e-01 0.000000e+00 -7.028556e-14 -5.909615e-02 -3.524994e-01
5.780000e+02 -4.144363e-01 0.000000e+00 -7.102024e-14 -5.874086e-02 -3.556954e-01
5.800000e+02 -4.172044e-01 0.000000e+00 -7.176003e-14 -5.839013e-02 -3.588142e-01
5.820000e+02 -4.198966e-01 0.000000e+00 -7.250494e-14 -5.804389e-02 -3.618528e-01
5.840000e+02 -4.225102e-01 0.000000e+00 -7.325498e-14 -5.770204e-02 -3.648082e-01
5.860000e+02 -4.250423e-01 0.000000e+00 -7.401018e-14 -5.736450e-02 -3.676778e-01
5.880000e+02 -4.274903e-01 0.000000e+00 -7.477056e-14 -5.703119e-02 -3.704591e-01
5.900000e+02 -4.298515e-01 0.000000e+00 -7.553612e-14 -5.670203e-02 -3.731495e-01
5.920000e+02 -4.321237e-01 0.000000e+00 -7.630689e-14 -5.637694e-02 -3.757468e-01
5.940000e+02 -4.343046e-01 0.000000e+00 -7.708289e-14 -5.605585e-02 -3.782487e-01
5.960000e+02 -4.363921e-01 0.000000e+00 -7.786413e-14 -5.573867e-02 -3.806534e-01
5.980000e+02 -4.383842e-01 0.000000e+00 -7.865063e-14 -5.542534e-02 -3.829589e-01
6.000000e+02 -4.402793e-01 0.000000e+00 -7.944241e-14 -5.511580e-02 -3.851635e-01
6.020000e+02 -4.420758e-01 0.000000e+00 -8.023948e-14 -5.480996e-02 -3.872659e-01
6.040000e+02 -4.437723e-01 0.000000e+00 -8.104187e-14 -5.450776e-02 -3.892645e-01
6.060000e+02 -4.453674e-01 0.000000e+00 -8.184959e-14 -5.420913e-02 -3.911583e-01
6.080000e+02 -4.468603e-01 0.000000e+00 -8.266266e-14 -5.391402e-02 -3.929463e-01
6.100000e+02 -4.482500e-01 0.000000e+00 -8.348110e-14 -5.362236e-02 -3.946276e-01
6.120000e+02 -4.495358e-01 0.000000e+00 -8.430492e-14 -5.333409e-02 -3.962017e-01
6.140000e+02 -4.507172e-01 0.000000e+00 -8.513414e-14 -5.304914e-02 -3.976680e-01
6.160000e+02 -4.517939e-01 0.000000e+00 -8.596878e-14 -5.276747e-02 -3.990264e-01
6.180000e+02 -4.527657e-01 0.000000e+00 -8.680886e-14 -5.248901e-02 -4.002767e-01
6.200000e+02 -4.536326e-01 0.000000e+00 -8.765440e-14 -5.221371e-02 -4.014189e-01
6.220000e+02 -4.543949e-01 0.000000e+00 -8.850540e-14 -5.194151e-02 -4.024534e-01
6.240000e+02 -4.550529e-01 0.000000e+00 -8.936190e-14 -5.167236e-02 -4.033805e-01
6.260000e+02 -4.556070e-01 0.000000e+00 -9.022391e-14 -5.140621e-02 -4.042008e-01
6.280000e+02 -4.560580e-01 0.000000e+00 -9.109144e-14 -5.114301e-02 -4.049150e-01
6.300000e+02 -4.564067e-01 0.000000e+00 -9.196451e-14 -5.088271e-02 -4.055240e-01
6.320000e+02 -4.566540e-01 0.000000e+00 -9.284315e-14 -5.062525e-02 -4.060288e-01
6.340000e+02 -4.568012e-01 0.000000e+00 -9.372736e-14 -5.037060e-02 -4.064306e-01
6.360000e+02 -4.568494e-01 0.000000e+00 -9.461718e-14 -5.011871e-02 -4.067307e-01
6.380000e+02 -4.567999e-01 0.000000e+00 -9.551260e-14 -4.986952e-02 -4.069304e-01
6.400000e+02 -4.566544e-01 0.000000e+00 -9.641366e-14 -4.962300e-02 -4.070314e-01
6.420000e+02 -4.564144e-01 0.000000e+00 -9.732036e-14 -4.937911e-02 -4.070353e-01
6.440000e+02 -4.560816e-01 0.000000e+00 -9.823273e-14 -4.913779e-02 -4.069438e-01
6.460000e+02 -4.556579e-01 0.000000e+00 -9.915079e-14 -4.889901e-02 -4.067589e-01
6.480000e+02 -4.551451e-01 0.000000e+00 -1.000746e-13 -4.866274e-02 -4.064824e-01
6.500000e+02 -4.545452e-01 0.000000e+00 -1.010040e-13 -4.842892e-02 -4.061163e-01
6.520000e+02 -4.538604e-01 0.000000e+00 -1.019392e-13 -4.819751e-02 -4.056629e-01
6.540000e+02 -4.530926e-01 0.000000e+00 -1.028802e-13 -4.796849e-02 -4.051242e-01
6.560000e+02 -4.522442e-01 0.000000e+00 -1.038270e-13 -4.774182e-02 -4.045024e-01
6.580000e+02 -4.513174e-01 0.000000e+00 -1.047795e-13 -4.751745e-02 -4.037999e-01
6.600000e+02 -4.503144e-01 0.000000e+00 -1.057378e-13 -4.729535e-02 -4.030191e-01
6.620000e+02 -4.492376e-01 0.000000e+00 -1.067020e-13 -4.707549e-02 -4.021621e-01
6.640000e+02 -4.480893e-01 0.000000e+00 -1.076720e-13 -4.685783e-02 -4.012315e-01
6.660000e+02 -4.468720e-01 0.000000e+00 -1.086479e-13 -4.664234e-02 -4.002297e-01
6.680000e+02 -4.455880e-01 0.000000e+00 -1.096296e-13 -4.642899e-02 -3.991590e-01
6.700000e+02 -4.442397e-01 0.000000e+00 -1.106173e-13 -4.621773e-02 -3.980220e-01
6.720000e+02 -4.428297e-01 0.000000e+00 -1.116109e-13 -4.600855e-02 -3.968211e-01
6.740000e+02 -4.413602e-01 0.000000e+00 -1.126104e-13 -4.580141e-02 -3.955587e-01
6.760000e+02 -4.398337e-01 0.000000e+00 -1.136158e-13 -4.559628e-02 -3.942374e-01
6.780000e+02 -4.382526e-01 0.000000e+00 -1.146272e-13 -4.539313e-02 -3.928594e-01
6.800000e+02 -4.366193e-01 0.000000e+00 -1.156446e-13 -4.519193e-02 -3.914274e-01
6.820000e+02 -4.349362e-01 0.000000e+00 -1.166680e-13 -4.499265e-02 -3.899435e-01
6.840000e+02 -4.332056e-01 0.000000e+00 -1.176974e-13 -4.479527e-02 -3.884103e-01
6.860000e+02 -4.314299e-01 0.000000e+00 -1.187329e-13 -4.459975e-02 -3.868301e-01
6.880000e+02 -4.296113e-01 0.000000e+00 -1.197744e-13 -4.440607e-02 -3.852052e-01
6.900000e+02 -4.277521e-01 0.000000e+00 -1.208220e-13 -4.421420e-02 -3.835379e-01
6.920000e+02 -4.258545e-01 0.000000e+00 -1.218756e-13 -4.402413e-02 -3.818304e-01
6.940000e+02 -4.239208e-01 0.000000e+00 -1.229354e-13 -4.383581e-02 -3.800850e-01
6.960000e+02 -4.219530e-01 0.000000e+00 -1.240013e-13 -4.364923e-02 -3.783037e-01
6.980000e+02 -4.199532e-01 0.000000e+00 -1.250734e-13 -4.346436e-02 -3.764888e-01
7.000000e+02 -4.179235e-01 0.000000e+00 -1.261516e-13 -4.328118e-02 -3.746423e-01
7.020000e+02 -4.158659e-01 0.000000e+00 -1.272360e-13 -4.309966e-02 -3.727662e-01
7.040000e+02 -4.137823e-01 0.000000e+00 -1.283266e-13 -4.291979e-02 -3.708625e-01
7.060000e+02 -4.116747e-01 0.000000e+00 -1.294234e-13 -4.274153e-02 -3.689332e-01
7.080000e+02 -4.095449e-01 0.000000e+00 -1.305264e-13 -4.256487e-02 -3.669800e-01
7.100000e+02 -4.073947e-01 0.000000e+00 -1.316357e-13 -4.238978e-02 -3.650049e-01
7.120000e+02 -4.052258e-01 0.000000e+00 -1.327512e-13 -4.221625e-02 -3.630095e-01
7.140000e+02 -4.030400e-01 0.000000e+00 -1.338731e-13 -4.204425e-02 -3.609957e-01
7.160000e+02 -4.008388e-01 0.000000e+00 -1.350012e-13 -4.187376e-02 -3.589650e-01
7.180000e+02 -3.986239e-01 0.000000e+00 -1.361357e-13 -4.170475e-02 -3.569191e-01
7.200000e+02 -3.963968e-01 0.000000e+00 -1.372765e-13 -4.153722e-02 -3.548595e-01
7.220000e+02 -3.941589e-01 0.000000e+00 -1.384236e-13 -4.137114e-02 -3.527878e-01
7.240000e+02 -3.919118e-01 0.000000e+00 -1.395772e-13 -4.120649e-02 -3.507053e-01
7.260000e+02 -3.896568e-01 0.000000e+00 -1.407371e-13 -4.104325e-02 -3.486135e-01
7.280000e+02 -3.873951e-01 0.000000e+00 -1.419034e-13 -4.088141e-02 -3.465137e-01
7.300000e+02 -3.851281e-01 0.000000e+00 -1.430761e-13 -4.072094e-02 -3.444072e-01
7.320000e+02 -3.828571e-01 0.000000e+00 -1.442553e-13 -4.056183e-02 -3.422953e-01
7.340000e+02 -3.805831e-01 0.000000e+00 -1.454410e-13 -4.040406e-02 -3.401790e-01
7.360000e+02 -3.783073e-01 0.000000e+00 -1.466331e-13 -4.024761e-02 -3.380597e-01
7.380000e+02 -3.760308e-01 0.000000e+00 -1.478318e-13 -4.009247e-02 -3.359383e-01
7.400000e+02 -3.737546e-01 0.000000e+00 -1.490369e-13 -3.993862e-02 -3.338160e-01
7.420000e+02 -3.714797e-01 0.000000e+00 -1.502486e-13 -3.978603e-02 -3.316937e-01
7.440000e+02 -3.692070e-01 0.000000e+00 -1.514668e-13 -3.963471e-02 -3.295723e-01
7.460000e+02 -3.669375e-01 0.000000e+00 -1.526916e-13 -3.948462e-02 -3.274528e-01
7.480000e+02 -3.646719e-01 0.000000e+00 -1.539230e-13 -3.933576e-02 -3.253361e-01
7.500000e+02 -3.624111e-01 0.000000e+00 -1.551609e-13 -3.918811e-02 -3.232230e-01
7.520000e+02 -3.601559e-01 0.000000e+00 -1.564055e-13 -3.904165e-02 -3.211142e-01
7.540000e+02 -3.579070e-01 0.000000e+00 -1.576568e-13 -3.889637e-02 -3.190106e-01
7.560000e+02 -3.556650e-01 0.000000e+00 -1.589147e-13 -3.875226e-02 -3.169128e-01
7.580000e+02 -3.534308e-01 0.000000e+00 -1.601792e-13 -3.860929e-02 -3.148215e-01
7.600000e+02 -3.512047e-01 0.000000e+00 -1.614505e-13 -3.846746e-02 -3.127373e-01
7.620000e+02 -3.489876e-01 0.000000e+00 -1.627285e-13 -3.832676e-02 -3.106608e-01
7.640000e+02 -3.467799e-01 0.000000e+00 -1.640132e-13 -3.818716e-02 -3.085927e-01
7.660000e+02 -3.445821e-01 0.000000e+00 -1.653046e-13 -3.804865e-02 -3.065334e-01
7.680000e+02 -3.423947e-01 0.000000e+00 -1.666028e-13 -3.791123e-02 -3.044834e-01
7.700000e+02 -3.402182e-01 0.000000e+00 -1.679078e-13 -3.777488e-02 -3.024433e-01
7.720000e+02 -3.380530e-01 0.000000e+00 -1.692195e-13 -3.763958e-02 -3.004134e-01
7.740000e+02 -3.358996e-01 0.000000e+00 -1.705381e-13 -3.750533e-02 -2.983942e-01
7.760000e+02 -3.337582e-01 0.000000e+00 -1.718636e-13 -3.737210e-02 -2.963861e-01
7.780000e+02 -3.316293e-01 0.000000e+00 -1.731958e-13 -3.723990e-02 -2.943894e-01
7.800000e+02 -3.295132e-01 0.000000e+00 -1.745350e-13 -3.710870e-02 -2.924045e-01
7.820000e+02 -3.274102e-01 0.000000e+00 -1.758810e-13 -3.697850e-02 -2.904317e-01
7.840000e+02 -3.253205e-01 0.000000e+00 -1.772339e-13 -3.684928e-02 -2.884712e-01
7.860000e+02 -3.232444e-01 0.000000e+00 -1.785938e-13 -3.672103e-02 -2.865234e-01
7.880000e+02 -3.211822e-01 0.000000e+00 -1.799605e-13 -3.659374e-02 -2.845885e-01
7.900000e+02 -3.191341e-01 0.000000e+00 -1.813343e-13 -3.646740e-02 -2.826667e-01
7.920000e+02 -3.171003e-01 0.000000e+00 -1.827150e-13 -3.634200e-02 -2.807583e-01
7.940000e+02 -3.150809e-01 0.000000e+00 -1.841027e-13 -3.621753e-02 -2.788634e-01
7.960000e+02 -3.130761e-01 0.000000e+00 -1.854974e-13 -3.609397e-02 -2.769822e-01
7.980000e+02 -3.110861e-01 0.000000e+00 -1.868991e-13 -3.597132e-02 -2.751148e-01
8.000000e+02 -3.091110e-01 0.000000e+00 -1.883079e-13 -3.584957e-02 -2.732614e-01
8.020000e+02 -3.071509e-01 0.000000e+00 -1.897238e-13 -3.572870e-02 -2.714222e-01
8.040000e+02 -3.052059e-01 0.000000e+00 -1.911467e-13 -3.560871e-02 -2.695972e-01
8.060000e+02 -3.032761e-01 0.000000e+00 -1.925767e-13 -3.548958e-02 -2.677865e-01
8.080000e+02 -3.013616e-01 0.000000e+00 -1.940138e-13 -3.537132e-02 -2.659903e-01
8.100000e+02 -2.994624e-01 0.000000e+00 -1.954581e-13 -3.525390e-02 -2.642085e-01
8.120000e+02 -2.975785e-01 0.000000e+00 -1.969095e-13 -3.513731e-02 -2.624412e-01
8.140000e+02 -2.957101e-01 0.000000e+00 -1.983681e-13 -3.502156e-02 -2.606886e-01
8.160000e+02 -2.938572e-01 0.000000e+00 -1.998339e-13 -3.490662e-02 -2.589505e-01
8.180000e+02 -2.920197e-01 0.000000e+00 -2.013068e-13 -3.479250e-02 -2.572272e-01
8.200000e+02 -2.901976e-01 0.000000e+00 -2.027870e-13 -3.467918e-02 -2.555184e-01
8.220000e+02 -2.883910e-01 0.000000e+00 -2.042745e-13 -3.456665e-02 -2.538244e-01
8.240000e+02 -2.865999e-01 0.000000e+00 -2.057692e-13 -3.445490e-02 -2.521450e-01
8.260000e+02 -2.848242e-01 0.000000e+00 -2.072711e-13 -3.434393e-02 -2.504803e-01
8.280000e+02 -2.830640e-01 0.000000e+00 -2.087804e-13 -3.423373e-02 -2.488302e-01
8.300000e+02 -2.813191e-01 0.000000e+00 -2.102969e-13 -3.412429e-02 -2.471948e-01
8.320000e+02 -2.795895e-01 0.000000e+00 -2.118208e-13 -3.401560e-02 -2.455739e-01
8.340000e+02 -2.778752e-01 0.000000e+00 -2.133520e-13 -3.390765e-02 -2.439676e-01
8.360000e+02 -2.761762e-01 0.000000e+00 -2.148906e-13 -3.380044e-02 -2.423758e-01
8.380000e+02 -2.744924e-01 0.000000e+00 -2.164366e-13 -3.369395e-02 -2.407984e-01
8.400000e+02 -2.728236e-01 0.000000e+00 -2.179900e-13 -3.358819e-02 -2.392354e-01
8.420000e+02 -2.711699e-01 0.000000e+00 -2.195507e-13 -3.348313e-02 -2.376868e-01
8.440000e+02 -2.695312e-01 0.000000e+00 -2.211190e-13 -3.337879e-02 -2.361524e-01
8.460000e+02 -2.679074e-01 0.000000e+00 -2.226946e-13 -3.327514e-02 -2.346323e-01
8.480000e+02 -2.662984e-01 0.000000e+00 -2.242777e-13 -3.317218e-02 -2.331262e-01
8.500000e+02 -2.647041e-01 0.000000e+00 -2.258684e-13 -3.306990e-02 -2.316342e-01
8.520000e+02 -2.631245e-01 0.000000e+00 -2.274665e-13 -3.296830e-02 -2.301562e-01
8.540000e+02 -2.615594e-01 0.000000e+00 -2.290721e-13 -3.286737e-02 -2.286920e-01
8.560000e+02 -2.600088e-01 0.000000e+00 -2.306853e-13 -3.276711e-02 -2.272417e-01
8.580000e+02 -2.584725e-01 0.000000e+00 -2.323060e-13 -3.266750e-02 -2.258050e-01
8.600000e+02 -2.569505e-01 0.000000e+00 -2.339343e-13 -3.256853e-02 -2.243819e-01
8.620000e+02 -2.554426e-01 0.000000e+00 -2.355702e-13 -3.247021e-02 -2.229724e-01
8.640000e+02 -2.539488e-01 0.000000e+00 -2.372138e-13 -3.237253e-02 -2.215762e-01
8.660000e+02 -2.524689e-01 0.000000e+00 -2.388649e-13 -3.227548e-02 -2.201934e-01
8.680000e+02 -2.510028e-01 0.000000e+00 -2.405237e-13 -3.217905e-02 -2.188238e-01
8.700000e+02 -2.495505e-01 0.000000e+00 -2.421901e-13 -3.208324e-02 -2.174673e-01
8.720000e+02 -2.481118e-01 0.000000e+00 -2.438642e-13 -3.198804e-02 -2.161237e-01
8.740000e+02 -2.466865e-01 0.000000e+00 -2.455460e-13 -3.189344e-02 -2.147931e-01
8.760000e+02 -2.452747e-01 0.000000e+00 -2.472356e-13 -3.179944e-02 -2.134752e-01
8.780000e+02 -2.438761e-01 0.000000e+00 -2.489328e-13 -3.170604e-02 -2.121700e-01
8.800000e+02 -2.424906e-01 0.000000e+00 -2.506378e-13 -3.161322e-02 -2.108774e-01
8.820000e+02 -2.411182e-01 0.000000e+00 -2.523506e-13 -3.152099e-02 -2.095973e-01
8.840000e+02 -2.397587e-01 0.000000e+00 -2.540712e-13 -3.142933e-02 -2.083294e-01
8.860000e+02 -2.384120e-01 0.000000e+00 -2.557996e-13 -3.133824e-02 -2.070738e-01
8.880000e+02 -2.370780e-01 0.000000e+00 -2.575358e-13 -3.124772e-02 -2.058303e-01
8.900000e+02 -2.357566e-01 0.000000e+00 -2.592798e-13 -3.115776e-02 -2.045988e-01
8.920000e+02 -2.344475e-01 0.000000e+00 -2.610317e-13 -3.106835e-02 -2.033792e-01
8.940000e+02 -2.331508e-01 0.000000e+00 -2.627914e-13 -3.097949e-02 -2.021713e-01
8.960000e+02 -2.318663e-01 0.000000e+00 -2.645591e-13 -3.089118e-02 -2.009752e-01
8.980000e+02 -2.305939e-01 0.000000e+00 -2.663346e-13 -3.080340e-02 -1.997905e-01
9.000000e+02 -2.293334e-01 0.000000e+00 -2.681181e-13 -3.071616e-02 -1.986173e-01
9.020000e+02 -2.280848e-01 0.000000e+00 -2.699095e-13 -3.062944e-02 -1.974554e-01
9.040000e+02 -2.268479e-01 0.000000e+00 -2.717089e-13 -3.054325e-02 -1.963047e-01
9.060000e+02 -2.256226e-01 0.000000e+00 -2.735163e-13 -3.045758e-02 -1.951651e-01
9.080000e+02 -2.244088e-01 0.000000e+00 -2.753317e-13 -3.037242e-02 -1.940364e-01
9.100000e+02 -2.232064e-01 0.000000e+00 -2.771551e-13 -3.028777e-02 -1.929186e-01
9.120000e+02 -2.220152e-01 0.000000e+00 -2.789865e-13 -3.020362e-02 -1.918116e-01
9.140000e+02 -2.208351e-01 0.000000e+00 -2.808259e-13 -3.011997e-02 -1.907152e-01
9.160000e+02 -2.196661e-01 0.000000e+00 -2.826735e-13 -3.003682e-02 -1.896293e-01
9.180000e+02 -2.185080e-01 0.000000e+00 -2.845291e-13 -2.995416e-02 -1.885538e-01
9.200000e+02 -2.173606e-01 0.000000e+00 -2.863928e-13 -2.987199e-02 -1.874887e-01
9.220000e+02 -2.162240e-01 0.000000e+00 -2.882647e-13 -2.979029e-02 -1.864337e-01
9.240000e+02 -2.150979e-01 0.000000e+00 -2.901446e-13 -2.970908e-02 -1.853888e-01
9.260000e+02 -2.139822e-01 0.000000e+00 -2.920328e-13 -2.962834e-02 -1.843538e-01
9.280000e+02 -2.128769e-01 0.000000e+00 -2.939291e-13 -2.954806e-02 -1.833288e-01
9.300000e+02 -2.117817e-01 0.000000e+00 -2.958336e-13 -2.946825e-02 -1.823135e-01
9.320000e+02 -2.106967e-01 0.000000e+00 -2.977463e-13 -2.938890e-02 -1.813078e-01
9.340000e+02 -2.096217e-01 0.000000e+00 -2.996672e-13 -2.931001e-02 -1.803117e-01
9.360000e+02 -2.085566e-01 0.000000e+00 -3.015964e-13 -2.923157e-02 -1.793251e-01
9.380000e+02 -2.075013e-01 0.000000e+00 -3.035339e-13 -2.915357e-02 -1.783477e-01
9.400000e+02 -2.064557e-01 0.000000e+00 -3.054796e-13 -2.907602e-02 -1.773796e-01
9.420000e+02 -2.054196e-01 0.000000e+00 -3.074336e-13 -2.899891e-02 -1.764207e-01
9.440000e+02 -2.043930e-01 0.000000e+00 -3.093959e-13 -2.892224e-02 -1.754707e-01
9.460000e+02 -2.033757e-01 0.000000e+00 -3.113666e-13 -2.884600e-02 -1.745297e-01
9.480000e+02 -2.023677e-01 0.000000e+00 -3.133456e-13 -2.877018e-02 -1.735976e-01
9.500000e+02 -2.013689e-01 0.000000e+00 -3.153330e-13 -2.869480e-02 -1.726741e-01
9.520000e+02 -2.003791e-01 0.000000e+00 -3.173288e-13 -2.861983e-02 -1.717593e-01
9.540000e+02 -1.993983e-01 0.000000e+00 -3.193330e-13 -2.854528e-02 -1.708530e-01
9.560000e+02 -1.984263e-01 0.000000e+00 -3.213456e-13 -2.847115e-02 -1.699552e-01
9.580000e+02 -1.974631e-01 0.000000e+00 -3.233666e-13 -2.839742e-02 -1.690657e-01
9.600000e+02 -1.965085e-01 0.000000e+00 -3.253961e-13 -2.832410e-02 -1.681844e-01
9.620000e+02 -1.955625e-01 0.000000e+00 -3.274341e-13 -2.825119e-02 -1.673113e-01
9.640000e+02 -1.946250e-01 0.000000e+00 -3.294805e-13 -2.817868e-02 -1.664463e-01
9.660000e+02 -1.936958e-01 0.000000e+00 -3.315355e-13 -2.810656e-02 -1.655892e-01
9.680000e+02 -1.927749e-01 0.000000e+00 -3.335990e-13 -2.803483e-02 -1.647401e-01
9.700000e+02 -1.918622e-01 0.000000e+00 -3.356710e-13 -2.796350e-02 -1.638987e-01
9.720000e+02 -1.909576e-01 0.000000e+00 -3.377516e-13 -2.789255e-02 -1.630650e-01
9.740000e+02 -1.900609e-01 0.000000e+00 -3.398408e-13 -2.782198e-02 -1.622389e-01
9.760000e+02 -1.891722e-01 0.000000e+00 -3.419386e-13 -2.775180e-02 -1.614204e-01
9.780000e+02 -1.882913e-01 0.000000e+00 -3.440450e-13 -2.768199e-02 -1.606093e-01
9.800000e+02 -1.874182e-01 0.000000e+00 -3.461600e-13 -2.761256e-02 -1.598056e-01
9.820000e+02 -1.865526e-01 0.000000e+00 -3.482837e-13 -2.754349e-02 -1.590091e-01
9.840000e+02 -1.856947e-01 0.000000e+00 -3.504160e-13 -2.747479e-02 -1.582199e-01
9.860000e+02 -1.848442e-01 0.000000e+00 -3.525570e-13 -2.740646e-02 -1.574377e-01
9.880000e+02 -1.840011e-01 0.000000e+00 -3.547068e-13 -2.733849e-02 -1.566626e-01
9.900000e+02 -1.831653e-01 0.000000e+00 -3.568652e-13 -2.727088e-02 -1.558945e-01
9.920000e+02 -1.823368e-01 0.000000e+00 -3.590324e-13 -2.720362e-02 -1.551332e-01
9.940000e+02 -1.815154e-01 0.000000e+00 -3.612084e-13 -2.713672e-02 -1.543787e-01
9.960000e+02 -1.807010e-01 0.000000e+00 -3.633931e-13 -2.707017e-02 -1.536309e-01
9.980000e+02 -1.798937e-01 0.000000e+00 -3.655866e-13 -2.700396e-02 -1.528897e-01
1.000000e+03 -1.790932e-01 0.000000e+00 -3.677889e-13 -2.693810e-02 -1.521551e-01
1.002000e+03 -1.782996e-01 0.000000e+00 -3.700001e-13 -2.687258e-02 -1.514270e-01
1.004000e+03 -1.775127e-01 0.000000e+00 -3.722201e-13 -2.680740e-02 -1.507053e-01
1.006000e+03 -1.767326e-01 0.000000e+00 -3.744489e-13 -2.674255e-02 -1.499900e-01
1.008000e+03 -1.759590e-01 0.000000e+00 -3.766867e-13 -2.667804e-02 -1.492809e-01
1.010000e+03 -1.751919e-01 0.000000e+00 -3.789333e-13 -2.661385e-02 -1.485781e-01
1.012000e+03 -1.744313e-01 0.000000e+00 -3.811888e-13 -2.655000e-02 -1.478813e-01
1.014000e+03 -1.736771e-01 0.000000e+00 -3.834533e-13 -2.648647e-02 -1.471907e-01
1.016000e+03 -1.729292e-01 0.000000e+00 -3.857267e-13 -2.642326e-02 -1.465060e-01
1.018000e+03 -1.721876e-01 0.000000e+00 -3.880091e-13 -2.636038e-02 -1.458272e-01
1.020000e+03 -1.714521e-01 0.000000e+00 -3.903005e-13 -2.629781e-02 -1.451543e-01
1.022000e+03 -1.707227e-01 0.000000e+00 -3.926009e-13 -2.623556e-02 -1.444872e-01
1.024000e+03 -1.699994e-01 0.000000e+00 -3.949103e-13 -2.617362e-02 -1.438258e-01
1.026000e+03 -1.692820e-01 0.000000e+00 -3.972288e-13 -2.611199e-02 -1.431700e-01
1.028000e+03 -1.685706e-01 0.000000e+00 -3.995563e-13 -2.605066e-02 -1.425199e-01
1.030000e+03 -1.678650e-01 0.000000e+00 -4.018929e-13 -2.598965e-02 -1.418753e-01
1.032000e+03 -1.671651e-01 0.000000e+00 -4.042385e-13 -2.592894e-02 -1.412362e-01
1.034000e+03 -1.664710e-01 0.000000e+00 -4.065933e-13 -2.586852e-02 -1.406025e-01
1.036000e+03 -1.657825e-01 0.000000e+00 -4.089572e-13 -2.580841e-02 -1.399741e-01
1.038000e+03 -1.650996e-01 0.000000e+00 -4.113303e-13 -2.574859e-02 -1.393510e-01
1.040000e+03 -1.644223e-01 0.000000e+00 -4.137125e-13 -2.568907e-02 -1.387332e-01
1.042000e+03 -1.637504e-01 0.000000e+00 -4.161039e-13 -2.562984e-02 -1.381205e-01
1.044000e+03 -1.630839e-01 0.000000e+00 -4.185045e-13 -2.557089e-02 -1.375130e-01
1.046000e+03 -1.624227e-01 0.000000e+00 -4.209143e-13 -2.551224e-02 -1.369105e-01
1.048000e+03 -1.617669e-01 0.000000e+00 -4.233333e-13 -2.545387e-02 -1.363130e-01
1.050000e+03 -1.611162e-01 0.000000e+00 -4.257616e-13 -2.539578e-02 -1.357205e-01
1.052000e+03 -1.604708e-01 0.000000e+00 -4.281992e-13 -2.533798e-02 -1.351328e-01
1.054000e+03 -1.598304e-01 0.000000e+00 -4.306460e-13 -2.528045e-02 -1.345500e-01
1.056000e+03 -1.591952e-01 0.000000e+00 -4.331022e-13 -2.522320e-02 -1.339720e-01
1.058000e+03 -1.585649e-01 0.000000e+00 -4.355677e-13 -2.516622e-02 -1.333987e-01
1.060000e+03 -1.579396e-01 0.000000e+00 -4.380425e-13 -2.510952e-02 -1.328301e-01
1.062000e+03 -1.573192e-01 0.000000e+00 -4.405266e-13 -2.505309e-02 -1.322661e-01
1.064000e+03 -1.567036e-01 0.000000e+00 -4.430202e-13 -2.499692e-02 -1.317067e-01
1.066000e+03 -1.560928e-01 0.000000e+00 -4.455231e-13 -2.494102e-02 -1.311518e-01
1.068000e+03 -1.554868e-01 0.000000e+00 -4.480355e-13 -2.488539e-02 -1.306014e-01
1.070000e+03 -1.548855e-01 0.000000e+00 -4.505572e-13 -2.483002e-02 -1.300554e-01
1.072000e+03 -1.542888e-01 0.000000e+00 -4.530884e-13 -2.477491e-02 -1.295139e-01
1.074000e+03 -1.536967e-01 0.000000e+00 -4.556291e-13 -2.472006e-02 -1.289766e-01
1.076000e+03 -1.531091e-01 0.000000e+00 -4.581793e-13 -2.466546e-02 -1.284437e-01
1.078000e+03 -1.525261e-01 0.000000e+00 -4.607389e-13 -2.461112e-02 -1.279149e-01
1.080000e+03 -1.519475e-01 0.000000e+00 -4.633081e-13 -2.455704e-02 -1.273904e-01
1.082000e+03 -1.513732e-01 0.000000e+00 -4.658868e-13 -2.450320e-02 -1.268700e-01
1.084000e+03 -1.508034e-01 0.000000e+00 -4.684751e-13 -2.444962e-02 -1.263538e-01
1.086000e+03 -1.502378e-01 0.000000e+00 -4.710729e-13 -2.439628e-02 -1.258416e-01
1.088000e+03 -1.496766e-01 0.000000e+00 -4.736803e-13 -2.434319e-02 -1.253334e-01
1.090000e+03 -1.491195e-01 0.000000e+00 -4.762973e-13 -2.429034e-02 -1.248292e-01
1.092000e+03 -1.485666e-01 0.000000e+00 -4.789239e-13 -2.423774e-02 -1.243289e-01
1.094000e+03 -1.480179e-01 0.000000e+00 -4.815602e-13 -2.418538e-02 -1.238325e-01
1.096000e+03 -1.474732e-01 0.000000e+00 -4.842061e-13 -2.413325e-02 -1.233400e-01
1.098000e+03 -1.469326e-01 0.000000e+00 -4.868617e-13 -2.408136e-02 -1.228512e-01
1.100000e+03 -1.463960e-01 0.000000e+00 -4.895270e-13 -2.402971e-02 -1.223663e-01
1.102000e+03 -1.458633e-01 0.000000e+00 -4.922020e-13 -2.397829e-02 -1.218850e-01
1.104000e+03 -1.453346e-01 0.000000e+00 -4.948868e-13 -2.392711e-02 -1.214075e-01
1.106000e+03 -1.448097e-01 0.000000e+00 -4.975813e-13 -2.387616e-02 -1.209336e-01
1.108000e+03 -1.442887e-01 0.000000e+00 -5.002855e-13 -2.382543e-02 -1.204633e-01
1.110000e+03 -1.437715e-01 0.000000e+00 -5.029995e-13 -2.377493e-02 -1.199966e-01
1.112000e+03 -1.432580e-01 0.000000e+00 -5.057233e-13 -2.372466e-02 -1.195334e-01
1.114000e+03 -1.427483e-01 0.000000e+00 -5.084570e-13 -2.367461e-02 -1.190737e-01
1.116000e+03 -1.422423e-01 0.000000e+00 -5.112004e-13 -2.362479e-02 -1.186175e-01
1.118000e+03 -1.417399e-01 0.000000e+00 -5.139538e-13 -2.357518e-02 -1.181647e-01
1.120000e+03 -1.412411e-01 0.000000e+00 -5.167169e-13 -2.352580e-02 -1.177153e-01
1.122000e+03 -1.407459e-01 0.000000e+00 -5.194900e-13 -2.347664e-02 -1.172693e-01
1.124000e+03 -1.402542e-01 0.000000e+00 -5.222730e-13 -2.342769e-02 -1.168265e-01
1.126000e+03 -1.397661e-01 0.000000e+00 -5.250659e-13 -2.337895e-02 -1.163871e-01
1.128000e+03 -1.392814e-01 0.000000e+00 -5.278687e-13 -2.333043e-02 -1.159509e-01
1.130000e+03 -1.388001e-01 0.000000e+00 -5.306815e-13 -2.328213e-02 -1.155180e-01
1.132000e+03 -1.383222e-01 0.000000e+00 -5.335043e-13 -2.323403e-02 -1.150882e-01
1.134000e+03 -1.378477e-01 0.000000e+00 -5.363370e-13 -2.318614e-02 -1.146616e-01
1.136000e+03 -1.373765e-01 0.000000e+00 -5.391798e-13 -2.313847e-02 -1.142381e-01
1.138000e+03 -1.369086e-01 0.000000e+00 -5.420326e-13 -2.309099e-02 -1.138177e-01
1.140000e+03 -1.364440e-01 0.000000e+00 -5.448955e-13 -2.304373e-02 -1.134003e-01
1.142000e+03 -1.359826e-01 0.000000e+00 -5.477684e-13 -2.299666e-02 -1.129860e-01
1.144000e+03 -1.355245e-01 0.000000e+00 -5.506513e-13 -2.294980e-02 -1.125747e-01
1.146000e+03 -1.350694e-01 0.000000e+00 -5.535444e-13 -2.290314e-02 -1.121663e-01
1.148000e+03 -1.346176e-01 0.000000e+00 -5.564476e-13 -2.285669e-02 -1.117609e-01
1.150000e+03 -1.341688e-01 0.000000e+00 -5.593610e-13 -2.281042e-02 -1.113584e-01
1.152000e+03 -1.337231e-01 0.000000e+00 -5.622844e-13 -2.276436e-02 -1.109587e-01
1.154000e+03 -1.332804e-01 0.000000e+00 -5.652181e-13 -2.271849e-02 -1.105619e-01
1.156000e+03 -1.328408e-01 0.000000e+00 -5.681619e-13 -2.267282e-02 -1.101680e-01
1.158000e+03 -1.324041e-01 0.000000e+00 -5.711160e-13 -2.262734e-02 -1.097768e-01
1.160000e+03 -1.319704e-01 0.000000e+00 -5.740802e-13 -2.258205e-02 -1.093884e-01
1.162000e+03 -1.315397e-01 0.000000e+00 -5.770547e-13 -2.253696e-02 -1.090027e-01
1.164000e+03 -1.311118e-01 0.000000e+00 -5.800395e-13 -2.249205e-02 -1.086198e-01
1.166000e+03 -1.306868e-01 0.000000e+00 -5.830345e-13 -2.244733e-02 -1.082395e-01
1.168000e+03 -1.302647e-01 0.000000e+00 -5.860399e-13 -2.240280e-02 -1.078619e-01
1.170000e+03 -1.298453e-01 0.000000e+00 -5.890555e-13 -2.235845e-02 -1.074869e-01
1.172000e+03 -1.294288e-01 0.000000e+00 -5.920815e-13 -2.231429e-02 -1.071145e-01
1.174000e+03 -1.290150e-01 0.000000e+00 -5.951178e-13 -2.227031e-02 -1.067447e-01
1.176000e+03 -1.286040e-01 0.000000e+00 -5.981644e-13 -2.222652e-02 -1.063774e-01
1.178000e+03 -1.281956e-01 0.000000e+00 -6.012215e-13 -2.218290e-02 -1.060127e-01
1.180000e+03 -1.277900e-01 0.000000e+00 -6.042890e-13 -2.213947e-02 -1.056505e-01
1.182000e+03 -1.273870e-01 0.000000e+00 -6.073668e-13 -2.209621e-02 -1.052908e-01
1.184000e+03 -1.269866e-01 0.000000e+00 -6.104551e-13 -2.205314e-02 -1.049335e-01
1.186000e+03 -1.265889e-01 0.000000e+00 -6.135539e-13 -2.201023e-02 -1.045786e-01
1.188000e+03 -1.261937e-01 0.000000e+00 -6.166631e-13 -2.196751e-02 -1.042262e-01
1.190000e+03 -1.258011e-01 0.000000e+00 -6.197828e-13 -2.192496e-02 -1.038762e-01
1.192000e+03 -1.254111e-01 0.000000e+00 -6.229130e-13 -2.188258e-02 -1.035285e-01
1.194000e+03 -1.250235e-01 0.000000e+00 -6.260537e-13 -2.184037e-02 -1.031831e-01
1.196000e+03 -1.246385e-01 0.000000e+00 -6.292050e-13 -2.179834e-02 -1.028401e-01
1.198000e+03 -1.242559e-01 0.000000e+00 -6.323668e-13 -2.175647e-02 -1.024994e-01
1.200000e+03 -1.238757e-01 0.000000e+00 -6.355392e-13 -2.171477e-02 -1.021609e-01
1.202000e+03 -1.234980e-01 0.000000e+00 -6.387222e-13 -2.167325e-02 -1.018247e-01
1.204000e+03 -1.231227e-01 0.000000e+00 -6.419158e-13 -2.163188e-02 -1.014908e-01
1.206000e+03 -1.227497e-01 0.000000e+00 -6.451201e-13 -2.159069e-02 -1.011590e-01
1.208000e+03 -1.223791e-01 0.000000e+00 -6.483350e-13 -2.154966e-02 -1.008295e-01
1.210000e+03 -1.220109e-01 0.000000e+00 -6.515605e-13 -2.150879e-02 -1.005021e-01
1.212000e+03 -1.216449e-01 0.000000e+00 -6.547967e-13 -2.146808e-02 -1.001768e-01
1.214000e+03 -1.212812e-01 0.000000e+00 -6.580436e-13 -2.142754e-02 -9.985370e-02
1.216000e+03 -1.209198e-01 0.000000e+00 -6.613013e-13 -2.138716e-02 -9.953269e-02
1.218000e+03 -1.205607e-01 0.000000e+00 -6.645696e-13 -2.134694e-02 -9.921377e-02
1.220000e+03 -1.202038e-01 0.000000e+00 -6.678488e-13 -2.130687e-02 -9.889692e-02
1.222000e+03 -1.198491e-01 0.000000e+00 -6.711387e-13 -2.126697e-02 -9.858212e-02
1.224000e+03 -1.194966e-01 0.000000e+00 -6.744393e-13 -2.122722e-02 -9.826935e-02
1.226000e+03 -1.191462e-01 0.000000e+00 -6.777508e-13 -2.118762e-02 -9.795860e-02
1.228000e+03 -1.187980e-01 0.000000e+00 -6.810731e-13 -2.114818e-02 -9.764984e-02
1.230000e+03 -1.184520e-01 0.000000e+00 -6.844063e-13 -2.110890e-02 -9.734306e-02
1.232000e+03 -1.181080e-01 0.000000e+00 -6.877502e-13 -2.106977e-02 -9.703824e-02
1.234000e+03 -1.177661e-01 0.000000e+00 -6.911051e-13 -2.103079e-02 -9.673536e-02
1.236000e+03 -1.174264e-01 0.000000e+00 -6.944709e-13 -2.099196e-02 -9.643440e-02
1.238000e+03 -1.170886e-01 0.000000e+00 -6.978476e-13 -2.095328e-02 -9.613534e-02
1.240000e+03 -1.167529e-01 0.000000e+00 -7.012352e-13 -2.091475e-02 -9.583817e-02
1.242000e+03 -1.164192e-01 0.000000e+00 -7.046337e-13 -2.087637e-02 -9.554288e-02
1.244000e+03 -1.160876e-01 0.000000e+00 -7.080432e-13 -2.083814e-02 -9.524944e-02
1.246000e+03 -1.157579e-01 0.000000e+00 -7.114637e-13 -2.080005e-02 -9.495783e-02
1.248000e+03 -1.154302e-01 0.000000e+00 -7.148952e-13 -2.076211e-02 -9.466805e-02
1.250000e+03 -1.151044e-01 0.000000e+00 -7.183377e-13 -2.072432e-02 -9.438007e-02
1.252000e+03 -1.147805e-01 0.000000e+00 -7.217913e-13 -2.068667e-02 -9.409388e-02
1.254000e+03 -1.144586e-01 0.000000e+00 -7.252559e-13 -2.064916e-02 -9.380946e-02
1.256000e+03 -1.141386e-01 0.000000e+00 -7.287315e-13 -2.061179e-02 -9.352680e-02
1.258000e+03 -1.138204e-01 0.000000e+00 -7.322183e-13 -2.057457e-02 -9.324587e-02
1.260000e+03 -1.135042e-01 0.000000e+00 -7.357161e-13 -2.053749e-02 -9.296668e-02
1.262000e+03 -1.131897e-01 0.000000e+00 -7.392251e-13 -2.050054e-02 -9.268919e-02
1.264000e+03 -1.128771e-01 0.000000e+00 -7.427452e-13 -2.046374e-02 -9.241340e-02
1.266000e+03 -1.125664e-01 0.000000e+00 -7.462765e-13 -2.042707e-02 -9.213929e-02
1.268000e+03 -1.122574e-01 0.000000e+00 -7.498189e-13 -2.039055e-02 -9.186685e-02
1.270000e+03 -1.119502e-01 0.000000e+00 -7.533726e-13 -2.035416e-02 -9.159605e-02
1.272000e+03 -1.116448e-01 0.000000e+00 -7.569374e-13 -2.031790e-02 -9.132689e-02
1.274000e+03 -1.113411e-01 0.000000e+00 -7.605135e-13 -2.028178e-02 -9.105936e-02
1.276000e+03 -1.110392e-01 0.000000e+00 -7.641008e-13 -2.024579e-02 -9.079343e-02
1.278000e+03 -1.107390e-01 0.000000e+00 -7.676994e-13 -2.020994e-02 -9.052910e-02
1.280000e+03 -1.104406e-01 0.000000e+00 -7.713093e-13 -2.017422e-02 -9.026635e-02
1.282000e+03 -1.101438e-01 0.000000e+00 -7.749304e-13 -2.013863e-02 -9.000516e-02
1.284000e+03 -1.098487e-01 0.000000e+00 -7.785629e-13 -2.010318e-02 -8.974553e-02
1.286000e+03 -1.095553e-01 0.000000e+00 -7.822067e-13 -2.006785e-02 -8.948743e-02
1.288000e+03 -1.092635e-01 0.000000e+00 -7.858619e-13 -2.003266e-02 -8.923086e-02
1.290000e+03 -1.089734e-01 0.000000e+00 -7.895284e-13 -1.999759e-02 -8.897581e-02
1.292000e+03 -1.086849e-01 0.000000e+00 -7.932063e-13 -1.996265e-02 -8.872226e-02
1.294000e+03 -1.083980e-01 0.000000e+00 -7.968957e-13 -1.992784e-02 -8.847019e-02
1.296000e+03 -1.081128e-01 0.000000e+00 -8.005964e-13 -1.989316e-02 -8.821960e-02
1.298000e+03 -1.078291e-01 0.000000e+00 -8.043086e-13 -1.985860e-02 -8.797047e-02
1.300000e+03 -1.075470e-01 0.000000e+00 -8.080322e-13 -1.982417e-02 -8.772279e-02
1.302000e+03 -1.072664e-01 0.000000e+00 -8.117674e-13 -1.978986e-02 -8.747655e-02
1.304000e+03 -1.069874e-01 0.000000e+00 -8.155140e-13 -1.975567e-02 -8.723174e-02
1.306000e+03 -1.067100e-01 0.000000e+00 -8.192721e-13 -1.972161e-02 -8.698834e-02
1.308000e+03 -1.064340e-01 0.000000e+00 -8.230417e-13 -1.968768e-02 -8.674634e-02
1.310000e+03 -1.061596e-01 0.000000e+00 -8.268229e-13 -1.965386e-02 -8.650573e-02
1.312000e+03 -1.058867e-01 0.000000e+00 -8.306157e-13 -1.962017e-02 -8.626650e-02
1.314000e+03 -1.056152e-01 0.000000e+00 -8.344200e-13 -1.958659e-02 -8.602864e-02
1.316000e+03 -1.053453e-01 0.000000e+00 -8.382360e-13 -1.955314e-02 -8.579213e-02
1.318000e+03 -1.050768e-01 0.000000e+00 -8.420635e-13 -1.951981e-02 -8.555697e-02
1.320000e+03 -1.048097e-01 0.000000e+00 -8.459027e-13 -1.948659e-02 -8.532314e-02
1.322000e+03 -1.045441e-01 0.000000e+00 -8.497536e-13 -1.945349e-02 -8.509063e-02
1.324000e+03 -1.042799e-01 0.000000e+00 -8.536161e-13 -1.942051e-02 -8.485944e-02
1.326000e+03 -1.040172e-01 0.000000e+00 -8.574903e-13 -1.938765e-02 -8.462954e-02
1.328000e+03 -1.037558e-01 0.000000e+00 -8.613762e-13 -1.935490e-02 -8.440093e-02
1.330000e+03 -1.034959e-01 0.000000e+00 -8.652738e-13 -1.932227e-02 -8.417361e-02
1.332000e+03 -1.032373e-01 0.000000e+00 -8.691832e-13 -1.928975e-02 -8.394755e-02
1.334000e+03 -1.029801e-01 0.000000e+00 -8.731043e-13 -1.925735e-02 -8.372275e-02
1.336000e+03 -1.027243e-01 0.000000e+00 -8.770372e-13 -1.922506e-02 -8.349920e-02
1.338000e+03 -1.024698e-01 0.000000e+00 -8.809819e-13 -1.919288e-02 -8.327689e-02
1.340000e+03 -1.022166e-01 0.000000e+00 -8.849384e-13 -1.916082e-02 -8.305581e-02
1.342000e+03 -1.019648e-01 0.000000e+00 -8.889067e-13 -1.912887e-02 -8.283594e-02
1.344000e+03 -1.017143e-01 0.000000e+00 -8.928869e-13 -1.909702e-02 -8.261729e-02
1.346000e+03 -1.014651e-01 0.000000e+00 -8.968789e-13 -1.906529e-02 -8.239983e-02
1.348000e+03 -1.012172e-01 0.000000e+00 -9.008828e-13 -1.903367e-02 -8.218356e-02
1.350000e+03 -1.009706e-01 0.000000e+00 -9.048986e-13 -1.900216e-02 -8.196847e-02
1.352000e+03 -1.007253e-01 0.000000e+00 -9.089264e-13 -1.897076e-02 -8.175455e-02
1.354000e+03 -1.004813e-01 0.000000e+00 -9.129660e-13 -1.893946e-02 -8.154179e-02
1.356000e+03 -1.002385e-01 0.000000e+00 -9.170177e-13 -1.890828e-02 -8.133019e-02
1.358000e+03 -9.999692e-02 0.000000e+00 -9.210813e-13 -1.887720e-02 -8.111972e-02
1.360000e+03 -9.975662e-02 0.000000e+00 -9.251568e-13 -1.884622e-02 -8.091039e-02
1.362000e+03 -9.951754e-02 0.000000e+00 -9.292444e-13 -1.881535e-02 -8.070219e-02
1.364000e+03 -9.927969e-02 0.000000e+00 -9.333440e-13 -1.878459e-02 -8.049510e-02
1.366000e+03 -9.904305e-02 0.000000e+00 -9.374557e-13 -1.875393e-02 -8.028912e-02
1.368000e+03 -9.880761e-02 0.000000e+00 -9.415793e-13 -1.872338e-02 -8.008423e-02
1.370000e+03 -9.857337e-02 0.000000e+00 -9.457151e-13 -1.869293e-02 -7.988044e-02
1.372000e+03 -9.834031e-02 0.000000e+00 -9.498630e-13 -1.866258e-02 -7.967772e-02
1.374000e+03 -9.810842e-02 0.000000e+00 -9.540230e-13 -1.863234e-02 -7.947608e-02
1.376000e+03 -9.787770e-02 0.000000e+00 -9.581951e-13 -1.860220e-02 -7.927550e-02
1.378000e+03 -9.764814e-02 0.000000e+00 -9.623793e-13 -1.857216e-02 -7.907598e-02
1.380000e+03 -9.741973e-02 0.000000e+00 -9.665757e-13 -1.854222e-02 -7.887751e-02
1.382000e+03 -9.719246e-02 0.000000e+00 -9.707843e-13 -1.851238e-02 -7.868008e-02
1.384000e+03 -9.696632e-02 0.000000e+00 -9.750051e-13 -1.848264e-02 -7.848368e-02
1.386000e+03 -9.674130e-02 0.000000e+00 -9.792381e-13 -1.845300e-02 -7.828830e-02
1.388000e+03 -9.651740e-02 0.000000e+00 -9.834834e-13 -1.842346e-02 -7.809394e-02
1.390000e+03 -9.629460e-02 0.000000e+00 -9.877409e-13 -1.839402e-02 -7.790059e-02
1.392000e+03 -9.607291e-02 0.000000e+00 -9.920107e-13 -1.836468e-02 -7.770823e-02
1.394000e+03 -9.585230e-02 0.000000e+00 -9.962927e-13 -1.833543e-02 -7.751687e-02
1.396000e+03 -9.563278e-02 0.000000e+00 -1.000587e-12 -1.830628e-02 -7.732650e-02
1.398000e+03 -9.541433e-02 0.000000e+00 -1.004894e-12 -1.827723e-02 -7.713710e-02
1.400000e+03 -9.519695e-02 0.000000e+00 -1.009213e-12 -1.824827e-02 -7.694868e-02
1.402000e+03 -9.498062e-02 0.000000e+00 -1.013544e-12 -1.821941e-02 -7.676122e-02
1.404000e+03 -9.476535e-02 0.000000e+00 -1.017888e-12 -1.819064e-02 -7.657471e-02
1.406000e+03 -9.455112e-02 0.000000e+00 -1.022244e-12 -1.816197e-02 -7.638915e-02
1.408000e+03 -9.433792e-02 0.000000e+00 -1.026613e-12 -1.813339e-02 -7.620454e-02
1.410000e+03 -9.412576e-02 0.000000e+00 -1.030994e-12 -1.810490e-02 -7.602085e-02
1.412000e+03 -9.391461e-02 0.000000e+00 -1.035387e-12 -1.807651e-02 -7.583810e-02
1.414000e+03 -9.370448e-02 0.000000e+00 -1.039793e-12 -1.804821e-02 -7.565627e-02
1.416000e+03 -9.349535e-02 0.000000e+00 -1.044211e-12 -1.802000e-02 -7.547535e-02
1.418000e+03 -9.328722e-02 0.000000e+00 -1.048642e-12 -1.799189e-02 -7.529534e-02
1.420000e+03 -9.308009e-02 0.000000e+00 -1.053086e-12 -1.796386e-02 -7.511622e-02
1.422000e+03 -9.287393e-02 0.000000e+00 -1.057542e-12 -1.793593e-02 -7.493800e-02
1.424000e+03 -9.266876e-02 0.000000e+00 -1.062010e-12 -1.790809e-02 -7.476067e-02
1.426000e+03 -9.246456e-02 0.000000e+00 -1.066491e-12 -1.788033e-02 -7.458422e-02
1.428000e+03 -9.226131e-02 0.000000e+00 -1.070985e-12 -1.785267e-02 -7.440865e-02
1.430000e+03 -9.205903e-02 0.000000e+00 -1.075491e-12 -1.782509e-02 -7.423394e-02
1.432000e+03 -9.185769e-02 0.000000e+00 -1.080010e-12 -1.779761e-02 -7.406009e-02
1.434000e+03 -9.165730e-02 0.000000e+00 -1.084541e-12 -1.777021e-02 -7.388710e-02
1.436000e+03 -9.145785e-02 0.000000e+00 -1.089085e-12 -1.774290e-02 -7.371495e-02
1.438000e+03 -9.125932e-02 0.000000e+00 -1.093642e-12 -1.771567e-02 -7.354365e-02
1.440000e+03 -9.106172e-02 0.000000e+00 -1.098212e-12 -1.768853e-02 -7.337318e-02
1.442000e+03 -9.086503e-02 0.000000e+00 -1.102794e-12 -1.766148e-02 -7.320355e-02
1.444000e+03 -9.066926e-02 0.000000e+00 -1.107389e-12 -1.763452e-02 -7.303474e-02
1.446000e+03 -9.047439e-02 0.000000e+00 -1.111997e-12 -1.760764e-02 -7.286675e-02
1.448000e+03 -9.028041e-02 0.000000e+00 -1.116617e-12 -1.758084e-02 -7.269957e-02
1.450000e+03 -9.008733e-02 0.000000e+00 -1.121250e-12 -1.755413e-02 -7.253320e-02
1.452000e+03 -8.989513e-02 0.000000e+00 -1.125897e-12 -1.752751e-02 -7.236763e-02
1.454000e+03 -8.970382e-02 0.000000e+00 -1.130555e-12 -1.750097e-02 -7.220285e-02
1.456000e+03 -8.951337e-02 0.000000e+00 -1.135227e-12 -1.747451e-02 -7.203886e-02
1.458000e+03 -8.932379e-02 0.000000e+00 -1.139912e-12 -1.744813e-02 -7.187566e-02
1.460000e+03 -8.913508e-02 0.000000e+00 -1.144609e-12 -1.742184e-02 -7.171324e-02
1.462000e+03 -8.894722e-02 0.000000e+00 -1.149319e-12 -1.739563e-02 -7.155159e-02
1.464000e+03 -8.876020e-02 0.000000e+00 -1.154043e-12 -1.736950e-02 -7.139070e-02
1.466000e+03 -8.857404e-02 0.000000e+00 -1.158779e-12 -1.734345e-02 -7.123058e-02
1.468000e+03 -8.838870e-02 0.000000e+00 -1.163528e-12 -1.731749e-02 -7.107122e-02
1.470000e+03 -8.820421e-02 0.000000e+00 -1.168290e-12 -1.729160e-02 -7.091260e-02
1.472000e+03 -8.802053e-02 0.000000e+00 -1.173065e-12 -1.726580e-02 -7.075474e-02
1.474000e+03 -8.783768e-02 0.000000e+00 -1.177853e-12 -1.724007e-02 -7.059761e-02
1.476000e+03 -8.765564e-02 0.000000e+00 -1.182654e-12 -1.721443e-02 -7.044122e-02
1.478000e+03 -8.747442e-02 0.000000e+00 -1.187468e-12 -1.718886e-02 -7.028556e-02
1.480000e+03 -8.729399e-02 0.000000e+00 -1.192295e-12 -1.716337e-02 -7.013062e-02
1.482000e+03 -8.711437e-02 0.000000e+00 -1.197135e-12 -1.713796e-02 -6.997641e-02
1.484000e+03 -8.693554e-02 0.000000e+00 -1.201989e-12 -1.711263e-02 -6.982291e-02
1.486000e+03 -8.675750e-02 0.000000e+00 -1.206855e-12 -1.708738e-02 -6.967012e-02
1.488000e+03 -8.658024e-02 0.000000e+00 -1.211734e-12 -1.706220e-02 -6.951804e-02
1.490000e+03 -8.640376e-02 0.000000e+00 -1.216627e-12 -1.703710e-02 -6.936666e-02
1.492000e+03 -8.622805e-02 0.000000e+00 -1.221533e-12 -1.701208e-02 -6.921597e-02
1.494000e+03 -8.605311e-02 0.000000e+00 -1.226452e-12 -1.698713e-02 -6.906598e-02
1.496000e+03 -8.587893e-02 0.000000e+00 -1.231384e-12 -1.696226e-02 -6.891667e-02
1.498000e+03 -8.570550e-02 0.000000e+00 -1.236329e-12 -1.693746e-02 -6.876804e-02
1.500000e+03 -8.553283e-02 0.000000e+00 -1.241288e-12 -1.691274e-02 -6.862009e-02
1.502000e+03 -8.536091e-02 0.000000e+00 -1.246259e-12 -1.688809e-02 -6.847282e-02
1.504000e+03 -8.518973e-02 0.000000e+00 -1.251244e-12 -1.686352e-02 -6.832621e-02
1.506000e+03 -8.501929e-02 0.000000e+00 -1.256243e-12 -1.683902e-02 -6.818026e-02
1.508000e+03 -8.484958e-02 0.000000e+00 -1.261254e-12 -1.681460e-02 -6.803498e-02
1.510000e+03 -8.468059e-02 0.000000e+00 -1.266279e-12 -1.679025e-02 -6.789034e-02
1.512000e+03 -8.451234e-02 0.000000e+00 -1.271317e-12 -1.676597e-02 -6.774636e-02
1.514000e+03 -8.434479e-02 0.000000e+00 -1.276369e-12 -1.674177e-02 -6.760303e-02
1.516000e+03 -8.417797e-02 0.000000e+00 -1.281434e-12 -1.671764e-02 -6.746033e-02
1.518000e+03 -8.401185e-02 0.000000e+00 -1.286512e-12 -1.669358e-02 -6.731827e-02
1.520000e+03 -8.384644e-02 0.000000e+00 -1.291604e-12 -1.666959e-02 -6.717685e-02
1.522000e+03 -8.368172e-02 0.000000e+00 -1.296709e-12 -1.664567e-02 -6.703605e-02
1.524000e+03 -8.351771e-02 0.000000e+00 -1.301828e-12 -1.662182e-02 -6.689588e-02
1.526000e+03 -8.335438e-02 0.000000e+00 -1.306960e-12 -1.659805e-02 -6.675633e-02
1.528000e+03 -8.319174e-02 0.000000e+00 -1.312105e-12 -1.657434e-02 -6.661740e-02
1.530000e+03 -8.302978e-02 0.000000e+00 -1.317264e-12 -1.655071e-02 -6.647907e-02
1.532000e+03 -8.286850e-02 0.000000e+00 -1.322437e-12 -1.652714e-02 -6.634136e-02
1.534000e+03 -8.270790e-02 0.000000e+00 -1.327623e-12 -1.650365e-02 -6.620425e-02
1.536000e+03 -8.254796e-02 0.000000e+00 -1.332822e-12 -1.648022e-02 -6.606774e-02
1.538000e+03 -8.238869e-02 0.000000e+00 -1.338036e-12 -1.645686e-02 -6.593182e-02
1.540000e+03 -8.223008e-02 0.000000e+00 -1.343262e-12 -1.643357e-02 -6.579650e-02
1.542000e+03 -8.207212e-02 0.000000e+00 -1.348502e-12 -1.641035e-02 -6.566177e-02
1.544000e+03 -8.191482e-02 0.000000e+00 -1.353756e-12 -1.638720e-02 -6.552762e-02
1.546000e+03 -8.175817e-02 0.000000e+00 -1.359024e-12 -1.636411e-02 -6.539405e-02
1.548000e+03 -8.160216e-02 0.000000e+00 -1.364305e-12 -1.634109e-02 -6.526106e-02
1.550000e+03 -8.144679e-02 0.000000e+00 -1.369600e-12 -1.631814e-02 -6.512865e-02
