1.000000e+02 8.380832e-02 1.171520e+00 -5.492810e-01 -5.324591e-01 -5.971563e-03
1.020000e+02 3.450742e-02 1.171520e+00 -5.714720e-01 -5.593233e-01 -6.217338e-03
1.040000e+02 -1.630970e-02 1.171520e+00 -5.941023e-01 -5.872590e-01 -6.468342e-03
1.060000e+02 -6.869164e-02 1.171520e+00 -6.171721e-01 -6.163149e-01 -6.724599e-03
1.080000e+02 -1.226903e-01 1.171520e+00 -6.406814e-01 -6.465428e-01 -6.986129e-03
1.100000e+02 -1.783612e-01 1.171520e+00 -6.646300e-01 -6.779982e-01 -7.252957e-03
1.120000e+02 -2.357637e-01 1.171520e+00 -6.890181e-01 -7.107405e-01 -7.525103e-03
1.140000e+02 -2.949613e-01 1.171520e+00 -7.138456e-01 -7.448332e-01 -7.802592e-03
1.160000e+02 -3.560223e-01 1.171520e+00 -7.391125e-01 -7.803444e-01 -8.085448e-03
1.180000e+02 -4.190198e-01 1.171520e+00 -7.648189e-01 -8.173473e-01 -8.373694e-03
1.200000e+02 -4.840325e-01 1.171520e+00 -7.909646e-01 -8.559205e-01 -8.667356e-03
1.220000e+02 -5.511448e-01 1.171520e+00 -8.175498e-01 -8.961484e-01 -8.966457e-03
1.240000e+02 -6.204478e-01 1.171520e+00 -8.445745e-01 -9.381223e-01 -9.271025e-03
1.260000e+02 -6.920398e-01 1.171520e+00 -8.720385e-01 -9.819402e-01 -9.581084e-03
1.280000e+02 -7.660269e-01 1.171520e+00 -8.999420e-01 -1.027708e+00 -9.896661e-03
1.300000e+02 -8.425237e-01 1.171520e+00 -9.282849e-01 -1.075541e+00 -1.021778e-02
1.320000e+02 -9.216544e-01 1.171520e+00 -9.570672e-01 -1.125563e+00 -1.054448e-02
1.340000e+02 -1.003554e+00 1.171520e+00 -9.862890e-01 -1.177908e+00 -1.087677e-02
1.360000e+02 -1.088368e+00 1.171520e+00 -1.015950e+00 -1.232723e+00 -1.121469e-02
1.380000e+02 -1.176257e+00 1.171520e+00 -1.046051e+00 -1.290168e+00 -1.155827e-02
1.400000e+02 -1.267393e+00 1.171520e+00 -1.076591e+00 -1.350415e+00 -1.190753e-02
1.420000e+02 -1.361966e+00 1.171520e+00 -1.107570e+00 -1.413654e+00 -1.226251e-02
1.440000e+02 -1.460184e+00 1.171520e+00 -1.138989e+00 -1.480092e+00 -1.262323e-02
1.460000e+02 -1.562274e+00 1.171520e+00 -1.170847e+00 -1.549957e+00 -1.298973e-02
1.480000e+02 -1.668485e+00 1.171520e+00 -1.203145e+00 -1.623498e+00 -1.336203e-02
1.500000e+02 -1.779092e+00 1.171520e+00 -1.235882e+00 -1.700989e+00 -1.374016e-02
1.520000e+02 -1.894398e+00 1.171520e+00 -1.269059e+00 -1.782735e+00 -1.412417e-02
1.540000e+02 -2.014738e+00 1.171520e+00 -1.302675e+00 -1.869069e+00 -1.451407e-02
1.560000e+02 -2.140484e+00 1.171520e+00 -1.336730e+00 -1.960364e+00 -1.490991e-02
1.580000e+02 -2.272049e+00 1.171520e+00 -1.371225e+00 -2.057032e+00 -1.531170e-02
1.600000e+02 -2.409894e+00 1.171520e+00 -1.406159e+00 -2.159535e+00 -1.571950e-02
1.620000e+02 -2.554532e+00 1.171520e+00 -1.441533e+00 -2.268386e+00 -1.613333e-02
1.640000e+02 -2.706542e+00 1.171520e+00 -1.477346e+00 -2.384163e+00 -1.655322e-02
1.660000e+02 -2.866573e+00 1.171520e+00 -1.513599e+00 -2.507515e+00 -1.697921e-02
1.680000e+02 -3.035356e+00 1.171520e+00 -1.550291e+00 -2.639174e+00 -1.741133e-02
1.700000e+02 -3.213723e+00 1.171520e+00 -1.587422e+00 -2.779971e+00 -1.784962e-02
1.720000e+02 -3.402618e+00 1.171520e+00 -1.624993e+00 -2.930851e+00 -1.829411e-02
1.740000e+02 -3.603118e+00 1.171520e+00 -1.663003e+00 -3.092890e+00 -1.874484e-02
1.760000e+02 -3.816459e+00 1.171520e+00 -1.701453e+00 -3.267325e+00 -1.920185e-02
1.780000e+02 -4.044066e+00 1.171520e+00 -1.740342e+00 -3.455579e+00 -1.966517e-02
1.800000e+02 -4.287586e+00 1.171520e+00 -1.779670e+00 -3.659301e+00 -2.013484e-02
1.820000e+02 -4.548937e+00 1.171520e+00 -1.819438e+00 -3.880407e+00 -2.061089e-02
1.840000e+02 -4.830361e+00 1.171520e+00 -1.859646e+00 -4.121142e+00 -2.109336e-02
1.860000e+02 -5.134499e+00 1.171520e+00 -1.900293e+00 -4.384144e+00 -2.158230e-02
1.880000e+02 -5.464474e+00 1.171520e+00 -1.941379e+00 -4.672538e+00 -2.207773e-02
1.900000e+02 -5.824013e+00 1.171520e+00 -1.982904e+00 -4.990049e+00 -2.257970e-02
1.920000e+02 -6.217583e+00 1.171520e+00 -2.024870e+00 -5.341146e+00 -2.308824e-02
1.940000e+02 -6.650591e+00 1.171520e+00 -2.067274e+00 -5.731234e+00 -2.360340e-02
1.960000e+02 -7.129621e+00 1.171520e+00 -2.110118e+00 -6.166898e+00 -2.412521e-02
1.980000e+02 -7.662763e+00 1.171520e+00 -2.153401e+00 -6.656228e+00 -2.465372e-02
2.000000e+02 -8.260033e+00 1.171520e+00 -2.197124e+00 -7.209240e+00 -2.518895e-02
2.020000e+02 -8.933937e+00 1.171520e+00 -2.241286e+00 -7.838440e+00 -2.573096e-02
2.040000e+02 -9.700203e+00 1.171520e+00 -2.285888e+00 -8.559556e+00 -2.627978e-02
2.060000e+02 -1.057872e+01 1.171520e+00 -2.330929e+00 -9.392476e+00 -2.683545e-02
2.080000e+02 -1.159469e+01 1.171520e+00 -2.376409e+00 -1.036240e+01 -2.739801e-02
2.100000e+02 -1.277982e+01 1.171520e+00 -2.422329e+00 -1.150105e+01 -2.796750e-02
2.120000e+02 -1.417312e+01 1.171520e+00 -2.468689e+00 -1.284740e+01 -2.854397e-02
2.140000e+02 -1.581924e+01 1.171520e+00 -2.515487e+00 -1.444615e+01 -2.912745e-02
2.160000e+02 -1.775928e+01 1.171520e+00 -2.562725e+00 -1.633836e+01 -2.971798e-02
2.180000e+02 -1.999713e+01 1.171520e+00 -2.610403e+00 -1.852793e+01 -3.031561e-02
2.200000e+02 -2.239307e+01 1.171520e+00 -2.658520e+00 -2.087515e+01 -3.092038e-02
2.220000e+02 -2.435151e+01 1.171520e+00 -2.707077e+00 -2.278442e+01 -3.153232e-02
2.240000e+02 -2.405588e+01 1.171520e+00 -2.756072e+00 -2.243917e+01 -3.215149e-02
2.260000e+02 -1.765987e+01 1.171520e+00 -2.805508e+00 -1.599310e+01 -3.277791e-02
2.280000e+02 -2.791243e+00 1.171520e+00 -2.855382e+00 -1.073969e+00 -3.341163e-02
2.300000e+02 1.295801e+01 1.171520e+00 -2.905697e+00 1.472624e+01 -3.405269e-02
2.320000e+02 2.089081e+01 1.171520e+00 -2.956450e+00 2.271044e+01 -3.470113e-02
2.340000e+02 2.231396e+01 1.171520e+00 -3.007643e+00 2.418544e+01 -3.535700e-02
2.360000e+02 2.102740e+01 1.171520e+00 -3.059275e+00 2.295118e+01 -3.602033e-02
2.380000e+02 1.902549e+01 1.171520e+00 -3.111347e+00 2.100200e+01 -3.669115e-02
2.400000e+02 1.702732e+01 1.171520e+00 -3.163859e+00 1.905702e+01 -3.736952e-02
2.420000e+02 1.523947e+01 1.171520e+00 -3.216809e+00 1.732281e+01 -3.805548e-02
2.440000e+02 1.369351e+01 1.171520e+00 -3.270199e+00 1.583094e+01 -3.874905e-02
2.460000e+02 1.236781e+01 1.171520e+00 -3.324029e+00 1.455977e+01 -3.945028e-02
2.480000e+02 1.122885e+01 1.171520e+00 -3.378298e+00 1.347578e+01 -4.015920e-02
2.500000e+02 1.024435e+01 1.171520e+00 -3.433006e+00 1.254671e+01 -4.087587e-02
2.520000e+02 9.386787e+00 1.171520e+00 -3.488154e+00 1.174502e+01 -4.160030e-02
2.540000e+02 8.633691e+00 1.171520e+00 -3.543741e+00 1.104824e+01 -4.233254e-02
2.560000e+02 7.966996e+00 1.171520e+00 -3.599768e+00 1.043832e+01 -4.307263e-02
2.580000e+02 7.372236e+00 1.171520e+00 -3.656234e+00 9.900770e+00 -4.382060e-02
2.600000e+02 6.837793e+00 1.171520e+00 -3.713140e+00 9.423989e+00 -4.457648e-02
2.620000e+02 6.354293e+00 1.171520e+00 -3.770485e+00 8.998598e+00 -4.534031e-02
2.640000e+02 5.914120e+00 1.171520e+00 -3.828269e+00 8.616981e+00 -4.611212e-02
2.660000e+02 5.511044e+00 1.171520e+00 -3.886493e+00 8.272908e+00 -4.689195e-02
2.680000e+02 5.139928e+00 1.171520e+00 -3.945156e+00 7.961244e+00 -4.767982e-02
2.700000e+02 4.796511e+00 1.171520e+00 -4.004259e+00 7.677726e+00 -4.847576e-02
2.720000e+02 4.477231e+00 1.171520e+00 -4.063801e+00 7.418792e+00 -4.927980e-02
2.740000e+02 4.179091e+00 1.171520e+00 -4.123782e+00 7.181445e+00 -5.009197e-02
2.760000e+02 3.899554e+00 1.171520e+00 -4.184203e+00 6.963149e+00 -5.091230e-02
2.780000e+02 3.636458e+00 1.171520e+00 -4.245063e+00 6.761742e+00 -5.174081e-02
2.800000e+02 3.387955e+00 1.171520e+00 -4.306363e+00 6.575375e+00 -5.257751e-02
2.820000e+02 3.152449e+00 1.171520e+00 -4.368102e+00 6.402454e+00 -5.342245e-02
2.840000e+02 2.928564e+00 1.171520e+00 -4.430281e+00 6.241601e+00 -5.427562e-02
2.860000e+02 2.715100e+00 1.171520e+00 -4.492899e+00 6.091616e+00 -5.513705e-02
2.880000e+02 2.511012e+00 1.171520e+00 -4.555956e+00 5.951455e+00 -5.600676e-02
2.900000e+02 2.315381e+00 1.171520e+00 -4.619453e+00 5.820199e+00 -5.688476e-02
2.920000e+02 2.127399e+00 1.171520e+00 -4.683390e+00 5.697040e+00 -5.777106e-02
2.940000e+02 1.946353e+00 1.171520e+00 -4.747765e+00 5.581264e+00 -5.866567e-02
2.960000e+02 1.771610e+00 1.171520e+00 -4.812580e+00 5.472239e+00 -5.956859e-02
2.980000e+02 1.602606e+00 1.171520e+00 -4.877835e+00 5.369401e+00 -6.047984e-02
3.000000e+02 1.438839e+00 1.171520e+00 -4.943529e+00 5.272247e+00 -6.139940e-02
3.020000e+02 1.279858e+00 1.171520e+00 -5.009662e+00 5.180328e+00 -6.232729e-02
3.040000e+02 1.125259e+00 1.171520e+00 -5.076235e+00 5.093238e+00 -6.326348e-02
3.060000e+02 9.746791e-01 1.171520e+00 -5.143248e+00 5.010615e+00 -6.420799e-02
3.080000e+02 8.277887e-01 1.171520e+00 -5.210699e+00 4.932129e+00 -6.516079e-02
3.100000e+02 6.842909e-01 1.171520e+00 -5.278590e+00 4.857483e+00 -6.612187e-02
3.120000e+02 5.439160e-01 1.171520e+00 -5.346921e+00 4.786408e+00 -6.709121e-02
3.140000e+02 4.064190e-01 1.171520e+00 -5.415691e+00 4.718659e+00 -6.806879e-02
3.160000e+02 2.715764e-01 1.171520e+00 -5.484900e+00 4.654011e+00 -6.905459e-02
3.180000e+02 1.391844e-01 1.171520e+00 -5.554549e+00 4.592262e+00 -7.004856e-02
3.200000e+02 9.056501e-03 1.171520e+00 -5.624638e+00 4.533225e+00 -7.105068e-02
3.220000e+02 -1.189782e-01 1.171520e+00 -5.695165e+00 4.476728e+00 -7.206090e-02
3.240000e+02 -2.450768e-01 1.171520e+00 -5.766132e+00 4.422615e+00 -7.307918e-02
3.260000e+02 -3.693834e-01 1.171520e+00 -5.837539e+00 4.370741e+00 -7.410547e-02
3.280000e+02 -4.920312e-01 1.171520e+00 -5.909385e+00 4.320973e+00 -7.513972e-02
3.300000e+02 -6.131428e-01 1.171520e+00 -5.981670e+00 4.273189e+00 -7.618185e-02
3.320000e+02 -7.328317e-01 1.171520e+00 -6.054395e+00 4.227275e+00 -7.723181e-02
3.340000e+02 -8.512027e-01 1.171520e+00 -6.127559e+00 4.183126e+00 -7.828951e-02
3.360000e+02 -9.683533e-01 1.171520e+00 -6.201163e+00 4.140644e+00 -7.935488e-02
3.380000e+02 -1.084374e+00 1.171520e+00 -6.275206e+00 4.099740e+00 -8.042783e-02
3.400000e+02 -1.199348e+00 1.171520e+00 -6.349688e+00 4.060329e+00 -8.150826e-02
3.420000e+02 -1.313353e+00 1.171520e+00 -6.424610e+00 4.022333e+00 -8.259608e-02
3.440000e+02 -1.426464e+00 1.171520e+00 -6.499972e+00 3.985679e+00 -8.369116e-02
3.460000e+02 -1.538746e+00 1.171520e+00 -6.575772e+00 3.950299e+00 -8.479340e-02
3.480000e+02 -1.650265e+00 1.171520e+00 -6.652013e+00 3.916130e+00 -8.590267e-02
3.500000e+02 -1.761078e+00 1.171520e+00 -6.728692e+00 3.883113e+00 -8.701882e-02
3.520000e+02 -1.871242e+00 1.171520e+00 -6.805811e+00 3.851191e+00 -8.814172e-02
3.540000e+02 -1.980809e+00 1.171520e+00 -6.883370e+00 3.820312e+00 -8.927121e-02
3.560000e+02 -2.089826e+00 1.171520e+00 -6.961368e+00 3.790429e+00 -9.040711e-02
3.580000e+02 -2.198340e+00 1.171520e+00 -7.039805e+00 3.761494e+00 -9.154927e-02
3.600000e+02 -2.306394e+00 1.171520e+00 -7.118682e+00 3.733465e+00 -9.269749e-02
3.620000e+02 -2.414028e+00 1.171520e+00 -7.197998e+00 3.706302e+00 -9.385157e-02
3.640000e+02 -2.521280e+00 1.171520e+00 -7.277754e+00 3.679965e+00 -9.501130e-02
3.660000e+02 -2.628186e+00 1.171520e+00 -7.357949e+00 3.654419e+00 -9.617646e-02
3.680000e+02 -2.734779e+00 1.171520e+00 -7.438583e+00 3.629631e+00 -9.734682e-02
3.700000e+02 -2.841092e+00 1.171520e+00 -7.519657e+00 3.605567e+00 -9.852212e-02
3.720000e+02 -2.947154e+00 1.171520e+00 -7.601170e+00 3.582198e+00 -9.970210e-02
3.740000e+02 -3.052995e+00 1.171520e+00 -7.683123e+00 3.559495e+00 -1.008865e-01
3.760000e+02 -3.158639e+00 1.171520e+00 -7.765515e+00 3.537431e+00 -1.020750e-01
3.780000e+02 -3.264114e+00 1.171520e+00 -7.848347e+00 3.515980e+00 -1.032673e-01
3.800000e+02 -3.369443e+00 1.171520e+00 -7.931618e+00 3.495118e+00 -1.044631e-01
3.820000e+02 -3.474648e+00 1.171520e+00 -8.015328e+00 3.474822e+00 -1.056620e-01
3.840000e+02 -3.579752e+00 1.171520e+00 -8.099478e+00 3.455070e+00 -1.068637e-01
3.860000e+02 -3.684774e+00 1.171520e+00 -8.184067e+00 3.435841e+00 -1.080678e-01
3.880000e+02 -3.789734e+00 1.171520e+00 -8.269096e+00 3.417116e+00 -1.092739e-01
3.900000e+02 -3.894651e+00 1.171520e+00 -8.354564e+00 3.398875e+00 -1.104817e-01
3.920000e+02 -3.999541e+00 1.171520e+00 -8.440472e+00 3.381101e+00 -1.116905e-01
3.940000e+02 -4.104422e+00 1.171520e+00 -8.526819e+00 3.363777e+00 -1.129001e-01
3.960000e+02 -4.209309e+00 1.171520e+00 -8.613605e+00 3.346886e+00 -1.141100e-01
3.980000e+02 -4.314216e+00 1.171520e+00 -8.700831e+00 3.330414e+00 -1.153195e-01
4.000000e+02 -4.419159e+00 1.171520e+00 -8.788496e+00 3.314345e+00 -1.165283e-01
4.020000e+02 -4.524151e+00 1.171520e+00 -8.876601e+00 3.298666e+00 -1.177357e-01
4.040000e+02 -4.629204e+00 1.171520e+00 -8.965145e+00 3.283362e+00 -1.189413e-01
4.060000e+02 -4.734331e+00 1.171520e+00 -9.054128e+00 3.268422e+00 -1.201443e-01
4.080000e+02 -4.839543e+00 1.171520e+00 -9.143551e+00 3.253832e+00 -1.213443e-01
4.100000e+02 -4.944852e+00 1.171520e+00 -9.233414e+00 3.239582e+00 -1.225404e-01
4.120000e+02 -5.050268e+00 1.171520e+00 -9.323716e+00 3.225660e+00 -1.237322e-01
4.140000e+02 -5.155801e+00 1.171520e+00 -9.414457e+00 3.212055e+00 -1.249188e-01
4.160000e+02 -5.261460e+00 1.171520e+00 -9.505637e+00 3.198757e+00 -1.260996e-01
4.180000e+02 -5.367255e+00 1.171520e+00 -9.597257e+00 3.185757e+00 -1.272737e-01
4.200000e+02 -5.473194e+00 1.171520e+00 -9.689317e+00 3.173044e+00 -1.284405e-01
4.220000e+02 -5.579285e+00 1.171520e+00 -9.781816e+00 3.160610e+00 -1.295990e-01
4.240000e+02 -5.685536e+00 1.171520e+00 -9.874754e+00 3.148446e+00 -1.307484e-01
4.260000e+02 -5.791956e+00 1.171520e+00 -9.968132e+00 3.136544e+00 -1.318879e-01
4.280000e+02 -5.898550e+00 1.171520e+00 -1.006195e+01 3.124896e+00 -1.330165e-01
4.300000e+02 -6.005325e+00 1.171520e+00 -1.015621e+01 3.113494e+00 -1.341333e-01
4.320000e+02 -6.112288e+00 1.171520e+00 -1.025090e+01 3.102331e+00 -1.352373e-01
4.340000e+02 -6.219445e+00 1.171520e+00 -1.034604e+01 3.091400e+00 -1.363274e-01
4.360000e+02 -6.326802e+00 1.171520e+00 -1.044161e+01 3.080693e+00 -1.374027e-01
4.380000e+02 -6.434363e+00 1.171520e+00 -1.053763e+01 3.070205e+00 -1.384619e-01
4.400000e+02 -6.542135e+00 1.171520e+00 -1.063408e+01 3.059930e+00 -1.395041e-01
4.420000e+02 -6.650122e+00 1.171520e+00 -1.073097e+01 3.049860e+00 -1.405280e-01
4.440000e+02 -6.758328e+00 1.171520e+00 -1.082831e+01 3.039990e+00 -1.415325e-01
4.460000e+02 -6.866759e+00 1.171520e+00 -1.092608e+01 3.030315e+00 -1.425162e-01
4.480000e+02 -6.975418e+00 1.171520e+00 -1.102429e+01 3.020830e+00 -1.434779e-01
4.500000e+02 -7.084309e+00 1.171520e+00 -1.112294e+01 3.011528e+00 -1.444164e-01
4.520000e+02 -7.193436e+00 1.171520e+00 -1.122203e+01 3.002405e+00 -1.453302e-01
4.540000e+02 -7.302802e+00 1.171520e+00 -1.132156e+01 2.993456e+00 -1.462180e-01
4.560000e+02 -7.412411e+00 1.171520e+00 -1.142153e+01 2.984677e+00 -1.470782e-01
4.580000e+02 -7.522265e+00 1.171520e+00 -1.152194e+01 2.976063e+00 -1.479096e-01
4.600000e+02 -7.632368e+00 1.171520e+00 -1.162279e+01 2.967609e+00 -1.487105e-01
4.620000e+02 -7.742722e+00 1.171520e+00 -1.172407e+01 2.959311e+00 -1.494794e-01
4.640000e+02 -7.853329e+00 1.171520e+00 -1.182580e+01 2.951166e+00 -1.502147e-01
4.660000e+02 -7.964192e+00 1.171520e+00 -1.192797e+01 2.943169e+00 -1.509149e-01
4.680000e+02 -8.075314e+00 1.171520e+00 -1.203057e+01 2.935317e+00 -1.515782e-01
4.700000e+02 -8.186695e+00 1.171520e+00 -1.213362e+01 2.927605e+00 -1.522030e-01
4.720000e+02 -8.298338e+00 1.171520e+00 -1.223710e+01 2.920031e+00 -1.527876e-01
4.740000e+02 -8.410245e+00 1.171520e+00 -1.234103e+01 2.912591e+00 -1.533301e-01
4.760000e+02 -8.522417e+00 1.171520e+00 -1.244539e+01 2.905281e+00 -1.538289e-01
4.780000e+02 -8.634855e+00 1.171520e+00 -1.255019e+01 2.898099e+00 -1.542821e-01
4.800000e+02 -8.747562e+00 1.171520e+00 -1.265543e+01 2.891041e+00 -1.546879e-01
4.820000e+02 -8.860537e+00 1.171520e+00 -1.276112e+01 2.884104e+00 -1.550444e-01
4.840000e+02 -8.973782e+00 1.171520e+00 -1.286724e+01 2.877285e+00 -1.553498e-01
4.860000e+02 -9.087298e+00 1.171520e+00 -1.297380e+01 2.870582e+00 -1.556021e-01
4.880000e+02 -9.201086e+00 1.171520e+00 -1.308080e+01 2.863991e+00 -1.557994e-01
4.900000e+02 -9.315146e+00 1.171520e+00 -1.318824e+01 2.857511e+00 -1.559397e-01
4.920000e+02 -9.429479e+00 1.171520e+00 -1.329612e+01 2.851138e+00 -1.560212e-01
4.940000e+02 -9.544086e+00 1.171520e+00 -1.340443e+01 2.844870e+00 -1.560418e-01
4.960000e+02 -9.658966e+00 1.171520e+00 -1.351319e+01 2.838705e+00 -1.559997e-01
4.980000e+02 -9.774122e+00 1.171520e+00 -1.362239e+01 2.832640e+00 -1.558928e-01
5.000000e+02 -9.889552e+00 1.171520e+00 -1.373203e+01 2.826672e+00 -1.557191e-01
5.020000e+02 -1.000526e+01 1.171520e+00 -1.384210e+01 2.820801e+00 -1.554768e-01
5.040000e+02 -1.012124e+01 1.171520e+00 -1.395262e+01 2.815023e+00 -1.551639e-01
5.060000e+02 -1.023749e+01 1.171520e+00 -1.406357e+01 2.809337e+00 -1.547784e-01
5.080000e+02 -1.035402e+01 1.171520e+00 -1.417497e+01 2.803740e+00 -1.543186e-01
5.100000e+02 -1.047083e+01 1.171520e+00 -1.428680e+01 2.798231e+00 -1.537824e-01
5.120000e+02 -1.058791e+01 1.171520e+00 -1.439907e+01 2.792807e+00 -1.531680e-01
5.140000e+02 -1.070527e+01 1.171520e+00 -1.451178e+01 2.787467e+00 -1.524738e-01
5.160000e+02 -1.082291e+01 1.171520e+00 -1.462494e+01 2.782209e+00 -1.516978e-01
5.180000e+02 -1.094082e+01 1.171520e+00 -1.473853e+01 2.777031e+00 -1.508384e-01
5.200000e+02 -1.105900e+01 1.171520e+00 -1.485256e+01 2.771931e+00 -1.498939e-01
5.220000e+02 -1.117746e+01 1.171520e+00 -1.496703e+01 2.766908e+00 -1.488628e-01
5.240000e+02 -1.129620e+01 1.171520e+00 -1.508194e+01 2.761961e+00 -1.477436e-01
5.260000e+02 -1.141521e+01 1.171520e+00 -1.519729e+01 2.757087e+00 -1.465347e-01
5.280000e+02 -1.153450e+01 1.171520e+00 -1.531308e+01 2.752285e+00 -1.452348e-01
5.300000e+02 -1.165407e+01 1.171520e+00 -1.542930e+01 2.747554e+00 -1.438428e-01
5.320000e+02 -1.177392e+01 1.171520e+00 -1.554597e+01 2.742892e+00 -1.423573e-01
5.340000e+02 -1.189404e+01 1.171520e+00 -1.566308e+01 2.738298e+00 -1.407773e-01
5.360000e+02 -1.201443e+01 1.171520e+00 -1.578062e+01 2.733770e+00 -1.391018e-01
5.380000e+02 -1.213511e+01 1.171520e+00 -1.589861e+01 2.729308e+00 -1.373301e-01
5.400000e+02 -1.225607e+01 1.171520e+00 -1.601703e+01 2.724909e+00 -1.354613e-01
5.420000e+02 -1.237730e+01 1.171520e+00 -1.613590e+01 2.720572e+00 -1.334948e-01
5.440000e+02 -1.249882e+01 1.171520e+00 -1.625520e+01 2.716297e+00 -1.314303e-01
5.460000e+02 -1.262061e+01 1.171520e+00 -1.637495e+01 2.712082e+00 -1.292673e-01
5.480000e+02 -1.274269e+01 1.171520e+00 -1.649513e+01 2.707925e+00 -1.270056e-01
5.500000e+02 -1.286505e+01 1.171520e+00 -1.661575e+01 2.703827e+00 -1.246453e-01
5.520000e+02 -1.298769e+01 1.171520e+00 -1.673681e+01 2.699785e+00 -1.221863e-01
5.540000e+02 -1.311062e+01 1.171520e+00 -1.685831e+01 2.695798e+00 -1.196291e-01
5.560000e+02 -1.323384e+01 1.171520e+00 -1.698025e+01 2.691866e+00 -1.169739e-01
5.580000e+02 -1.335735e+01 1.171520e+00 -1.710263e+01 2.687988e+00 -1.142214e-01
5.600000e+02 -1.348114e+01 1.171520e+00 -1.722545e+01 2.684162e+00 -1.113724e-01
5.620000e+02 -1.360523e+01 1.171520e+00 -1.734871e+01 2.680387e+00 -1.084277e-01
5.640000e+02 -1.372961e+01 1.171520e+00 -1.747241e+01 2.676663e+00 -1.053884e-01
5.660000e+02 -1.385429e+01 1.171520e+00 -1.759655e+01 2.672988e+00 -1.022559e-01
5.680000e+02 -1.397927e+01 1.171520e+00 -1.772112e+01 2.669362e+00 -9.903139e-02
5.700000e+02 -1.410455e+01 1.171520e+00 -1.784614e+01 2.665784e+00 -9.571660e-02
5.720000e+02 -1.423014e+01 1.171520e+00 -1.797160e+01 2.662252e+00 -9.231324e-02
5.740000e+02 -1.435603e+01 1.171520e+00 -1.809749e+01 2.658767e+00 -8.882323e-02
5.760000e+02 -1.448223e+01 1.171520e+00 -1.822383e+01 2.655327e+00 -8.524865e-02
5.780000e+02 -1.460874e+01 1.171520e+00 -1.835060e+01 2.651931e+00 -8.159173e-02
5.800000e+02 -1.473557e+01 1.171520e+00 -1.847781e+01 2.648579e+00 -7.785484e-02
5.820000e+02 -1.486272e+01 1.171520e+00 -1.860547e+01 2.645269e+00 -7.404053e-02
5.840000e+02 -1.499019e+01 1.171520e+00 -1.873356e+01 2.642002e+00 -7.015147e-02
5.860000e+02 -1.511798e+01 1.171520e+00 -1.886209e+01 2.638776e+00 -6.619047e-02
5.880000e+02 -1.524611e+01 1.171520e+00 -1.899106e+01 2.635590e+00 -6.216046e-02
5.900000e+02 -1.537457e+01 1.171520e+00 -1.912047e+01 2.632445e+00 -5.806451e-02
5.920000e+02 -1.550337e+01 1.171520e+00 -1.925032e+01 2.629338e+00 -5.390580e-02
5.940000e+02 -1.563251e+01 1.171520e+00 -1.938061e+01 2.626271e+00 -4.968760e-02
5.960000e+02 -1.576199e+01 1.171520e+00 -1.951134e+01 2.623241e+00 -4.541329e-02
5.980000e+02 -1.589183e+01 1.171520e+00 -1.964251e+01 2.620248e+00 -4.108634e-02
6.000000e+02 -1.602202e+01 1.171520e+00 -1.977412e+01 2.617291e+00 -3.671029e-02
6.020000e+02 -1.615256e+01 1.171520e+00 -1.990616e+01 2.614371e+00 -3.228875e-02
6.040000e+02 -1.628347e+01 1.171520e+00 -2.003865e+01 2.611486e+00 -2.782539e-02
6.060000e+02 -1.641474e+01 1.171520e+00 -2.017158e+01 2.608636e+00 -2.332392e-02
6.080000e+02 -1.654639e+01 1.171520e+00 -2.030494e+01 2.605820e+00 -1.878810e-02
6.100000e+02 -1.667841e+01 1.171520e+00 -2.043875e+01 2.603038e+00 -1.422171e-02
6.120000e+02 -1.681081e+01 1.171520e+00 -2.057299e+01 2.600288e+00 -9.628541e-03
6.140000e+02 -1.694360e+01 1.171520e+00 -2.070767e+01 2.597572e+00 -5.012404e-03
6.160000e+02 -1.707677e+01 1.171520e+00 -2.084280e+01 2.594887e+00 -3.770972e-04
6.180000e+02 -1.721033e+01 1.171520e+00 -2.097836e+01 2.592233e+00 4.273595e-03
6.200000e+02 -1.734429e+01 1.171520e+00 -2.111436e+01 2.589611e+00 8.935911e-03
6.220000e+02 -1.747866e+01 1.171520e+00 -2.125080e+01 2.587019e+00 1.360612e-02
6.240000e+02 -1.761343e+01 1.171520e+00 -2.138768e+01 2.584457e+00 1.828054e-02
6.260000e+02 -1.774860e+01 1.171520e+00 -2.152500e+01 2.581925e+00 2.295553e-02
6.280000e+02 -1.788420e+01 1.171520e+00 -2.166276e+01 2.579421e+00 2.762752e-02
6.300000e+02 -1.802020e+01 1.171520e+00 -2.180096e+01 2.576947e+00 3.229299e-02
6.320000e+02 -1.815663e+01 1.171520e+00 -2.193960e+01 2.574500e+00 3.694852e-02
6.340000e+02 -1.829349e+01 1.171520e+00 -2.207868e+01 2.572081e+00 4.159076e-02
6.360000e+02 -1.843077e+01 1.171520e+00 -2.221820e+01 2.569689e+00 4.621643e-02
6.380000e+02 -1.856849e+01 1.171520e+00 -2.235815e+01 2.567324e+00 5.082238e-02
6.400000e+02 -1.870664e+01 1.171520e+00 -2.249855e+01 2.564986e+00 5.540552e-02
6.420000e+02 -1.884523e+01 1.171520e+00 -2.263939e+01 2.562673e+00 5.996291e-02
6.440000e+02 -1.898426e+01 1.171520e+00 -2.278066e+01 2.560386e+00 6.449168e-02
6.460000e+02 -1.912374e+01 1.171520e+00 -2.292238e+01 2.558124e+00 6.898909e-02
6.480000e+02 -1.926367e+01 1.171520e+00 -2.306453e+01 2.555888e+00 7.345251e-02
6.500000e+02 -1.940405e+01 1.171520e+00 -2.320712e+01 2.553675e+00 7.787944e-02
6.520000e+02 -1.954488e+01 1.171520e+00 -2.335016e+01 2.551487e+00 8.226748e-02
6.540000e+02 -1.968617e+01 1.171520e+00 -2.349363e+01 2.549322e+00 8.661437e-02
6.560000e+02 -1.982792e+01 1.171520e+00 -2.363754e+01 2.547181e+00 9.091797e-02
6.580000e+02 -1.997013e+01 1.171520e+00 -2.378189e+01 2.545063e+00 9.517626e-02
6.600000e+02 -2.011281e+01 1.171520e+00 -2.392668e+01 2.542967e+00 9.938735e-02
6.620000e+02 -2.025595e+01 1.171520e+00 -2.407191e+01 2.540894e+00 1.035495e-01
6.640000e+02 -2.039956e+01 1.171520e+00 -2.421758e+01 2.538843e+00 1.076609e-01
6.660000e+02 -2.054363e+01 1.171520e+00 -2.436369e+01 2.536814e+00 1.117203e-01
6.680000e+02 -2.068818e+01 1.171520e+00 -2.451024e+01 2.534806e+00 1.157260e-01
6.700000e+02 -2.083321e+01 1.171520e+00 -2.465722e+01 2.532819e+00 1.196770e-01
6.720000e+02 -2.097871e+01 1.171520e+00 -2.480465e+01 2.530853e+00 1.235719e-01
6.740000e+02 -2.112468e+01 1.171520e+00 -2.495252e+01 2.528907e+00 1.274097e-01
6.760000e+02 -2.127113e+01 1.171520e+00 -2.510082e+01 2.526981e+00 1.311895e-01
6.780000e+02 -2.141806e+01 1.171520e+00 -2.524957e+01 2.525076e+00 1.349105e-01
6.800000e+02 -2.156547e+01 1.171520e+00 -2.539875e+01 2.523190e+00 1.385718e-01
6.820000e+02 -2.171336e+01 1.171520e+00 -2.554838e+01 2.521323e+00 1.421730e-01
6.840000e+02 -2.186173e+01 1.171520e+00 -2.569844e+01 2.519476e+00 1.457134e-01
6.860000e+02 -2.201058e+01 1.171520e+00 -2.584894e+01 2.517647e+00 1.491926e-01
6.880000e+02 -2.215992e+01 1.171520e+00 -2.599989e+01 2.515837e+00 1.526103e-01
6.900000e+02 -2.230974e+01 1.171520e+00 -2.615127e+01 2.514045e+00 1.559663e-01
6.920000e+02 -2.246004e+01 1.171520e+00 -2.630309e+01 2.512271e+00 1.592602e-01
6.940000e+02 -2.261082e+01 1.171520e+00 -2.645535e+01 2.510515e+00 1.624922e-01
6.960000e+02 -2.276209e+01 1.171520e+00 -2.660805e+01 2.508776e+00 1.656621e-01
6.980000e+02 -2.291385e+01 1.171520e+00 -2.676119e+01 2.507055e+00 1.687700e-01
7.000000e+02 -2.306608e+01 1.171520e+00 -2.691477e+01 2.505350e+00 1.718161e-01
7.020000e+02 -2.321880e+01 1.171520e+00 -2.706879e+01 2.503663e+00 1.748005e-01
7.040000e+02 -2.337201e+01 1.171520e+00 -2.722325e+01 2.501992e+00 1.777235e-01
7.060000e+02 -2.352570e+01 1.171520e+00 -2.737814e+01 2.500338e+00 1.805854e-01
7.080000e+02 -2.367987e+01 1.171520e+00 -2.753348e+01 2.498699e+00 1.833866e-01
7.100000e+02 -2.383453e+01 1.171520e+00 -2.768926e+01 2.497077e+00 1.861275e-01
7.120000e+02 -2.398967e+01 1.171520e+00 -2.784547e+01 2.495470e+00 1.888086e-01
7.140000e+02 -2.414530e+01 1.171520e+00 -2.800213e+01 2.493879e+00 1.914304e-01
7.160000e+02 -2.430140e+01 1.171520e+00 -2.815922e+01 2.492303e+00 1.939935e-01
7.180000e+02 -2.445799e+01 1.171520e+00 -2.831675e+01 2.490742e+00 1.964984e-01
7.200000e+02 -2.461506e+01 1.171520e+00 -2.847473e+01 2.489197e+00 1.989457e-01
7.220000e+02 -2.477262e+01 1.171520e+00 -2.863314e+01 2.487666e+00 2.013362e-01
7.240000e+02 -2.493065e+01 1.171520e+00 -2.879199e+01 2.486149e+00 2.036705e-01
7.260000e+02 -2.508917e+01 1.171520e+00 -2.895128e+01 2.484647e+00 2.059493e-01
7.280000e+02 -2.524816e+01 1.171520e+00 -2.911101e+01 2.483159e+00 2.081734e-01
7.300000e+02 -2.540764e+01 1.171520e+00 -2.927118e+01 2.481685e+00 2.103436e-01
7.320000e+02 -2.556759e+01 1.171520e+00 -2.943179e+01 2.480224e+00 2.124605e-01
7.340000e+02 -2.572802e+01 1.171520e+00 -2.959284e+01 2.478778e+00 2.145251e-01
7.360000e+02 -2.588893e+01 1.171520e+00 -2.975433e+01 2.477344e+00 2.165381e-01
7.380000e+02 -2.605032e+01 1.171520e+00 -2.991626e+01 2.475924e+00 2.185003e-01
7.400000e+02 -2.621218e+01 1.171520e+00 -3.007863e+01 2.474517e+00 2.204126e-01
7.420000e+02 -2.637452e+01 1.171520e+00 -3.024143e+01 2.473123e+00 2.222757e-01
7.440000e+02 -2.653733e+01 1.171520e+00 -3.040468e+01 2.471742e+00 2.240907e-01
7.460000e+02 -2.670061e+01 1.171520e+00 -3.056837e+01 2.470374e+00 2.258583e-01
7.480000e+02 -2.686438e+01 1.171520e+00 -3.073249e+01 2.469017e+00 2.275793e-01
7.500000e+02 -2.702861e+01 1.171520e+00 -3.089706e+01 2.467674e+00 2.292546e-01
7.520000e+02 -2.719331e+01 1.171520e+00 -3.106206e+01 2.466342e+00 2.308852e-01
7.540000e+02 -2.735849e+01 1.171520e+00 -3.122750e+01 2.465022e+00 2.324718e-01
7.560000e+02 -2.752414e+01 1.171520e+00 -3.139339e+01 2.463714e+00 2.340152e-01
7.580000e+02 -2.769025e+01 1.171520e+00 -3.155971e+01 2.462418e+00 2.355165e-01
7.600000e+02 -2.785684e+01 1.171520e+00 -3.172647e+01 2.461134e+00 2.369763e-01
7.620000e+02 -2.802390e+01 1.171520e+00 -3.189367e+01 2.459861e+00 2.383955e-01
7.640000e+02 -2.819142e+01 1.171520e+00 -3.206131e+01 2.458599e+00 2.397751e-01
7.660000e+02 -2.835941e+01 1.171520e+00 -3.222939e+01 2.457348e+00 2.411158e-01
7.680000e+02 -2.852787e+01 1.171520e+00 -3.239791e+01 2.456108e+00 2.424184e-01
7.700000e+02 -2.869679e+01 1.171520e+00 -3.256687e+01 2.454880e+00 2.436837e-01
7.720000e+02 -2.886617e+01 1.171520e+00 -3.273627e+01 2.453661e+00 2.449127e-01
7.740000e+02 -2.903603e+01 1.171520e+00 -3.290611e+01 2.452454e+00 2.461060e-01
7.760000e+02 -2.920634e+01 1.171520e+00 -3.307638e+01 2.451257e+00 2.472644e-01
7.780000e+02 -2.937712e+01 1.171520e+00 -3.324710e+01 2.450070e+00 2.483888e-01
7.800000e+02 -2.954836e+01 1.171520e+00 -3.341826e+01 2.448894e+00 2.494800e-01
7.820000e+02 -2.972007e+01 1.171520e+00 -3.358985e+01 2.447728e+00 2.505385e-01
7.840000e+02 -2.989223e+01 1.171520e+00 -3.376189e+01 2.446572e+00 2.515653e-01
7.860000e+02 -3.006485e+01 1.171520e+00 -3.393436e+01 2.445425e+00 2.525611e-01
7.880000e+02 -3.023794e+01 1.171520e+00 -3.410727e+01 2.444289e+00 2.535265e-01
7.900000e+02 -3.041148e+01 1.171520e+00 -3.428063e+01 2.443162e+00 2.544623e-01
7.920000e+02 -3.058549e+01 1.171520e+00 -3.445442e+01 2.442045e+00 2.553692e-01
7.940000e+02 -3.075995e+01 1.171520e+00 -3.462865e+01 2.440937e+00 2.562479e-01
7.960000e+02 -3.093487e+01 1.171520e+00 -3.480332e+01 2.439838e+00 2.570991e-01
7.980000e+02 -3.111024e+01 1.171520e+00 -3.497843e+01 2.438749e+00 2.579234e-01
8.000000e+02 -3.128607e+01 1.171520e+00 -3.515398e+01 2.437669e+00 2.587215e-01
8.020000e+02 -3.146236e+01 1.171520e+00 -3.532997e+01 2.436598e+00 2.594940e-01
8.040000e+02 -3.163911e+01 1.171520e+00 -3.550640e+01 2.435535e+00 2.602415e-01
8.060000e+02 -3.181631e+01 1.171520e+00 -3.568327e+01 2.434482e+00 2.609647e-01
8.080000e+02 -3.199396e+01 1.171520e+00 -3.586058e+01 2.433437e+00 2.616642e-01
8.100000e+02 -3.217207e+01 1.171520e+00 -3.603833e+01 2.432401e+00 2.623405e-01
8.120000e+02 -3.235063e+01 1.171520e+00 -3.621651e+01 2.431373e+00 2.629943e-01
8.140000e+02 -3.252964e+01 1.171520e+00 -3.639514e+01 2.430354e+00 2.636261e-01
8.160000e+02 -3.270911e+01 1.171520e+00 -3.657421e+01 2.429343e+00 2.642365e-01
8.180000e+02 -3.288902e+01 1.171520e+00 -3.675371e+01 2.428341e+00 2.648260e-01
8.200000e+02 -3.306939e+01 1.171520e+00 -3.693365e+01 2.427346e+00 2.653951e-01
8.220000e+02 -3.325021e+01 1.171520e+00 -3.711404e+01 2.426360e+00 2.659444e-01
8.240000e+02 -3.343149e+01 1.171520e+00 -3.729486e+01 2.425381e+00 2.664744e-01
8.260000e+02 -3.361321e+01 1.171520e+00 -3.747612e+01 2.424411e+00 2.669855e-01
8.280000e+02 -3.379538e+01 1.171520e+00 -3.765783e+01 2.423448e+00 2.674783e-01
8.300000e+02 -3.397800e+01 1.171520e+00 -3.783997e+01 2.422493e+00 2.679532e-01
8.320000e+02 -3.416107e+01 1.171520e+00 -3.802255e+01 2.421545e+00 2.684108e-01
8.340000e+02 -3.434459e+01 1.171520e+00 -3.820557e+01 2.420605e+00 2.688514e-01
8.360000e+02 -3.452856e+01 1.171520e+00 -3.838903e+01 2.419673e+00 2.692755e-01
8.380000e+02 -3.471298e+01 1.171520e+00 -3.857293e+01 2.418748e+00 2.696835e-01
8.400000e+02 -3.489784e+01 1.171520e+00 -3.875727e+01 2.417830e+00 2.700758e-01
8.420000e+02 -3.508315e+01 1.171520e+00 -3.894205e+01 2.416919e+00 2.704530e-01
8.440000e+02 -3.526891e+01 1.171520e+00 -3.912726e+01 2.416016e+00 2.708153e-01
8.460000e+02 -3.545512e+01 1.171520e+00 -3.931292e+01 2.415119e+00 2.711632e-01
8.480000e+02 -3.564177e+01 1.171520e+00 -3.949902e+01 2.414230e+00 2.714970e-01
8.500000e+02 -3.582887e+01 1.171520e+00 -3.968555e+01 2.413347e+00 2.718172e-01
8.520000e+02 -3.601641e+01 1.171520e+00 -3.987253e+01 2.412472e+00 2.721240e-01
8.540000e+02 -3.620440e+01 1.171520e+00 -4.005994e+01 2.411603e+00 2.724179e-01
8.560000e+02 -3.639284e+01 1.171520e+00 -4.024780e+01 2.410741e+00 2.726992e-01
8.580000e+02 -3.658172e+01 1.171520e+00 -4.043609e+01 2.409885e+00 2.729682e-01
8.600000e+02 -3.677104e+01 1.171520e+00 -4.062482e+01 2.409036e+00 2.732253e-01
8.620000e+02 -3.696081e+01 1.171520e+00 -4.081400e+01 2.408194e+00 2.734708e-01
8.640000e+02 -3.715102e+01 1.171520e+00 -4.100361e+01 2.407358e+00 2.737050e-01
8.660000e+02 -3.734168e+01 1.171520e+00 -4.119366e+01 2.406528e+00 2.739282e-01
8.680000e+02 -3.753278e+01 1.171520e+00 -4.138415e+01 2.405705e+00 2.741407e-01
8.700000e+02 -3.772433e+01 1.171520e+00 -4.157508e+01 2.404887e+00 2.743428e-01
8.720000e+02 -3.791632e+01 1.171520e+00 -4.176645e+01 2.404076e+00 2.745348e-01
8.740000e+02 -3.810875e+01 1.171520e+00 -4.195826e+01 2.403272e+00 2.747169e-01
8.760000e+02 -3.830162e+01 1.171520e+00 -4.215051e+01 2.402473e+00 2.748895e-01
8.780000e+02 -3.849494e+01 1.171520e+00 -4.234319e+01 2.401680e+00 2.750528e-01
8.800000e+02 -3.868870e+01 1.171520e+00 -4.253632e+01 2.400893e+00 2.752070e-01
8.820000e+02 -3.888290e+01 1.171520e+00 -4.272989e+01 2.400112e+00 2.753525e-01
8.840000e+02 -3.907755e+01 1.171520e+00 -4.292389e+01 2.399336e+00 2.754894e-01
8.860000e+02 -3.927263e+01 1.171520e+00 -4.311834e+01 2.398567e+00 2.756179e-01
8.880000e+02 -3.946816e+01 1.171520e+00 -4.331322e+01 2.397803e+00 2.757384e-01
8.900000e+02 -3.966413e+01 1.171520e+00 -4.350855e+01 2.397045e+00 2.758511e-01
8.920000e+02 -3.986054e+01 1.171520e+00 -4.370431e+01 2.396292e+00 2.759560e-01
8.940000e+02 -4.005740e+01 1.171520e+00 -4.390052e+01 2.395545e+00 2.760536e-01
8.960000e+02 -4.025469e+01 1.171520e+00 -4.409716e+01 2.394803e+00 2.761440e-01
8.980000e+02 -4.045243e+01 1.171520e+00 -4.429424e+01 2.394067e+00 2.762273e-01
9.000000e+02 -4.065060e+01 1.171520e+00 -4.449176e+01 2.393336e+00 2.763038e-01
9.020000e+02 -4.084922e+01 1.171520e+00 -4.468972e+01 2.392610e+00 2.763737e-01
9.040000e+02 -4.104828e+01 1.171520e+00 -4.488812e+01 2.391890e+00 2.764371e-01
9.060000e+02 -4.124777e+01 1.171520e+00 -4.508696e+01 2.391174e+00 2.764943e-01
9.080000e+02 -4.144771e+01 1.171520e+00 -4.528624e+01 2.390464e+00 2.765455e-01
9.100000e+02 -4.164809e+01 1.171520e+00 -4.548596e+01 2.389759e+00 2.765907e-01
9.120000e+02 -4.184891e+01 1.171520e+00 -4.568612e+01 2.389059e+00 2.766302e-01
9.140000e+02 -4.205017e+01 1.171520e+00 -4.588672e+01 2.388364e+00 2.766641e-01
9.160000e+02 -4.225187e+01 1.171520e+00 -4.608775e+01 2.387674e+00 2.766926e-01
9.180000e+02 -4.245400e+01 1.171520e+00 -4.628923e+01 2.386989e+00 2.767158e-01
9.200000e+02 -4.265658e+01 1.171520e+00 -4.649114e+01 2.386309e+00 2.767340e-01
9.220000e+02 -4.285960e+01 1.171520e+00 -4.669350e+01 2.385633e+00 2.767472e-01
9.240000e+02 -4.306306e+01 1.171520e+00 -4.689629e+01 2.384963e+00 2.767555e-01
9.260000e+02 -4.326695e+01 1.171520e+00 -4.709953e+01 2.384297e+00 2.767592e-01
9.280000e+02 -4.347129e+01 1.171520e+00 -4.730320e+01 2.383635e+00 2.767584e-01
9.300000e+02 -4.367606e+01 1.171520e+00 -4.750731e+01 2.382979e+00 2.767532e-01
9.320000e+02 -4.388128e+01 1.171520e+00 -4.771187e+01 2.382326e+00 2.767437e-01
9.340000e+02 -4.408693e+01 1.171520e+00 -4.791686e+01 2.381679e+00 2.767300e-01
9.360000e+02 -4.429302e+01 1.171520e+00 -4.812229e+01 2.381036e+00 2.767123e-01
9.380000e+02 -4.449955e+01 1.171520e+00 -4.832816e+01 2.380397e+00 2.766907e-01
9.400000e+02 -4.470652e+01 1.171520e+00 -4.853447e+01 2.379763e+00 2.766654e-01
9.420000e+02 -4.491393e+01 1.171520e+00 -4.874122e+01 2.379133e+00 2.766363e-01
9.440000e+02 -4.512178e+01 1.171520e+00 -4.894841e+01 2.378508e+00 2.766037e-01
9.460000e+02 -4.533006e+01 1.171520e+00 -4.915604e+01 2.377886e+00 2.765676e-01
9.480000e+02 -4.553879e+01 1.171520e+00 -4.936410e+01 2.377269e+00 2.765282e-01
9.500000e+02 -4.574795e+01 1.171520e+00 -4.957261e+01 2.376657e+00 2.764855e-01
9.520000e+02 -4.595755e+01 1.171520e+00 -4.978156e+01 2.376048e+00 2.764396e-01
9.540000e+02 -4.616759e+01 1.171520e+00 -4.999094e+01 2.375443e+00 2.763907e-01
9.560000e+02 -4.637807e+01 1.171520e+00 -5.020077e+01 2.374843e+00 2.763389e-01
9.580000e+02 -4.658898e+01 1.171520e+00 -5.041103e+01 2.374247e+00 2.762841e-01
9.600000e+02 -4.680034e+01 1.171520e+00 -5.062174e+01 2.373654e+00 2.762266e-01
9.620000e+02 -4.701213e+01 1.171520e+00 -5.083288e+01 2.373066e+00 2.761664e-01
9.640000e+02 -4.722436e+01 1.171520e+00 -5.104446e+01 2.372482e+00 2.761036e-01
9.660000e+02 -4.743703e+01 1.171520e+00 -5.125649e+01 2.371901e+00 2.760382e-01
9.680000e+02 -4.765013e+01 1.171520e+00 -5.146895e+01 2.371325e+00 2.759704e-01
9.700000e+02 -4.786368e+01 1.171520e+00 -5.168185e+01 2.370752e+00 2.759002e-01
9.720000e+02 -4.807766e+01 1.171520e+00 -5.189519e+01 2.370183e+00 2.758277e-01
9.740000e+02 -4.829208e+01 1.171520e+00 -5.210897e+01 2.369618e+00 2.757530e-01
9.760000e+02 -4.850694e+01 1.171520e+00 -5.232319e+01 2.369056e+00 2.756762e-01
9.780000e+02 -4.872223e+01 1.171520e+00 -5.253785e+01 2.368498e+00 2.755972e-01
9.800000e+02 -4.893797e+01 1.171520e+00 -5.275295e+01 2.367944e+00 2.755163e-01
9.820000e+02 -4.915414e+01 1.171520e+00 -5.296849e+01 2.367394e+00 2.754334e-01
9.840000e+02 -4.937075e+01 1.171520e+00 -5.318446e+01 2.366847e+00 2.753486e-01
9.860000e+02 -4.958779e+01 1.171520e+00 -5.340088e+01 2.366304e+00 2.752620e-01
9.880000e+02 -4.980528e+01 1.171520e+00 -5.361774e+01 2.365764e+00 2.751736e-01
9.900000e+02 -5.002320e+01 1.171520e+00 -5.383503e+01 2.365228e+00 2.750835e-01
9.920000e+02 -5.024156e+01 1.171520e+00 -5.405277e+01 2.364695e+00 2.749918e-01
9.940000e+02 -5.046036e+01 1.171520e+00 -5.427094e+01 2.364166e+00 2.748985e-01
9.960000e+02 -5.067959e+01 1.171520e+00 -5.448955e+01 2.363640e+00 2.748037e-01
9.980000e+02 -5.089926e+01 1.171520e+00 -5.470861e+01 2.363118e+00 2.747074e-01
1.000000e+03 -5.111937e+01 1.171520e+00 -5.492810e+01 2.362599e+00 2.746096e-01
1.002000e+03 -5.133992e+01 1.171520e+00 -5.514803e+01 2.362083e+00 2.745105e-01
1.004000e+03 -5.156090e+01 1.171520e+00 -5.536840e+01 2.361570e+00 2.744101e-01
1.006000e+03 -5.178233e+01 1.171520e+00 -5.558922e+01 2.361061e+00 2.743084e-01
1.008000e+03 -5.200419e+01 1.171520e+00 -5.581047e+01 2.360555e+00 2.742054e-01
1.010000e+03 -5.222648e+01 1.171520e+00 -5.603216e+01 2.360052e+00 2.741013e-01
1.012000e+03 -5.244922e+01 1.171520e+00 -5.625428e+01 2.359553e+00 2.739960e-01
1.014000e+03 -5.267239e+01 1.171520e+00 -5.647685e+01 2.359057e+00 2.738897e-01
1.016000e+03 -5.289600e+01 1.171520e+00 -5.669986e+01 2.358563e+00 2.737822e-01
1.018000e+03 -5.312004e+01 1.171520e+00 -5.692331e+01 2.358073e+00 2.736738e-01
1.020000e+03 -5.334453e+01 1.171520e+00 -5.714720e+01 2.357586e+00 2.735644e-01
1.022000e+03 -5.356945e+01 1.171520e+00 -5.737152e+01 2.357102e+00 2.734540e-01
1.024000e+03 -5.379480e+01 1.171520e+00 -5.759629e+01 2.356621e+00 2.733428e-01
1.026000e+03 -5.402060e+01 1.171520e+00 -5.782149e+01 2.356143e+00 2.732306e-01
1.028000e+03 -5.424683e+01 1.171520e+00 -5.804714e+01 2.355668e+00 2.731177e-01
1.030000e+03 -5.447350e+01 1.171520e+00 -5.827322e+01 2.355196e+00 2.730039e-01
1.032000e+03 -5.470061e+01 1.171520e+00 -5.849975e+01 2.354727e+00 2.728894e-01
1.034000e+03 -5.492815e+01 1.171520e+00 -5.872671e+01 2.354261e+00 2.727742e-01
1.036000e+03 -5.515613e+01 1.171520e+00 -5.895411e+01 2.353797e+00 2.726583e-01
1.038000e+03 -5.538455e+01 1.171520e+00 -5.918195e+01 2.353337e+00 2.725417e-01
1.040000e+03 -5.561341e+01 1.171520e+00 -5.941023e+01 2.352879e+00 2.724245e-01
1.042000e+03 -5.584270e+01 1.171520e+00 -5.963895e+01 2.352424e+00 2.723067e-01
1.044000e+03 -5.607243e+01 1.171520e+00 -5.986811e+01 2.351972e+00 2.721883e-01
1.046000e+03 -5.630260e+01 1.171520e+00 -6.009771e+01 2.351523e+00 2.720693e-01
1.048000e+03 -5.653321e+01 1.171520e+00 -6.032775e+01 2.351077e+00 2.719498e-01
1.050000e+03 -5.676425e+01 1.171520e+00 -6.055823e+01 2.350633e+00 2.718299e-01
1.052000e+03 -5.699573e+01 1.171520e+00 -6.078915e+01 2.350192e+00 2.717094e-01
1.054000e+03 -5.722764e+01 1.171520e+00 -6.102051e+01 2.349753e+00 2.715886e-01
1.056000e+03 -5.746000e+01 1.171520e+00 -6.125230e+01 2.349317e+00 2.714673e-01
1.058000e+03 -5.769279e+01 1.171520e+00 -6.148454e+01 2.348884e+00 2.713456e-01
1.060000e+03 -5.792602e+01 1.171520e+00 -6.171721e+01 2.348454e+00 2.712235e-01
1.062000e+03 -5.815968e+01 1.171520e+00 -6.195033e+01 2.348026e+00 2.711011e-01
1.064000e+03 -5.839378e+01 1.171520e+00 -6.218388e+01 2.347600e+00 2.709784e-01
1.066000e+03 -5.862832e+01 1.171520e+00 -6.241788e+01 2.347177e+00 2.708553e-01
1.068000e+03 -5.886330e+01 1.171520e+00 -6.265231e+01 2.346757e+00 2.707320e-01
1.070000e+03 -5.909871e+01 1.171520e+00 -6.288718e+01 2.346339e+00 2.706084e-01
1.072000e+03 -5.933457e+01 1.171520e+00 -6.312249e+01 2.345924e+00 2.704846e-01
1.074000e+03 -5.957085e+01 1.171520e+00 -6.335825e+01 2.345511e+00 2.703605e-01
1.076000e+03 -5.980758e+01 1.171520e+00 -6.359444e+01 2.345100e+00 2.702362e-01
1.078000e+03 -6.004474e+01 1.171520e+00 -6.383107e+01 2.344692e+00 2.701118e-01
1.080000e+03 -6.028234e+01 1.171520e+00 -6.406814e+01 2.344287e+00 2.699871e-01
1.082000e+03 -6.052038e+01 1.171520e+00 -6.430565e+01 2.343884e+00 2.698623e-01
1.084000e+03 -6.075885e+01 1.171520e+00 -6.454359e+01 2.343483e+00 2.697374e-01
1.086000e+03 -6.099777e+01 1.171520e+00 -6.478198e+01 2.343084e+00 2.696123e-01
1.088000e+03 -6.123711e+01 1.171520e+00 -6.502081e+01 2.342688e+00 2.694871e-01
1.090000e+03 -6.147690e+01 1.171520e+00 -6.526008e+01 2.342294e+00 2.693619e-01
1.092000e+03 -6.171712e+01 1.171520e+00 -6.549978e+01 2.341903e+00 2.692365e-01
1.094000e+03 -6.195778e+01 1.171520e+00 -6.573993e+01 2.341513e+00 2.691111e-01
1.096000e+03 -6.219888e+01 1.171520e+00 -6.598051e+01 2.341126e+00 2.689857e-01
1.098000e+03 -6.244042e+01 1.171520e+00 -6.622154e+01 2.340741e+00 2.688602e-01
1.100000e+03 -6.268239e+01 1.171520e+00 -6.646300e+01 2.340359e+00 2.687346e-01
1.102000e+03 -6.292480e+01 1.171520e+00 -6.670491e+01 2.339978e+00 2.686091e-01
1.104000e+03 -6.316764e+01 1.171520e+00 -6.694725e+01 2.339600e+00 2.684836e-01
1.106000e+03 -6.341093e+01 1.171520e+00 -6.719003e+01 2.339224e+00 2.683580e-01
1.108000e+03 -6.365465e+01 1.171520e+00 -6.743325e+01 2.338850e+00 2.682326e-01
1.110000e+03 -6.389881e+01 1.171520e+00 -6.767691e+01 2.338478e+00 2.681071e-01
1.112000e+03 -6.414340e+01 1.171520e+00 -6.792101e+01 2.338109e+00 2.679817e-01
1.114000e+03 -6.438844e+01 1.171520e+00 -6.816555e+01 2.337741e+00 2.678563e-01
1.116000e+03 -6.463391e+01 1.171520e+00 -6.841053e+01 2.337376e+00 2.677310e-01
1.118000e+03 -6.487981e+01 1.171520e+00 -6.865595e+01 2.337013e+00 2.676058e-01
1.120000e+03 -6.512616e+01 1.171520e+00 -6.890181e+01 2.336651e+00 2.674807e-01
1.122000e+03 -6.537294e+01 1.171520e+00 -6.914811e+01 2.336292e+00 2.673557e-01
1.124000e+03 -6.562016e+01 1.171520e+00 -6.939484e+01 2.335935e+00 2.672308e-01
1.126000e+03 -6.586781e+01 1.171520e+00 -6.964202e+01 2.335580e+00 2.671060e-01
1.128000e+03 -6.611591e+01 1.171520e+00 -6.988964e+01 2.335226e+00 2.669813e-01
1.130000e+03 -6.636444e+01 1.171520e+00 -7.013769e+01 2.334875e+00 2.668568e-01
1.132000e+03 -6.661341e+01 1.171520e+00 -7.038619e+01 2.334526e+00 2.667324e-01
1.134000e+03 -6.686281e+01 1.171520e+00 -7.063512e+01 2.334178e+00 2.666081e-01
1.136000e+03 -6.711266e+01 1.171520e+00 -7.088449e+01 2.333833e+00 2.664840e-01
1.138000e+03 -6.736294e+01 1.171520e+00 -7.113431e+01 2.333490e+00 2.663601e-01
1.140000e+03 -6.761366e+01 1.171520e+00 -7.138456e+01 2.333148e+00 2.662364e-01
1.142000e+03 -6.786481e+01 1.171520e+00 -7.163525e+01 2.332808e+00 2.661128e-01
1.144000e+03 -6.811640e+01 1.171520e+00 -7.188638e+01 2.332471e+00 2.659894e-01
1.146000e+03 -6.836843e+01 1.171520e+00 -7.213795e+01 2.332135e+00 2.658662e-01
1.148000e+03 -6.862090e+01 1.171520e+00 -7.238996e+01 2.331801e+00 2.657432e-01
1.150000e+03 -6.887380e+01 1.171520e+00 -7.264241e+01 2.331468e+00 2.656204e-01
1.152000e+03 -6.912715e+01 1.171520e+00 -7.289530e+01 2.331138e+00 2.654978e-01
1.154000e+03 -6.938093e+01 1.171520e+00 -7.314863e+01 2.330809e+00 2.653755e-01
1.156000e+03 -6.963514e+01 1.171520e+00 -7.340240e+01 2.330482e+00 2.652533e-01
1.158000e+03 -6.988980e+01 1.171520e+00 -7.365661e+01 2.330157e+00 2.651314e-01
1.160000e+03 -7.014489e+01 1.171520e+00 -7.391125e+01 2.329834e+00 2.650097e-01
1.162000e+03 -7.040042e+01 1.171520e+00 -7.416634e+01 2.329513e+00 2.648883e-01
1.164000e+03 -7.065638e+01 1.171520e+00 -7.442186e+01 2.329193e+00 2.647671e-01
1.166000e+03 -7.091279e+01 1.171520e+00 -7.467783e+01 2.328875e+00 2.646461e-01
1.168000e+03 -7.116963e+01 1.171520e+00 -7.493423e+01 2.328558e+00 2.645254e-01
1.170000e+03 -7.142691e+01 1.171520e+00 -7.519108e+01 2.328244e+00 2.644050e-01
1.172000e+03 -7.168462e+01 1.171520e+00 -7.544836e+01 2.327931e+00 2.642848e-01
1.174000e+03 -7.194278e+01 1.171520e+00 -7.570608e+01 2.327620e+00 2.641649e-01
1.176000e+03 -7.220137e+01 1.171520e+00 -7.596424e+01 2.327310e+00 2.640452e-01
1.178000e+03 -7.246040e+01 1.171520e+00 -7.622285e+01 2.327002e+00 2.639258e-01
1.180000e+03 -7.271986e+01 1.171520e+00 -7.648189e+01 2.326696e+00 2.638067e-01
1.182000e+03 -7.297977e+01 1.171520e+00 -7.674137e+01 2.326391e+00 2.636879e-01
1.184000e+03 -7.324011e+01 1.171520e+00 -7.700129e+01 2.326088e+00 2.635694e-01
1.186000e+03 -7.350089e+01 1.171520e+00 -7.726165e+01 2.325787e+00 2.634511e-01
1.188000e+03 -7.376210e+01 1.171520e+00 -7.752245e+01 2.325487e+00 2.633332e-01
1.190000e+03 -7.402376e+01 1.171520e+00 -7.778368e+01 2.325189e+00 2.632155e-01
1.192000e+03 -7.428585e+01 1.171520e+00 -7.804536e+01 2.324892e+00 2.630981e-01
1.194000e+03 -7.454838e+01 1.171520e+00 -7.830748e+01 2.324597e+00 2.629810e-01
1.196000e+03 -7.481135e+01 1.171520e+00 -7.857003e+01 2.324304e+00 2.628643e-01
1.198000e+03 -7.507475e+01 1.171520e+00 -7.883303e+01 2.324012e+00 2.627478e-01
1.200000e+03 -7.533859e+01 1.171520e+00 -7.909646e+01 2.323721e+00 2.626317e-01
1.202000e+03 -7.560287e+01 1.171520e+00 -7.936034e+01 2.323432e+00 2.625158e-01
1.204000e+03 -7.586759e+01 1.171520e+00 -7.962465e+01 2.323145e+00 2.624003e-01
1.206000e+03 -7.613274e+01 1.171520e+00 -7.988941e+01 2.322859e+00 2.622850e-01
1.208000e+03 -7.639834e+01 1.171520e+00 -8.015460e+01 2.322574e+00 2.621701e-01
1.210000e+03 -7.666437e+01 1.171520e+00 -8.042023e+01 2.322292e+00 2.620555e-01
1.212000e+03 -7.693083e+01 1.171520e+00 -8.068630e+01 2.322010e+00 2.619413e-01
1.214000e+03 -7.719774e+01 1.171520e+00 -8.095281e+01 2.321730e+00 2.618273e-01
1.216000e+03 -7.746508e+01 1.171520e+00 -8.121977e+01 2.321451e+00 2.617137e-01
1.218000e+03 -7.773286e+01 1.171520e+00 -8.148716e+01 2.321174e+00 2.616004e-01
1.220000e+03 -7.800108e+01 1.171520e+00 -8.175498e+01 2.320899e+00 2.614874e-01
1.222000e+03 -7.826973e+01 1.171520e+00 -8.202325e+01 2.320624e+00 2.613748e-01
1.224000e+03 -7.853883e+01 1.171520e+00 -8.229196e+01 2.320351e+00 2.612625e-01
1.226000e+03 -7.880836e+01 1.171520e+00 -8.256111e+01 2.320080e+00 2.611505e-01
1.228000e+03 -7.907833e+01 1.171520e+00 -8.283070e+01 2.319810e+00 2.610389e-01
1.230000e+03 -7.934873e+01 1.171520e+00 -8.310072e+01 2.319541e+00 2.609276e-01
1.232000e+03 -7.961958e+01 1.171520e+00 -8.337119e+01 2.319274e+00 2.608166e-01
1.234000e+03 -7.989086e+01 1.171520e+00 -8.364209e+01 2.319008e+00 2.607059e-01
1.236000e+03 -8.016258e+01 1.171520e+00 -8.391344e+01 2.318743e+00 2.605956e-01
1.238000e+03 -8.043474e+01 1.171520e+00 -8.418522e+01 2.318480e+00 2.604857e-01
1.240000e+03 -8.070733e+01 1.171520e+00 -8.445745e+01 2.318218e+00 2.603760e-01
1.242000e+03 -8.098037e+01 1.171520e+00 -8.473011e+01 2.317957e+00 2.602668e-01
1.244000e+03 -8.125384e+01 1.171520e+00 -8.500321e+01 2.317698e+00 2.601578e-01
1.246000e+03 -8.152775e+01 1.171520e+00 -8.527676e+01 2.317440e+00 2.600492e-01
1.248000e+03 -8.180209e+01 1.171520e+00 -8.555074e+01 2.317183e+00 2.599410e-01
1.250000e+03 -8.207688e+01 1.171520e+00 -8.582516e+01 2.316928e+00 2.598330e-01
1.252000e+03 -8.235210e+01 1.171520e+00 -8.610002e+01 2.316673e+00 2.597255e-01
1.254000e+03 -8.262776e+01 1.171520e+00 -8.637532e+01 2.316420e+00 2.596182e-01
1.256000e+03 -8.290386e+01 1.171520e+00 -8.665106e+01 2.316169e+00 2.595114e-01
1.258000e+03 -8.318039e+01 1.171520e+00 -8.692723e+01 2.315918e+00 2.594048e-01
1.260000e+03 -8.345736e+01 1.171520e+00 -8.720385e+01 2.315669e+00 2.592986e-01
1.262000e+03 -8.373478e+01 1.171520e+00 -8.748091e+01 2.315421e+00 2.591928e-01
1.264000e+03 -8.401262e+01 1.171520e+00 -8.775841e+01 2.315175e+00 2.590873e-01
1.266000e+03 -8.429091e+01 1.171520e+00 -8.803634e+01 2.314929e+00 2.589821e-01
1.268000e+03 -8.456964e+01 1.171520e+00 -8.831472e+01 2.314685e+00 2.588773e-01
1.270000e+03 -8.484880e+01 1.171520e+00 -8.859353e+01 2.314442e+00 2.587728e-01
1.272000e+03 -8.512840e+01 1.171520e+00 -8.887279e+01 2.314200e+00 2.586687e-01
1.274000e+03 -8.540844e+01 1.171520e+00 -8.915248e+01 2.313959e+00 2.585649e-01
1.276000e+03 -8.568891e+01 1.171520e+00 -8.943262e+01 2.313720e+00 2.584615e-01
1.278000e+03 -8.596983e+01 1.171520e+00 -8.971319e+01 2.313482e+00 2.583584e-01
1.280000e+03 -8.625118e+01 1.171520e+00 -8.999420e+01 2.313245e+00 2.582557e-01
1.282000e+03 -8.653297e+01 1.171520e+00 -9.027565e+01 2.313009e+00 2.581533e-01
1.284000e+03 -8.681520e+01 1.171520e+00 -9.055754e+01 2.312774e+00 2.580513e-01
1.286000e+03 -8.709786e+01 1.171520e+00 -9.083987e+01 2.312540e+00 2.579496e-01
1.288000e+03 -8.738097e+01 1.171520e+00 -9.112264e+01 2.312308e+00 2.578483e-01
1.290000e+03 -8.766451e+01 1.171520e+00 -9.140585e+01 2.312076e+00 2.577473e-01
1.292000e+03 -8.794849e+01 1.171520e+00 -9.168950e+01 2.311846e+00 2.576466e-01
1.294000e+03 -8.823291e+01 1.171520e+00 -9.197359e+01 2.311617e+00 2.575463e-01
1.296000e+03 -8.851776e+01 1.171520e+00 -9.225812e+01 2.311389e+00 2.574463e-01
1.298000e+03 -8.880306e+01 1.171520e+00 -9.254308e+01 2.311162e+00 2.573467e-01
1.300000e+03 -8.908879e+01 1.171520e+00 -9.282849e+01 2.310936e+00 2.572474e-01
1.302000e+03 -8.937496e+01 1.171520e+00 -9.311434e+01 2.310711e+00 2.571485e-01
1.304000e+03 -8.966156e+01 1.171520e+00 -9.340062e+01 2.310487e+00 2.570499e-01
1.306000e+03 -8.994861e+01 1.171520e+00 -9.368735e+01 2.310264e+00 2.569517e-01
1.308000e+03 -9.023609e+01 1.171520e+00 -9.397451e+01 2.310043e+00 2.568538e-01
1.310000e+03 -9.052401e+01 1.171520e+00 -9.426211e+01 2.309822e+00 2.567562e-01
1.312000e+03 -9.081237e+01 1.171520e+00 -9.455016e+01 2.309603e+00 2.566590e-01
1.314000e+03 -9.110117e+01 1.171520e+00 -9.483864e+01 2.309384e+00 2.565621e-01
1.316000e+03 -9.139041e+01 1.171520e+00 -9.512756e+01 2.309167e+00 2.564656e-01
1.318000e+03 -9.168008e+01 1.171520e+00 -9.541692e+01 2.308951e+00 2.563694e-01
1.320000e+03 -9.197019e+01 1.171520e+00 -9.570672e+01 2.308735e+00 2.562736e-01
1.322000e+03 -9.226074e+01 1.171520e+00 -9.599696e+01 2.308521e+00 2.561781e-01
1.324000e+03 -9.255173e+01 1.171520e+00 -9.628764e+01 2.308307e+00 2.560829e-01
1.326000e+03 -9.284316e+01 1.171520e+00 -9.657876e+01 2.308095e+00 2.559880e-01
1.328000e+03 -9.313502e+01 1.171520e+00 -9.687032e+01 2.307884e+00 2.558935e-01
1.330000e+03 -9.342732e+01 1.171520e+00 -9.716232e+01 2.307673e+00 2.557994e-01
1.332000e+03 -9.372006e+01 1.171520e+00 -9.745475e+01 2.307464e+00 2.557055e-01
1.334000e+03 -9.401324e+01 1.171520e+00 -9.774763e+01 2.307256e+00 2.556121e-01
1.336000e+03 -9.430686e+01 1.171520e+00 -9.804095e+01 2.307048e+00 2.555189e-01
1.338000e+03 -9.460091e+01 1.171520e+00 -9.833470e+01 2.306842e+00 2.554261e-01
1.340000e+03 -9.489541e+01 1.171520e+00 -9.862890e+01 2.306636e+00 2.553336e-01
1.342000e+03 -9.519034e+01 1.171520e+00 -9.892353e+01 2.306432e+00 2.552414e-01
1.344000e+03 -9.548571e+01 1.171520e+00 -9.921861e+01 2.306228e+00 2.551496e-01
1.346000e+03 -9.578152e+01 1.171520e+00 -9.951412e+01 2.306026e+00 2.550581e-01
1.348000e+03 -9.607776e+01 1.171520e+00 -9.981007e+01 2.305824e+00 2.549669e-01
1.350000e+03 -9.637444e+01 1.171520e+00 -1.001065e+02 2.305623e+00 2.548761e-01
1.352000e+03 -9.667157e+01 1.171520e+00 -1.004033e+02 2.305423e+00 2.547856e-01
1.354000e+03 -9.696913e+01 1.171520e+00 -1.007006e+02 2.305224e+00 2.546954e-01
1.356000e+03 -9.726712e+01 1.171520e+00 -1.009983e+02 2.305026e+00 2.546055e-01
1.358000e+03 -9.756556e+01 1.171520e+00 -1.012964e+02 2.304829e+00 2.545160e-01
1.360000e+03 -9.786444e+01 1.171520e+00 -1.015950e+02 2.304633e+00 2.544268e-01
1.362000e+03 -9.816375e+01 1.171520e+00 -1.018940e+02 2.304438e+00 2.543379e-01
1.364000e+03 -9.846350e+01 1.171520e+00 -1.021935e+02 2.304243e+00 2.542493e-01
1.366000e+03 -9.876369e+01 1.171520e+00 -1.024934e+02 2.304050e+00 2.541611e-01
1.368000e+03 -9.906432e+01 1.171520e+00 -1.027938e+02 2.303857e+00 2.540732e-01
1.370000e+03 -9.936538e+01 1.171520e+00 -1.030946e+02 2.303665e+00 2.539856e-01
1.372000e+03 -9.966689e+01 1.171520e+00 -1.033958e+02 2.303474e+00 2.538983e-01
1.374000e+03 -9.996883e+01 1.171520e+00 -1.036974e+02 2.303284e+00 2.538114e-01
1.376000e+03 -1.002712e+02 1.171520e+00 -1.039995e+02 2.303095e+00 2.537247e-01
1.378000e+03 -1.005740e+02 1.171520e+00 -1.043021e+02 2.302907e+00 2.536384e-01
1.380000e+03 -1.008773e+02 1.171520e+00 -1.046051e+02 2.302719e+00 2.535524e-01
1.382000e+03 -1.011810e+02 1.171520e+00 -1.049085e+02 2.302533e+00 2.534667e-01
1.384000e+03 -1.014851e+02 1.171520e+00 -1.052124e+02 2.302347e+00 2.533813e-01
1.386000e+03 -1.017897e+02 1.171520e+00 -1.055167e+02 2.302162e+00 2.532962e-01
1.388000e+03 -1.020947e+02 1.171520e+00 -1.058214e+02 2.301978e+00 2.532115e-01
1.390000e+03 -1.024001e+02 1.171520e+00 -1.061266e+02 2.301795e+00 2.531270e-01
1.392000e+03 -1.027060e+02 1.171520e+00 -1.064322e+02 2.301612e+00 2.530429e-01
1.394000e+03 -1.030124e+02 1.171520e+00 -1.067383e+02 2.301430e+00 2.529591e-01
1.396000e+03 -1.033191e+02 1.171520e+00 -1.070448e+02 2.301249e+00 2.528755e-01
1.398000e+03 -1.036263e+02 1.171520e+00 -1.073517e+02 2.301069e+00 2.527923e-01
1.400000e+03 -1.039340e+02 1.171520e+00 -1.076591e+02 2.300890e+00 2.527094e-01
1.402000e+03 -1.042420e+02 1.171520e+00 -1.079669e+02 2.300712e+00 2.526268e-01
1.404000e+03 -1.045506e+02 1.171520e+00 -1.082752e+02 2.300534e+00 2.525445e-01
1.406000e+03 -1.048595e+02 1.171520e+00 -1.085838e+02 2.300357e+00 2.524625e-01
1.408000e+03 -1.051689e+02 1.171520e+00 -1.088930e+02 2.300181e+00 2.523808e-01
1.410000e+03 -1.054787e+02 1.171520e+00 -1.092026e+02 2.300006e+00 2.522994e-01
1.412000e+03 -1.057890e+02 1.171520e+00 -1.095126e+02 2.299831e+00 2.522183e-01
1.414000e+03 -1.060997e+02 1.171520e+00 -1.098230e+02 2.299657e+00 2.521375e-01
1.416000e+03 -1.064109e+02 1.171520e+00 -1.101339e+02 2.299484e+00 2.520570e-01
1.418000e+03 -1.067224e+02 1.171520e+00 -1.104453e+02 2.299312e+00 2.519768e-01
1.420000e+03 -1.070345e+02 1.171520e+00 -1.107570e+02 2.299140e+00 2.518969e-01
1.422000e+03 -1.073469e+02 1.171520e+00 -1.110692e+02 2.298970e+00 2.518173e-01
1.424000e+03 -1.076598e+02 1.171520e+00 -1.113819e+02 2.298800e+00 2.517379e-01
1.426000e+03 -1.079732e+02 1.171520e+00 -1.116950e+02 2.298630e+00 2.516589e-01
1.428000e+03 -1.082869e+02 1.171520e+00 -1.120085e+02 2.298462e+00 2.515802e-01
1.430000e+03 -1.086012e+02 1.171520e+00 -1.123225e+02 2.298294e+00 2.515017e-01
1.432000e+03 -1.089158e+02 1.171520e+00 -1.126369e+02 2.298127e+00 2.514236e-01
1.434000e+03 -1.092309e+02 1.171520e+00 -1.129517e+02 2.297960e+00 2.513457e-01
1.436000e+03 -1.095464e+02 1.171520e+00 -1.132670e+02 2.297795e+00 2.512681e-01
1.438000e+03 -1.098624e+02 1.171520e+00 -1.135827e+02 2.297630e+00 2.511908e-01
1.440000e+03 -1.101788e+02 1.171520e+00 -1.138989e+02 2.297466e+00 2.511138e-01
1.442000e+03 -1.104957e+02 1.171520e+00 -1.142155e+02 2.297302e+00 2.510371e-01
1.444000e+03 -1.108129e+02 1.171520e+00 -1.145326e+02 2.297139e+00 2.509606e-01
1.446000e+03 -1.111307e+02 1.171520e+00 -1.148500e+02 2.296977e+00 2.508844e-01
1.448000e+03 -1.114488e+02 1.171520e+00 -1.151680e+02 2.296816e+00 2.508086e-01
1.450000e+03 -1.117674e+02 1.171520e+00 -1.154863e+02 2.296655e+00 2.507330e-01
1.452000e+03 -1.120865e+02 1.171520e+00 -1.158051e+02 2.296495e+00 2.506576e-01
1.454000e+03 -1.124059e+02 1.171520e+00 -1.161244e+02 2.296335e+00 2.505826e-01
1.456000e+03 -1.127259e+02 1.171520e+00 -1.164441e+02 2.296177e+00 2.505078e-01
1.458000e+03 -1.130462e+02 1.171520e+00 -1.167642e+02 2.296019e+00 2.504333e-01
1.460000e+03 -1.133670e+02 1.171520e+00 -1.170847e+02 2.295861e+00 2.503591e-01
1.462000e+03 -1.136882e+02 1.171520e+00 -1.174057e+02 2.295705e+00 2.502851e-01
1.464000e+03 -1.140099e+02 1.171520e+00 -1.177272e+02 2.295549e+00 2.502114e-01
1.466000e+03 -1.143320e+02 1.171520e+00 -1.180491e+02 2.295393e+00 2.501380e-01
1.468000e+03 -1.146546e+02 1.171520e+00 -1.183714e+02 2.295238e+00 2.500649e-01
1.470000e+03 -1.149775e+02 1.171520e+00 -1.186941e+02 2.295084e+00 2.499920e-01
1.472000e+03 -1.153010e+02 1.171520e+00 -1.190173e+02 2.294931e+00 2.499194e-01
1.474000e+03 -1.156248e+02 1.171520e+00 -1.193410e+02 2.294778e+00 2.498471e-01
1.476000e+03 -1.159491e+02 1.171520e+00 -1.196650e+02 2.294626e+00 2.497750e-01
1.478000e+03 -1.162739e+02 1.171520e+00 -1.199896e+02 2.294475e+00 2.497032e-01
1.480000e+03 -1.165990e+02 1.171520e+00 -1.203145e+02 2.294324e+00 2.496317e-01
1.482000e+03 -1.169247e+02 1.171520e+00 -1.206399e+02 2.294174e+00 2.495604e-01
1.484000e+03 -1.172507e+02 1.171520e+00 -1.209657e+02 2.294024e+00 2.494894e-01
1.486000e+03 -1.175772e+02 1.171520e+00 -1.212920e+02 2.293875e+00 2.494186e-01
1.488000e+03 -1.179041e+02 1.171520e+00 -1.216187e+02 2.293727e+00 2.493481e-01
1.490000e+03 -1.182315e+02 1.171520e+00 -1.219459e+02 2.293579e+00 2.492779e-01
1.492000e+03 -1.185593e+02 1.171520e+00 -1.222735e+02 2.293432e+00 2.492079e-01
1.494000e+03 -1.188876e+02 1.171520e+00 -1.226015e+02 2.293285e+00 2.491382e-01
1.496000e+03 -1.192162e+02 1.171520e+00 -1.229300e+02 2.293139e+00 2.490687e-01
1.498000e+03 -1.195454e+02 1.171520e+00 -1.232589e+02 2.292994e+00 2.489995e-01
1.500000e+03 -1.198749e+02 1.171520e+00 -1.235882e+02 2.292849e+00 2.489305e-01
1.502000e+03 -1.202049e+02 1.171520e+00 -1.239180e+02 2.292705e+00 2.488618e-01
1.504000e+03 -1.205354e+02 1.171520e+00 -1.242482e+02 2.292562e+00 2.487934e-01
1.506000e+03 -1.208662e+02 1.171520e+00 -1.245789e+02 2.292419e+00 2.487252e-01
1.508000e+03 -1.211976e+02 1.171520e+00 -1.249100e+02 2.292276e+00 2.486572e-01
1.510000e+03 -1.215293e+02 1.171520e+00 -1.252416e+02 2.292135e+00 2.485895e-01
1.512000e+03 -1.218615e+02 1.171520e+00 -1.255735e+02 2.291993e+00 2.485220e-01
1.514000e+03 -1.221941e+02 1.171520e+00 -1.259060e+02 2.291853e+00 2.484548e-01
1.516000e+03 -1.225272e+02 1.171520e+00 -1.262388e+02 2.291713e+00 2.483879e-01
1.518000e+03 -1.228607e+02 1.171520e+00 -1.265721e+02 2.291573e+00 2.483211e-01
1.520000e+03 -1.231947e+02 1.171520e+00 -1.269059e+02 2.291434e+00 2.482546e-01
1.522000e+03 -1.235291e+02 1.171520e+00 -1.272401e+02 2.291296e+00 2.481884e-01
1.524000e+03 -1.238639e+02 1.171520e+00 -1.275747e+02 2.291158e+00 2.481224e-01
1.526000e+03 -1.241992e+02 1.171520e+00 -1.279097e+02 2.291021e+00 2.480566e-01
1.528000e+03 -1.245349e+02 1.171520e+00 -1.282453e+02 2.290884e+00 2.479911e-01
1.530000e+03 -1.248710e+02 1.171520e+00 -1.285812e+02 2.290748e+00 2.479258e-01
1.532000e+03 -1.252076e+02 1.171520e+00 -1.289176e+02 2.290613e+00 2.478608e-01
1.534000e+03 -1.255446e+02 1.171520e+00 -1.292544e+02 2.290478e+00 2.477960e-01
1.536000e+03 -1.258821e+02 1.171520e+00 -1.295916e+02 2.290343e+00 2.477314e-01
1.538000e+03 -1.262199e+02 1.171520e+00 -1.299293e+02 2.290209e+00 2.476671e-01
1.540000e+03 -1.265583e+02 1.171520e+00 -1.302675e+02 2.290076e+00 2.476030e-01
1.542000e+03 -1.268971e+02 1.171520e+00 -1.306061e+02 2.289943e+00 2.475391e-01
1.544000e+03 -1.272363e+02 1.171520e+00 -1.309451e+02 2.289811e+00 2.474755e-01
1.546000e+03 -1.275759e+02 1.171520e+00 -1.312845e+02 2.289679e+00 2.474121e-01
1.548000e+03 -1.279160e+02 1.171520e+00 -1.316244e+02 2.289548e+00 2.473489e-01
1.550000e+03 -1.282565e+02 1.171520e+00 -1.319648e+02 2.289417e+00 2.472859e-01
