1.000000e+02 -2.478628e-02 0.000000e+00 -2.999876e-03 -2.312666e-03 -1.947374e-02
1.020000e+02 -2.667583e-02 0.000000e+00 -3.183487e-03 -2.482400e-03 -2.100994e-02
1.040000e+02 -2.868832e-02 0.000000e+00 -3.374442e-03 -2.662296e-03 -2.265158e-02
1.060000e+02 -3.083164e-02 0.000000e+00 -3.572884e-03 -2.852909e-03 -2.440584e-02
1.080000e+02 -3.311426e-02 0.000000e+00 -3.778956e-03 -3.054827e-03 -2.628047e-02
1.100000e+02 -3.554531e-02 0.000000e+00 -3.992804e-03 -3.268674e-03 -2.828383e-02
1.120000e+02 -3.813463e-02 0.000000e+00 -4.214570e-03 -3.495113e-03 -3.042494e-02
1.140000e+02 -4.089284e-02 0.000000e+00 -4.444399e-03 -3.734849e-03 -3.271359e-02
1.160000e+02 -4.383141e-02 0.000000e+00 -4.682435e-03 -3.988633e-03 -3.516034e-02
1.180000e+02 -4.696276e-02 0.000000e+00 -4.928821e-03 -4.257263e-03 -3.777668e-02
1.200000e+02 -5.030032e-02 0.000000e+00 -5.183702e-03 -4.541590e-03 -4.057503e-02
1.220000e+02 -5.385866e-02 0.000000e+00 -5.447221e-03 -4.842522e-03 -4.356892e-02
1.240000e+02 -5.765357e-02 0.000000e+00 -5.719523e-03 -5.161026e-03 -4.677302e-02
1.260000e+02 -6.170222e-02 0.000000e+00 -6.000751e-03 -5.498136e-03 -5.020333e-02
1.280000e+02 -6.602329e-02 0.000000e+00 -6.291049e-03 -5.854956e-03 -5.387728e-02
1.300000e+02 -7.063711e-02 0.000000e+00 -6.590561e-03 -6.232667e-03 -5.781388e-02
1.320000e+02 -7.556584e-02 0.000000e+00 -6.899431e-03 -6.632532e-03 -6.203388e-02
1.340000e+02 -8.083370e-02 0.000000e+00 -7.217803e-03 -7.055905e-03 -6.655999e-02
1.360000e+02 -8.646713e-02 0.000000e+00 -7.545821e-03 -7.504237e-03 -7.141707e-02
1.380000e+02 -9.249509e-02 0.000000e+00 -7.883629e-03 -7.979083e-03 -7.663238e-02
1.400000e+02 -9.894929e-02 0.000000e+00 -8.231370e-03 -8.482114e-03 -8.223581e-02
1.420000e+02 -1.058646e-01 0.000000e+00 -8.589189e-03 -9.015126e-03 -8.826025e-02
1.440000e+02 -1.132792e-01 0.000000e+00 -8.957230e-03 -9.580048e-03 -9.474189e-02
1.460000e+02 -1.212352e-01 0.000000e+00 -9.335636e-03 -1.017896e-02 -1.017206e-01
1.480000e+02 -1.297791e-01 0.000000e+00 -9.724551e-03 -1.081410e-02 -1.092404e-01
1.500000e+02 -1.389619e-01 0.000000e+00 -1.012412e-02 -1.148789e-02 -1.173499e-01
1.520000e+02 -1.488404e-01 0.000000e+00 -1.053448e-02 -1.220293e-02 -1.261030e-01
1.540000e+02 -1.594771e-01 0.000000e+00 -1.095579e-02 -1.296204e-02 -1.355593e-01
1.560000e+02 -1.709415e-01 0.000000e+00 -1.138818e-02 -1.376827e-02 -1.457851e-01
1.580000e+02 -1.833107e-01 0.000000e+00 -1.183180e-02 -1.462492e-02 -1.568539e-01
1.600000e+02 -1.966702e-01 0.000000e+00 -1.228679e-02 -1.553557e-02 -1.688479e-01
1.620000e+02 -2.111158e-01 0.000000e+00 -1.275330e-02 -1.650411e-02 -1.818584e-01
1.640000e+02 -2.267537e-01 0.000000e+00 -1.323147e-02 -1.753475e-02 -1.959874e-01
1.660000e+02 -2.437029e-01 0.000000e+00 -1.372144e-02 -1.863208e-02 -2.113494e-01
1.680000e+02 -2.620965e-01 0.000000e+00 -1.422336e-02 -1.980112e-02 -2.280721e-01
1.700000e+02 -2.820837e-01 0.000000e+00 -1.473737e-02 -2.104730e-02 -2.462991e-01
1.720000e+02 -3.038318e-01 0.000000e+00 -1.526362e-02 -2.237659e-02 -2.661916e-01
1.740000e+02 -3.275289e-01 0.000000e+00 -1.580225e-02 -2.379550e-02 -2.879311e-01
1.760000e+02 -3.533865e-01 0.000000e+00 -1.635340e-02 -2.531115e-02 -3.117220e-01
1.780000e+02 -3.816433e-01 0.000000e+00 -1.691722e-02 -2.693136e-02 -3.377947e-01
1.800000e+02 -4.125681e-01 0.000000e+00 -1.749385e-02 -2.866471e-02 -3.664096e-01
1.820000e+02 -4.464647e-01 0.000000e+00 -1.808343e-02 -3.052065e-02 -3.978606e-01
1.840000e+02 -4.836760e-01 0.000000e+00 -1.868611e-02 -3.250955e-02 -4.324804e-01
1.860000e+02 -5.245899e-01 0.000000e+00 -1.930204e-02 -3.464289e-02 -4.706450e-01
1.880000e+02 -5.696446e-01 0.000000e+00 -1.993135e-02 -3.693334e-02 -5.127799e-01
1.900000e+02 -6.193350e-01 0.000000e+00 -2.057419e-02 -3.939491e-02 -5.593659e-01
1.920000e+02 -6.742196e-01 0.000000e+00 -2.123070e-02 -4.204315e-02 -6.109457e-01
1.940000e+02 -7.349271e-01 0.000000e+00 -2.190104e-02 -4.489534e-02 -6.681308e-01
1.960000e+02 -8.021635e-01 0.000000e+00 -2.258533e-02 -4.797067e-02 -7.316075e-01
1.980000e+02 -8.767174e-01 0.000000e+00 -2.328373e-02 -5.129059e-02 -8.021431e-01
2.000000e+02 -9.594646e-01 0.000000e+00 -2.399638e-02 -5.487902e-02 -8.805892e-01
2.020000e+02 -1.051368e+00 0.000000e+00 -2.472342e-02 -5.876276e-02 -9.678821e-01
2.040000e+02 -1.153475e+00 0.000000e+00 -2.546500e-02 -6.297188e-02 -1.065038e+00
2.060000e+02 -1.266902e+00 0.000000e+00 -2.622126e-02 -6.754018e-02 -1.173141e+00
2.080000e+02 -1.392810e+00 0.000000e+00 -2.699234e-02 -7.250575e-02 -1.293311e+00
2.100000e+02 -1.532359e+00 0.000000e+00 -2.777839e-02 -7.791162e-02 -1.426669e+00
2.120000e+02 -1.686642e+00 0.000000e+00 -2.857956e-02 -8.380652e-02 -1.574256e+00
2.140000e+02 -1.856577e+00 0.000000e+00 -2.939597e-02 -9.024576e-02 -1.736936e+00
2.160000e+02 -2.042761e+00 0.000000e+00 -3.022779e-02 -9.729227e-02 -1.915241e+00
2.180000e+02 -2.245273e+00 0.000000e+00 -3.107515e-02 -1.050179e-01 -2.109180e+00
2.200000e+02 -2.463421e+00 0.000000e+00 -3.193820e-02 -1.135048e-01 -2.317978e+00
2.220000e+02 -2.695452e+00 0.000000e+00 -3.281708e-02 -1.228472e-01 -2.539787e+00
2.240000e+02 -2.938241e+00 0.000000e+00 -3.371193e-02 -1.331536e-01 -2.771376e+00
2.260000e+02 -3.187030e+00 0.000000e+00 -3.462290e-02 -1.445492e-01 -3.007858e+00
2.280000e+02 -3.435289e+00 0.000000e+00 -3.555014e-02 -1.571788e-01 -3.242560e+00
2.300000e+02 -3.674830e+00 0.000000e+00 -3.649378e-02 -1.712105e-01 -3.467126e+00
2.320000e+02 -3.896257e+00 0.000000e+00 -3.745396e-02 -1.868398e-01 -3.671964e+00
2.340000e+02 -4.089808e+00 0.000000e+00 -3.843084e-02 -2.042952e-01 -3.847082e+00
2.360000e+02 -4.246517e+00 0.000000e+00 -3.942456e-02 -2.238438e-01 -3.983249e+00
2.380000e+02 -4.359494e+00 0.000000e+00 -4.043526e-02 -2.457992e-01 -4.073259e+00
2.400000e+02 -4.425004e+00 0.000000e+00 -4.146308e-02 -2.705302e-01 -4.113011e+00
2.420000e+02 -4.443063e+00 0.000000e+00 -4.250817e-02 -2.984711e-01 -4.102084e+00
2.440000e+02 -4.417374e+00 0.000000e+00 -4.357067e-02 -3.301345e-01 -4.043669e+00
2.460000e+02 -4.354664e+00 0.000000e+00 -4.465073e-02 -3.661253e-01 -3.943888e+00
2.480000e+02 -4.263630e+00 0.000000e+00 -4.574848e-02 -4.071573e-01 -3.810724e+00
2.500000e+02 -4.153816e+00 0.000000e+00 -4.686408e-02 -4.540703e-01 -3.652881e+00
2.520000e+02 -4.034638e+00 0.000000e+00 -4.799766e-02 -5.078483e-01 -3.478792e+00
2.540000e+02 -3.914721e+00 0.000000e+00 -4.914938e-02 -5.696351e-01 -3.295937e+00
2.560000e+02 -3.801549e+00 0.000000e+00 -5.031937e-02 -6.407428e-01 -3.110486e+00
2.580000e+02 -3.701361e+00 0.000000e+00 -5.150777e-02 -7.226461e-01 -2.927207e+00
2.600000e+02 -3.619211e+00 0.000000e+00 -5.271474e-02 -8.169476e-01 -2.749549e+00
2.620000e+02 -3.559066e+00 0.000000e+00 -5.394041e-02 -9.252935e-01 -2.579832e+00
2.640000e+02 -3.523860e+00 0.000000e+00 -5.518493e-02 -1.049207e+00 -2.419468e+00
2.660000e+02 -3.515420e+00 0.000000e+00 -5.644844e-02 -1.189797e+00 -2.269174e+00
2.680000e+02 -3.534185e+00 0.000000e+00 -5.773108e-02 -1.347292e+00 -2.129162e+00
2.700000e+02 -3.578689e+00 0.000000e+00 -5.903301e-02 -1.520367e+00 -1.999289e+00
2.720000e+02 -3.644819e+00 0.000000e+00 -6.035435e-02 -1.705281e+00 -1.879184e+00
2.740000e+02 -3.725028e+00 0.000000e+00 -6.169527e-02 -1.895002e+00 -1.768331e+00
2.760000e+02 -3.807874e+00 0.000000e+00 -6.305589e-02 -2.078681e+00 -1.666137e+00
2.780000e+02 -3.878482e+00 0.000000e+00 -6.443637e-02 -2.242069e+00 -1.571977e+00
2.800000e+02 -3.920468e+00 0.000000e+00 -6.583684e-02 -2.369408e+00 -1.485223e+00
2.820000e+02 -3.919303e+00 0.000000e+00 -6.725746e-02 -2.446778e+00 -1.405267e+00
2.840000e+02 -3.866091e+00 0.000000e+00 -6.869835e-02 -2.465861e+00 -1.331531e+00
2.860000e+02 -3.760016e+00 0.000000e+00 -7.015968e-02 -2.426383e+00 -1.263473e+00
2.880000e+02 -3.608180e+00 0.000000e+00 -7.164158e-02 -2.335946e+00 -1.200592e+00
2.900000e+02 -3.422975e+00 0.000000e+00 -7.314419e-02 -2.207403e+00 -1.142428e+00
2.920000e+02 -3.218495e+00 0.000000e+00 -7.466766e-02 -2.055267e+00 -1.088561e+00
2.940000e+02 -3.007535e+00 0.000000e+00 -7.621214e-02 -1.892715e+00 -1.038608e+00
2.960000e+02 -2.799971e+00 0.000000e+00 -7.777776e-02 -1.729969e+00 -9.922239e-01
2.980000e+02 -2.602412e+00 0.000000e+00 -7.936467e-02 -1.573953e+00 -9.490942e-01
3.000000e+02 -2.418627e+00 0.000000e+00 -8.097301e-02 -1.428719e+00 -9.089354e-01
3.020000e+02 -2.250262e+00 0.000000e+00 -8.260293e-02 -1.296168e+00 -8.714915e-01
3.040000e+02 -2.097543e+00 0.000000e+00 -8.425456e-02 -1.176758e+00 -8.365312e-01
3.060000e+02 -1.959841e+00 0.000000e+00 -8.592807e-02 -1.070067e+00 -8.038455e-01
3.080000e+02 -1.836069e+00 0.000000e+00 -8.762357e-02 -9.751999e-01 -7.732455e-01
3.100000e+02 -1.724949e+00 0.000000e+00 -8.934123e-02 -8.910471e-01 -7.445605e-01
3.120000e+02 -1.625166e+00 0.000000e+00 -9.108118e-02 -8.164485e-01 -7.176361e-01
3.140000e+02 -1.535460e+00 0.000000e+00 -9.284357e-02 -7.502839e-01 -6.923323e-01
3.160000e+02 -1.454669e+00 0.000000e+00 -9.462854e-02 -6.915185e-01 -6.685222e-01
3.180000e+02 -1.381750e+00 0.000000e+00 -9.643624e-02 -6.392224e-01 -6.460909e-01
3.200000e+02 -1.315775e+00 0.000000e+00 -9.826680e-02 -5.925744e-01 -6.249337e-01
3.220000e+02 -1.255932e+00 0.000000e+00 -1.001204e-01 -5.508565e-01 -6.049554e-01
3.240000e+02 -1.201512e+00 0.000000e+00 -1.019971e-01 -5.134458e-01 -5.860694e-01
3.260000e+02 -1.151897e+00 0.000000e+00 -1.038971e-01 -4.798035e-01 -5.681968e-01
3.280000e+02 -1.106550e+00 0.000000e+00 -1.058206e-01 -4.494646e-01 -5.512653e-01
3.300000e+02 -1.065005e+00 0.000000e+00 -1.077676e-01 -4.220280e-01 -5.352091e-01
3.320000e+02 -1.026854e+00 0.000000e+00 -1.097384e-01 -3.971475e-01 -5.199678e-01
3.340000e+02 -9.917434e-01 0.000000e+00 -1.117331e-01 -3.745242e-01 -5.054861e-01
3.360000e+02 -9.593644e-01 0.000000e+00 -1.137517e-01 -3.538994e-01 -4.917133e-01
3.380000e+02 -9.294460e-01 0.000000e+00 -1.157946e-01 -3.350487e-01 -4.786027e-01
3.400000e+02 -9.017506e-01 0.000000e+00 -1.178617e-01 -3.177773e-01 -4.661116e-01
3.420000e+02 -8.760689e-01 0.000000e+00 -1.199533e-01 -3.019154e-01 -4.542003e-01
3.440000e+02 -8.522167e-01 0.000000e+00 -1.220694e-01 -2.873147e-01 -4.428325e-01
3.460000e+02 -8.300307e-01 0.000000e+00 -1.242103e-01 -2.738456e-01 -4.319747e-01
3.480000e+02 -8.093661e-01 0.000000e+00 -1.263761e-01 -2.613943e-01 -4.215957e-01
3.500000e+02 -7.900943e-01 0.000000e+00 -1.285669e-01 -2.498604e-01 -4.116669e-01
3.520000e+02 -7.721003e-01 0.000000e+00 -1.307829e-01 -2.391558e-01 -4.021617e-01
3.540000e+02 -7.552817e-01 0.000000e+00 -1.330241e-01 -2.292022e-01 -3.930554e-01
3.560000e+02 -7.395463e-01 0.000000e+00 -1.352908e-01 -2.199304e-01 -3.843251e-01
3.580000e+02 -7.248116e-01 0.000000e+00 -1.375831e-01 -2.112788e-01 -3.759496e-01
3.600000e+02 -7.110031e-01 0.000000e+00 -1.399012e-01 -2.031928e-01 -3.679091e-01
3.620000e+02 -6.980535e-01 0.000000e+00 -1.422451e-01 -1.956232e-01 -3.601852e-01
3.640000e+02 -6.859022e-01 0.000000e+00 -1.446150e-01 -1.885264e-01 -3.527608e-01
3.660000e+02 -6.744940e-01 0.000000e+00 -1.470111e-01 -1.818630e-01 -3.456199e-01
3.680000e+02 -6.637788e-01 0.000000e+00 -1.494335e-01 -1.755978e-01 -3.387475e-01
3.700000e+02 -6.537110e-01 0.000000e+00 -1.518824e-01 -1.696990e-01 -3.321297e-01
3.720000e+02 -6.442491e-01 0.000000e+00 -1.543578e-01 -1.641379e-01 -3.257534e-01
3.740000e+02 -6.353552e-01 0.000000e+00 -1.568600e-01 -1.588886e-01 -3.196065e-01
3.760000e+02 -6.269943e-01 0.000000e+00 -1.593891e-01 -1.539277e-01 -3.136774e-01
3.780000e+02 -6.191346e-01 0.000000e+00 -1.619452e-01 -1.492338e-01 -3.079556e-01
3.800000e+02 -6.117469e-01 0.000000e+00 -1.645285e-01 -1.447876e-01 -3.024308e-01
3.820000e+02 -6.048042e-01 0.000000e+00 -1.671391e-01 -1.405714e-01 -2.970937e-01
3.840000e+02 -5.982816e-01 0.000000e+00 -1.697771e-01 -1.365691e-01 -2.919354e-01
3.860000e+02 -5.921563e-01 0.000000e+00 -1.724428e-01 -1.327661e-01 -2.869475e-01
3.880000e+02 -5.864071e-01 0.000000e+00 -1.751362e-01 -1.291489e-01 -2.821221e-01
3.900000e+02 -5.810144e-01 0.000000e+00 -1.778574e-01 -1.257051e-01 -2.774518e-01
3.920000e+02 -5.759600e-01 0.000000e+00 -1.806067e-01 -1.224235e-01 -2.729297e-01
3.940000e+02 -5.712271e-01 0.000000e+00 -1.833842e-01 -1.192937e-01 -2.685492e-01
3.960000e+02 -5.668000e-01 0.000000e+00 -1.861900e-01 -1.163061e-01 -2.643040e-01
3.980000e+02 -5.626643e-01 0.000000e+00 -1.890242e-01 -1.134518e-01 -2.601883e-01
4.000000e+02 -5.588063e-01 0.000000e+00 -1.918870e-01 -1.107228e-01 -2.561965e-01
4.020000e+02 -5.552135e-01 0.000000e+00 -1.947786e-01 -1.081116e-01 -2.523233e-01
4.040000e+02 -5.518740e-01 0.000000e+00 -1.976991e-01 -1.056110e-01 -2.485638e-01
4.060000e+02 -5.487768e-01 0.000000e+00 -2.006486e-01 -1.032148e-01 -2.449133e-01
4.080000e+02 -5.459116e-01 0.000000e+00 -2.036273e-01 -1.009170e-01 -2.413673e-01
4.100000e+02 -5.432688e-01 0.000000e+00 -2.066352e-01 -9.871193e-02 -2.379216e-01
4.120000e+02 -5.408394e-01 0.000000e+00 -2.096727e-01 -9.659449e-02 -2.345722e-01
4.140000e+02 -5.386149e-01 0.000000e+00 -2.127397e-01 -9.455989e-02 -2.313152e-01
4.160000e+02 -5.365873e-01 0.000000e+00 -2.158365e-01 -9.260366e-02 -2.281471e-01
4.180000e+02 -5.347492e-01 0.000000e+00 -2.189632e-01 -9.072161e-02 -2.250644e-01
4.200000e+02 -5.330936e-01 0.000000e+00 -2.221199e-01 -8.890988e-02 -2.220638e-01
4.220000e+02 -5.316138e-01 0.000000e+00 -2.253068e-01 -8.716481e-02 -2.191422e-01
4.240000e+02 -5.303037e-01 0.000000e+00 -2.285240e-01 -8.548301e-02 -2.162966e-01
4.260000e+02 -5.291573e-01 0.000000e+00 -2.317717e-01 -8.386130e-02 -2.135243e-01
4.280000e+02 -5.281693e-01 0.000000e+00 -2.350500e-01 -8.229670e-02 -2.108226e-01
4.300000e+02 -5.273342e-01 0.000000e+00 -2.383590e-01 -8.078641e-02 -2.081888e-01
4.320000e+02 -5.266473e-01 0.000000e+00 -2.416989e-01 -7.932781e-02 -2.056206e-01
4.340000e+02 -5.261039e-01 0.000000e+00 -2.450699e-01 -7.791844e-02 -2.031155e-01
4.360000e+02 -5.256995e-01 0.000000e+00 -2.484720e-01 -7.655599e-02 -2.006715e-01
4.380000e+02 -5.254300e-01 0.000000e+00 -2.519054e-01 -7.523827e-02 -1.982863e-01
4.400000e+02 -5.252915e-01 0.000000e+00 -2.553703e-01 -7.396323e-02 -1.959579e-01
4.420000e+02 -5.252802e-01 0.000000e+00 -2.588669e-01 -7.272894e-02 -1.936844e-01
4.440000e+02 -5.253927e-01 0.000000e+00 -2.623951e-01 -7.153359e-02 -1.914640e-01
4.460000e+02 -5.256255e-01 0.000000e+00 -2.659553e-01 -7.037544e-02 -1.892948e-01
4.480000e+02 -5.259754e-01 0.000000e+00 -2.695475e-01 -6.925288e-02 -1.871751e-01
4.500000e+02 -5.264395e-01 0.000000e+00 -2.731718e-01 -6.816437e-02 -1.851033e-01
4.520000e+02 -5.270149e-01 0.000000e+00 -2.768285e-01 -6.710847e-02 -1.830779e-01
4.540000e+02 -5.276989e-01 0.000000e+00 -2.805176e-01 -6.608380e-02 -1.810974e-01
4.560000e+02 -5.284888e-01 0.000000e+00 -2.842394e-01 -6.508907e-02 -1.791603e-01
4.580000e+02 -5.293822e-01 0.000000e+00 -2.879939e-01 -6.412303e-02 -1.772652e-01
4.600000e+02 -5.303767e-01 0.000000e+00 -2.917813e-01 -6.318453e-02 -1.754109e-01
4.620000e+02 -5.314702e-01 0.000000e+00 -2.956017e-01 -6.227247e-02 -1.735961e-01
4.640000e+02 -5.326605e-01 0.000000e+00 -2.994553e-01 -6.138578e-02 -1.718194e-01
4.660000e+02 -5.339456e-01 0.000000e+00 -3.033422e-01 -6.052347e-02 -1.700799e-01
4.680000e+02 -5.353236e-01 0.000000e+00 -3.072626e-01 -5.968460e-02 -1.683764e-01
4.700000e+02 -5.367926e-01 0.000000e+00 -3.112166e-01 -5.886826e-02 -1.667077e-01
4.720000e+02 -5.383508e-01 0.000000e+00 -3.152044e-01 -5.807360e-02 -1.650729e-01
4.740000e+02 -5.399967e-01 0.000000e+00 -3.192260e-01 -5.729981e-02 -1.634709e-01
4.760000e+02 -5.417285e-01 0.000000e+00 -3.232817e-01 -5.654610e-02 -1.619008e-01
4.780000e+02 -5.435449e-01 0.000000e+00 -3.273715e-01 -5.581173e-02 -1.603617e-01
4.800000e+02 -5.454443e-01 0.000000e+00 -3.314957e-01 -5.509601e-02 -1.588526e-01
4.820000e+02 -5.474254e-01 0.000000e+00 -3.356543e-01 -5.439826e-02 -1.573728e-01
4.840000e+02 -5.494867e-01 0.000000e+00 -3.398476e-01 -5.371784e-02 -1.559214e-01
4.860000e+02 -5.516272e-01 0.000000e+00 -3.440755e-01 -5.305413e-02 -1.544975e-01
4.880000e+02 -5.538455e-01 0.000000e+00 -3.483384e-01 -5.240655e-02 -1.531005e-01
4.900000e+02 -5.561405e-01 0.000000e+00 -3.526363e-01 -5.177455e-02 -1.517296e-01
4.920000e+02 -5.585111e-01 0.000000e+00 -3.569694e-01 -5.115758e-02 -1.503841e-01
4.940000e+02 -5.609563e-01 0.000000e+00 -3.613378e-01 -5.055514e-02 -1.490633e-01
4.960000e+02 -5.634750e-01 0.000000e+00 -3.657417e-01 -4.996674e-02 -1.477665e-01
4.980000e+02 -5.660663e-01 0.000000e+00 -3.701812e-01 -4.939192e-02 -1.464932e-01
5.000000e+02 -5.687292e-01 0.000000e+00 -3.746564e-01 -4.883022e-02 -1.452426e-01
5.020000e+02 -5.714629e-01 0.000000e+00 -3.791675e-01 -4.828121e-02 -1.440141e-01
5.040000e+02 -5.742665e-01 0.000000e+00 -3.837147e-01 -4.774449e-02 -1.428073e-01
5.060000e+02 -5.771392e-01 0.000000e+00 -3.882980e-01 -4.721966e-02 -1.416215e-01
5.080000e+02 -5.800802e-01 0.000000e+00 -3.929176e-01 -4.670634e-02 -1.404562e-01
5.100000e+02 -5.830889e-01 0.000000e+00 -3.975737e-01 -4.620418e-02 -1.393109e-01
5.120000e+02 -5.861644e-01 0.000000e+00 -4.022664e-01 -4.571281e-02 -1.381851e-01
5.140000e+02 -5.893061e-01 0.000000e+00 -4.069959e-01 -4.523192e-02 -1.370783e-01
5.160000e+02 -5.925134e-01 0.000000e+00 -4.117622e-01 -4.476117e-02 -1.359900e-01
5.180000e+02 -5.957856e-01 0.000000e+00 -4.165656e-01 -4.430027e-02 -1.349198e-01
5.200000e+02 -5.991222e-01 0.000000e+00 -4.214062e-01 -4.384891e-02 -1.338671e-01
5.220000e+02 -6.025226e-01 0.000000e+00 -4.262840e-01 -4.340681e-02 -1.328317e-01
5.240000e+02 -6.059861e-01 0.000000e+00 -4.311994e-01 -4.297370e-02 -1.318131e-01
5.260000e+02 -6.095124e-01 0.000000e+00 -4.361523e-01 -4.254930e-02 -1.308108e-01
5.280000e+02 -6.131009e-01 0.000000e+00 -4.411430e-01 -4.213338e-02 -1.298245e-01
5.300000e+02 -6.167511e-01 0.000000e+00 -4.461715e-01 -4.172568e-02 -1.288539e-01
5.320000e+02 -6.204625e-01 0.000000e+00 -4.512381e-01 -4.132598e-02 -1.278984e-01
5.340000e+02 -6.242348e-01 0.000000e+00 -4.563429e-01 -4.093403e-02 -1.269579e-01
5.360000e+02 -6.280675e-01 0.000000e+00 -4.614859e-01 -4.054963e-02 -1.260319e-01
5.380000e+02 -6.319602e-01 0.000000e+00 -4.666675e-01 -4.017257e-02 -1.251202e-01
5.400000e+02 -6.359126e-01 0.000000e+00 -4.718876e-01 -3.980264e-02 -1.242223e-01
5.420000e+02 -6.399241e-01 0.000000e+00 -4.771465e-01 -3.943965e-02 -1.233380e-01
5.440000e+02 -6.439946e-01 0.000000e+00 -4.824442e-01 -3.908340e-02 -1.224670e-01
5.460000e+02 -6.481237e-01 0.000000e+00 -4.877810e-01 -3.873372e-02 -1.216089e-01
5.480000e+02 -6.523110e-01 0.000000e+00 -4.931570e-01 -3.839043e-02 -1.207636e-01
5.500000e+02 -6.565563e-01 0.000000e+00 -4.985723e-01 -3.805337e-02 -1.199306e-01
5.520000e+02 -6.608592e-01 0.000000e+00 -5.040270e-01 -3.772236e-02 -1.191098e-01
5.540000e+02 -6.652195e-01 0.000000e+00 -5.095213e-01 -3.739724e-02 -1.183009e-01
5.560000e+02 -6.696369e-01 0.000000e+00 -5.150554e-01 -3.707788e-02 -1.175036e-01
5.580000e+02 -6.741111e-01 0.000000e+00 -5.206293e-01 -3.676411e-02 -1.167177e-01
5.600000e+02 -6.786420e-01 0.000000e+00 -5.262433e-01 -3.645580e-02 -1.159429e-01
5.620000e+02 -6.832292e-01 0.000000e+00 -5.318974e-01 -3.615280e-02 -1.151790e-01
5.640000e+02 -6.878726e-01 0.000000e+00 -5.375918e-01 -3.585499e-02 -1.144257e-01
5.660000e+02 -6.925719e-01 0.000000e+00 -5.433267e-01 -3.556223e-02 -1.136830e-01
5.680000e+02 -6.973270e-01 0.000000e+00 -5.491022e-01 -3.527440e-02 -1.129504e-01
5.700000e+02 -7.021377e-01 0.000000e+00 -5.549184e-01 -3.499137e-02 -1.122279e-01
5.720000e+02 -7.070037e-01 0.000000e+00 -5.607755e-01 -3.471304e-02 -1.115151e-01
5.740000e+02 -7.119249e-01 0.000000e+00 -5.666737e-01 -3.443928e-02 -1.108120e-01
5.760000e+02 -7.169012e-01 0.000000e+00 -5.726129e-01 -3.416999e-02 -1.101183e-01
5.780000e+02 -7.219324e-01 0.000000e+00 -5.785935e-01 -3.390506e-02 -1.094339e-01
5.800000e+02 -7.270184e-01 0.000000e+00 -5.846156e-01 -3.364438e-02 -1.087584e-01
5.820000e+02 -7.321589e-01 0.000000e+00 -5.906792e-01 -3.338786e-02 -1.080919e-01
5.840000e+02 -7.373540e-01 0.000000e+00 -5.967845e-01 -3.313540e-02 -1.074341e-01
5.860000e+02 -7.426034e-01 0.000000e+00 -6.029318e-01 -3.288690e-02 -1.067847e-01
5.880000e+02 -7.479071e-01 0.000000e+00 -6.091210e-01 -3.264228e-02 -1.061438e-01
5.900000e+02 -7.532649e-01 0.000000e+00 -6.153524e-01 -3.240144e-02 -1.055110e-01
5.920000e+02 -7.586767e-01 0.000000e+00 -6.216261e-01 -3.216430e-02 -1.048863e-01
5.940000e+02 -7.641425e-01 0.000000e+00 -6.279423e-01 -3.193077e-02 -1.042694e-01
5.960000e+02 -7.696621e-01 0.000000e+00 -6.343010e-01 -3.170078e-02 -1.036603e-01
5.980000e+02 -7.752355e-01 0.000000e+00 -6.407025e-01 -3.147424e-02 -1.030588e-01
6.000000e+02 -7.808626e-01 0.000000e+00 -6.471468e-01 -3.125109e-02 -1.024648e-01
6.020000e+02 -7.865434e-01 0.000000e+00 -6.536341e-01 -3.103123e-02 -1.018780e-01
6.040000e+02 -7.922777e-01 0.000000e+00 -6.601646e-01 -3.081461e-02 -1.012985e-01
6.060000e+02 -7.980655e-01 0.000000e+00 -6.667384e-01 -3.060116e-02 -1.007259e-01
6.080000e+02 -8.039067e-01 0.000000e+00 -6.733556e-01 -3.039079e-02 -1.001603e-01
6.100000e+02 -8.098014e-01 0.000000e+00 -6.800164e-01 -3.018346e-02 -9.960149e-02
6.120000e+02 -8.157494e-01 0.000000e+00 -6.867209e-01 -2.997909e-02 -9.904933e-02
6.140000e+02 -8.217507e-01 0.000000e+00 -6.934693e-01 -2.977762e-02 -9.850372e-02
6.160000e+02 -8.278053e-01 0.000000e+00 -7.002617e-01 -2.957899e-02 -9.796453e-02
6.180000e+02 -8.339131e-01 0.000000e+00 -7.070983e-01 -2.938314e-02 -9.743167e-02
6.200000e+02 -8.400741e-01 0.000000e+00 -7.139791e-01 -2.919001e-02 -9.690500e-02
6.220000e+02 -8.462884e-01 0.000000e+00 -7.209044e-01 -2.899956e-02 -9.638443e-02
6.240000e+02 -8.525558e-01 0.000000e+00 -7.278742e-01 -2.881171e-02 -9.586985e-02
6.260000e+02 -8.588763e-01 0.000000e+00 -7.348888e-01 -2.862643e-02 -9.536115e-02
6.280000e+02 -8.652501e-01 0.000000e+00 -7.419482e-01 -2.844365e-02 -9.485824e-02
6.300000e+02 -8.716769e-01 0.000000e+00 -7.490526e-01 -2.826333e-02 -9.436101e-02
6.320000e+02 -8.781569e-01 0.000000e+00 -7.562021e-01 -2.808542e-02 -9.386936e-02
6.340000e+02 -8.846900e-01 0.000000e+00 -7.633970e-01 -2.790987e-02 -9.338321e-02
6.360000e+02 -8.912763e-01 0.000000e+00 -7.706372e-01 -2.773664e-02 -9.290245e-02
6.380000e+02 -8.979157e-01 0.000000e+00 -7.779231e-01 -2.756567e-02 -9.242700e-02
6.400000e+02 -9.046083e-01 0.000000e+00 -7.852546e-01 -2.739693e-02 -9.195677e-02
6.420000e+02 -9.113540e-01 0.000000e+00 -7.926320e-01 -2.723038e-02 -9.149168e-02
6.440000e+02 -9.181529e-01 0.000000e+00 -8.000554e-01 -2.706596e-02 -9.103163e-02
6.460000e+02 -9.250050e-01 0.000000e+00 -8.075249e-01 -2.690364e-02 -9.057654e-02
6.480000e+02 -9.319104e-01 0.000000e+00 -8.150407e-01 -2.674338e-02 -9.012634e-02
6.500000e+02 -9.388690e-01 0.000000e+00 -8.226029e-01 -2.658514e-02 -8.968094e-02
6.520000e+02 -9.458808e-01 0.000000e+00 -8.302116e-01 -2.642889e-02 -8.924026e-02
6.540000e+02 -9.529459e-01 0.000000e+00 -8.378671e-01 -2.627458e-02 -8.880424e-02
6.560000e+02 -9.600644e-01 0.000000e+00 -8.455694e-01 -2.612218e-02 -8.837279e-02
6.580000e+02 -9.672362e-01 0.000000e+00 -8.533187e-01 -2.597165e-02 -8.794585e-02
6.600000e+02 -9.744615e-01 0.000000e+00 -8.611152e-01 -2.582296e-02 -8.752333e-02
6.620000e+02 -9.817401e-01 0.000000e+00 -8.689589e-01 -2.567608e-02 -8.710518e-02
6.640000e+02 -9.890723e-01 0.000000e+00 -8.768500e-01 -2.553097e-02 -8.669132e-02
6.660000e+02 -9.964579e-01 0.000000e+00 -8.847886e-01 -2.538761e-02 -8.628169e-02
6.680000e+02 -1.003897e+00 0.000000e+00 -8.927750e-01 -2.524595e-02 -8.587621e-02
6.700000e+02 -1.011390e+00 0.000000e+00 -9.008092e-01 -2.510598e-02 -8.547484e-02
6.720000e+02 -1.018936e+00 0.000000e+00 -9.088913e-01 -2.496765e-02 -8.507749e-02
6.740000e+02 -1.026537e+00 0.000000e+00 -9.170216e-01 -2.483094e-02 -8.468412e-02
6.760000e+02 -1.034191e+00 0.000000e+00 -9.252002e-01 -2.469583e-02 -8.429466e-02
6.780000e+02 -1.041898e+00 0.000000e+00 -9.334271e-01 -2.456228e-02 -8.390905e-02
6.800000e+02 -1.049660e+00 0.000000e+00 -9.417026e-01 -2.443027e-02 -8.352723e-02
6.820000e+02 -1.057476e+00 0.000000e+00 -9.500268e-01 -2.429977e-02 -8.314915e-02
6.840000e+02 -1.065345e+00 0.000000e+00 -9.583998e-01 -2.417076e-02 -8.277475e-02
6.860000e+02 -1.073269e+00 0.000000e+00 -9.668218e-01 -2.404321e-02 -8.240398e-02
6.880000e+02 -1.081247e+00 0.000000e+00 -9.752928e-01 -2.391709e-02 -8.203678e-02
6.900000e+02 -1.089279e+00 0.000000e+00 -9.838132e-01 -2.379238e-02 -8.167310e-02
6.920000e+02 -1.097365e+00 0.000000e+00 -9.923829e-01 -2.366906e-02 -8.131290e-02
6.940000e+02 -1.105505e+00 0.000000e+00 -1.001002e+00 -2.354710e-02 -8.095611e-02
6.960000e+02 -1.113700e+00 0.000000e+00 -1.009671e+00 -2.342648e-02 -8.060268e-02
6.980000e+02 -1.121950e+00 0.000000e+00 -1.018390e+00 -2.330719e-02 -8.025258e-02
7.000000e+02 -1.130254e+00 0.000000e+00 -1.027159e+00 -2.318919e-02 -7.990576e-02
7.020000e+02 -1.138612e+00 0.000000e+00 -1.035977e+00 -2.307246e-02 -7.956215e-02
7.040000e+02 -1.147025e+00 0.000000e+00 -1.044846e+00 -2.295700e-02 -7.922173e-02
7.060000e+02 -1.155493e+00 0.000000e+00 -1.053766e+00 -2.284276e-02 -7.888445e-02
7.080000e+02 -1.164016e+00 0.000000e+00 -1.062736e+00 -2.272975e-02 -7.855025e-02
7.100000e+02 -1.172594e+00 0.000000e+00 -1.071756e+00 -2.261793e-02 -7.821911e-02
7.120000e+02 -1.181226e+00 0.000000e+00 -1.080828e+00 -2.250728e-02 -7.789097e-02
7.140000e+02 -1.189914e+00 0.000000e+00 -1.089950e+00 -2.239779e-02 -7.756579e-02
7.160000e+02 -1.198657e+00 0.000000e+00 -1.099124e+00 -2.228945e-02 -7.724353e-02
7.180000e+02 -1.207455e+00 0.000000e+00 -1.108348e+00 -2.218222e-02 -7.692416e-02
7.200000e+02 -1.216308e+00 0.000000e+00 -1.117625e+00 -2.207610e-02 -7.660763e-02
7.220000e+02 -1.225217e+00 0.000000e+00 -1.126952e+00 -2.197107e-02 -7.629391e-02
7.240000e+02 -1.234181e+00 0.000000e+00 -1.136331e+00 -2.186711e-02 -7.598295e-02
7.260000e+02 -1.243201e+00 0.000000e+00 -1.145762e+00 -2.176420e-02 -7.567472e-02
7.280000e+02 -1.252277e+00 0.000000e+00 -1.155245e+00 -2.166233e-02 -7.536918e-02
7.300000e+02 -1.261408e+00 0.000000e+00 -1.164781e+00 -2.156148e-02 -7.506630e-02
7.320000e+02 -1.270596e+00 0.000000e+00 -1.174368e+00 -2.146164e-02 -7.476604e-02
7.340000e+02 -1.279839e+00 0.000000e+00 -1.184007e+00 -2.136279e-02 -7.446837e-02
7.360000e+02 -1.289138e+00 0.000000e+00 -1.193700e+00 -2.126492e-02 -7.417325e-02
7.380000e+02 -1.298493e+00 0.000000e+00 -1.203444e+00 -2.116801e-02 -7.388064e-02
7.400000e+02 -1.307905e+00 0.000000e+00 -1.213242e+00 -2.107204e-02 -7.359053e-02
7.420000e+02 -1.317372e+00 0.000000e+00 -1.223093e+00 -2.097701e-02 -7.330286e-02
7.440000e+02 -1.326897e+00 0.000000e+00 -1.232996e+00 -2.088290e-02 -7.301762e-02
7.460000e+02 -1.336477e+00 0.000000e+00 -1.242953e+00 -2.078970e-02 -7.273477e-02
7.480000e+02 -1.346115e+00 0.000000e+00 -1.252963e+00 -2.069739e-02 -7.245427e-02
7.500000e+02 -1.355809e+00 0.000000e+00 -1.263027e+00 -2.060596e-02 -7.217611e-02
7.520000e+02 -1.365560e+00 0.000000e+00 -1.273144e+00 -2.051540e-02 -7.190024e-02
7.540000e+02 -1.375367e+00 0.000000e+00 -1.283315e+00 -2.042569e-02 -7.162665e-02
7.560000e+02 -1.385232e+00 0.000000e+00 -1.293540e+00 -2.033682e-02 -7.135529e-02
7.580000e+02 -1.395154e+00 0.000000e+00 -1.303819e+00 -2.024879e-02 -7.108615e-02
7.600000e+02 -1.405133e+00 0.000000e+00 -1.314152e+00 -2.016158e-02 -7.081920e-02
7.620000e+02 -1.415169e+00 0.000000e+00 -1.324540e+00 -2.007517e-02 -7.055440e-02
7.640000e+02 -1.425263e+00 0.000000e+00 -1.334982e+00 -1.998956e-02 -7.029174e-02
7.660000e+02 -1.435414e+00 0.000000e+00 -1.345478e+00 -1.990473e-02 -7.003118e-02
7.680000e+02 -1.445623e+00 0.000000e+00 -1.356030e+00 -1.982068e-02 -6.977270e-02
7.700000e+02 -1.455890e+00 0.000000e+00 -1.366636e+00 -1.973739e-02 -6.951627e-02
7.720000e+02 -1.466214e+00 0.000000e+00 -1.377297e+00 -1.965485e-02 -6.926187e-02
7.740000e+02 -1.476596e+00 0.000000e+00 -1.388014e+00 -1.957306e-02 -6.900948e-02
7.760000e+02 -1.487037e+00 0.000000e+00 -1.398786e+00 -1.949200e-02 -6.875907e-02
7.780000e+02 -1.497535e+00 0.000000e+00 -1.409613e+00 -1.941166e-02 -6.851061e-02
7.800000e+02 -1.508092e+00 0.000000e+00 -1.420496e+00 -1.933204e-02 -6.826408e-02
7.820000e+02 -1.518707e+00 0.000000e+00 -1.431434e+00 -1.925311e-02 -6.801946e-02
7.840000e+02 -1.529381e+00 0.000000e+00 -1.442429e+00 -1.917488e-02 -6.777673e-02
7.860000e+02 -1.540113e+00 0.000000e+00 -1.453480e+00 -1.909734e-02 -6.753587e-02
7.880000e+02 -1.550904e+00 0.000000e+00 -1.464586e+00 -1.902047e-02 -6.729684e-02
7.900000e+02 -1.561753e+00 0.000000e+00 -1.475749e+00 -1.894426e-02 -6.705964e-02
7.920000e+02 -1.572662e+00 0.000000e+00 -1.486969e+00 -1.886872e-02 -6.682423e-02
7.940000e+02 -1.583629e+00 0.000000e+00 -1.498245e+00 -1.879382e-02 -6.659061e-02
7.960000e+02 -1.594656e+00 0.000000e+00 -1.509578e+00 -1.871956e-02 -6.635874e-02
7.980000e+02 -1.605742e+00 0.000000e+00 -1.520967e+00 -1.864594e-02 -6.612860e-02
8.000000e+02 -1.616887e+00 0.000000e+00 -1.532414e+00 -1.857294e-02 -6.590018e-02
8.020000e+02 -1.628092e+00 0.000000e+00 -1.543918e+00 -1.850055e-02 -6.567347e-02
8.040000e+02 -1.639356e+00 0.000000e+00 -1.555479e+00 -1.842877e-02 -6.544842e-02
8.060000e+02 -1.650680e+00 0.000000e+00 -1.567098e+00 -1.835760e-02 -6.522504e-02
8.080000e+02 -1.662064e+00 0.000000e+00 -1.578774e+00 -1.828701e-02 -6.500330e-02
8.100000e+02 -1.673508e+00 0.000000e+00 -1.590508e+00 -1.821701e-02 -6.478317e-02
8.120000e+02 -1.685012e+00 0.000000e+00 -1.602299e+00 -1.814759e-02 -6.456465e-02
8.140000e+02 -1.696576e+00 0.000000e+00 -1.614149e+00 -1.807873e-02 -6.434772e-02
8.160000e+02 -1.708200e+00 0.000000e+00 -1.626057e+00 -1.801044e-02 -6.413235e-02
8.180000e+02 -1.719884e+00 0.000000e+00 -1.638023e+00 -1.794271e-02 -6.391853e-02
8.200000e+02 -1.731630e+00 0.000000e+00 -1.650048e+00 -1.787552e-02 -6.370625e-02
8.220000e+02 -1.743435e+00 0.000000e+00 -1.662131e+00 -1.780888e-02 -6.349548e-02
8.240000e+02 -1.755302e+00 0.000000e+00 -1.674273e+00 -1.774277e-02 -6.328621e-02
8.260000e+02 -1.767229e+00 0.000000e+00 -1.686473e+00 -1.767719e-02 -6.307842e-02
8.280000e+02 -1.779217e+00 0.000000e+00 -1.698733e+00 -1.761214e-02 -6.287209e-02
8.300000e+02 -1.791267e+00 0.000000e+00 -1.711052e+00 -1.754760e-02 -6.266722e-02
8.320000e+02 -1.803377e+00 0.000000e+00 -1.723430e+00 -1.748357e-02 -6.246378e-02
8.340000e+02 -1.815549e+00 0.000000e+00 -1.735867e+00 -1.742004e-02 -6.226176e-02
8.360000e+02 -1.827782e+00 0.000000e+00 -1.748364e+00 -1.735702e-02 -6.206115e-02
8.380000e+02 -1.840077e+00 0.000000e+00 -1.760921e+00 -1.729448e-02 -6.186192e-02
8.400000e+02 -1.852434e+00 0.000000e+00 -1.773537e+00 -1.723243e-02 -6.166407e-02
8.420000e+02 -1.864852e+00 0.000000e+00 -1.786214e+00 -1.717086e-02 -6.146757e-02
8.440000e+02 -1.877333e+00 0.000000e+00 -1.798950e+00 -1.710976e-02 -6.127243e-02
8.460000e+02 -1.889875e+00 0.000000e+00 -1.811747e+00 -1.704914e-02 -6.107861e-02
8.480000e+02 -1.902479e+00 0.000000e+00 -1.824604e+00 -1.698897e-02 -6.088610e-02
8.500000e+02 -1.915146e+00 0.000000e+00 -1.837522e+00 -1.692927e-02 -6.069490e-02
8.520000e+02 -1.927875e+00 0.000000e+00 -1.850500e+00 -1.687001e-02 -6.050499e-02
8.540000e+02 -1.940667e+00 0.000000e+00 -1.863540e+00 -1.681121e-02 -6.031636e-02
8.560000e+02 -1.953522e+00 0.000000e+00 -1.876640e+00 -1.675284e-02 -6.012899e-02
8.580000e+02 -1.966439e+00 0.000000e+00 -1.889801e+00 -1.669492e-02 -5.994286e-02
8.600000e+02 -1.979419e+00 0.000000e+00 -1.903023e+00 -1.663742e-02 -5.975798e-02
8.620000e+02 -1.992462e+00 0.000000e+00 -1.916307e+00 -1.658035e-02 -5.957431e-02
8.640000e+02 -2.005568e+00 0.000000e+00 -1.929652e+00 -1.652371e-02 -5.939186e-02
8.660000e+02 -2.018737e+00 0.000000e+00 -1.943059e+00 -1.646748e-02 -5.921061e-02
8.680000e+02 -2.031970e+00 0.000000e+00 -1.956528e+00 -1.641166e-02 -5.903054e-02
8.700000e+02 -2.045267e+00 0.000000e+00 -1.970059e+00 -1.635626e-02 -5.885165e-02
8.720000e+02 -2.058627e+00 0.000000e+00 -1.983651e+00 -1.630125e-02 -5.867392e-02
8.740000e+02 -2.072050e+00 0.000000e+00 -1.997306e+00 -1.624665e-02 -5.849734e-02
8.760000e+02 -2.085538e+00 0.000000e+00 -2.011024e+00 -1.619244e-02 -5.832190e-02
8.780000e+02 -2.099090e+00 0.000000e+00 -2.024803e+00 -1.613862e-02 -5.814759e-02
8.800000e+02 -2.112705e+00 0.000000e+00 -2.038646e+00 -1.608518e-02 -5.797440e-02
8.820000e+02 -2.126385e+00 0.000000e+00 -2.052551e+00 -1.603213e-02 -5.780231e-02
8.840000e+02 -2.140130e+00 0.000000e+00 -2.066519e+00 -1.597945e-02 -5.763132e-02
8.860000e+02 -2.153939e+00 0.000000e+00 -2.080550e+00 -1.592715e-02 -5.746141e-02
8.880000e+02 -2.167812e+00 0.000000e+00 -2.094644e+00 -1.587522e-02 -5.729258e-02
8.900000e+02 -2.181751e+00 0.000000e+00 -2.108802e+00 -1.582365e-02 -5.712481e-02
8.920000e+02 -2.195754e+00 0.000000e+00 -2.123023e+00 -1.577244e-02 -5.695809e-02
8.940000e+02 -2.209822e+00 0.000000e+00 -2.137308e+00 -1.572159e-02 -5.679241e-02
8.960000e+02 -2.223955e+00 0.000000e+00 -2.151656e+00 -1.567110e-02 -5.662777e-02
8.980000e+02 -2.238154e+00 0.000000e+00 -2.166069e+00 -1.562095e-02 -5.646414e-02
9.000000e+02 -2.252418e+00 0.000000e+00 -2.180545e+00 -1.557115e-02 -5.630154e-02
9.020000e+02 -2.266747e+00 0.000000e+00 -2.195086e+00 -1.552169e-02 -5.613993e-02
9.040000e+02 -2.281142e+00 0.000000e+00 -2.209690e+00 -1.547257e-02 -5.597932e-02
9.060000e+02 -2.295603e+00 0.000000e+00 -2.224360e+00 -1.542379e-02 -5.581969e-02
9.080000e+02 -2.310130e+00 0.000000e+00 -2.239093e+00 -1.537534e-02 -5.566103e-02
9.100000e+02 -2.324723e+00 0.000000e+00 -2.253892e+00 -1.532721e-02 -5.550334e-02
9.120000e+02 -2.339381e+00 0.000000e+00 -2.268755e+00 -1.527941e-02 -5.534661e-02
9.140000e+02 -2.354107e+00 0.000000e+00 -2.283684e+00 -1.523193e-02 -5.519083e-02
9.160000e+02 -2.368898e+00 0.000000e+00 -2.298677e+00 -1.518477e-02 -5.503598e-02
9.180000e+02 -2.383756e+00 0.000000e+00 -2.313736e+00 -1.513793e-02 -5.488206e-02
9.200000e+02 -2.398681e+00 0.000000e+00 -2.328861e+00 -1.509139e-02 -5.472906e-02
9.220000e+02 -2.413673e+00 0.000000e+00 -2.344051e+00 -1.504517e-02 -5.457698e-02
9.240000e+02 -2.428731e+00 0.000000e+00 -2.359306e+00 -1.499925e-02 -5.442580e-02
9.260000e+02 -2.443857e+00 0.000000e+00 -2.374627e+00 -1.495363e-02 -5.427552e-02
9.280000e+02 -2.459049e+00 0.000000e+00 -2.390015e+00 -1.490831e-02 -5.412612e-02
9.300000e+02 -2.474309e+00 0.000000e+00 -2.405468e+00 -1.486329e-02 -5.397760e-02
9.320000e+02 -2.489637e+00 0.000000e+00 -2.420988e+00 -1.481856e-02 -5.382995e-02
9.340000e+02 -2.505032e+00 0.000000e+00 -2.436574e+00 -1.477412e-02 -5.368317e-02
9.360000e+02 -2.520494e+00 0.000000e+00 -2.452227e+00 -1.472997e-02 -5.353724e-02
9.380000e+02 -2.536025e+00 0.000000e+00 -2.467946e+00 -1.468610e-02 -5.339216e-02
9.400000e+02 -2.551623e+00 0.000000e+00 -2.483733e+00 -1.464251e-02 -5.324793e-02
9.420000e+02 -2.567289e+00 0.000000e+00 -2.499586e+00 -1.459920e-02 -5.310452e-02
9.440000e+02 -2.583024e+00 0.000000e+00 -2.515506e+00 -1.455617e-02 -5.296194e-02
9.460000e+02 -2.598827e+00 0.000000e+00 -2.531493e+00 -1.451341e-02 -5.282017e-02
9.480000e+02 -2.614698e+00 0.000000e+00 -2.547548e+00 -1.447092e-02 -5.267922e-02
9.500000e+02 -2.630638e+00 0.000000e+00 -2.563671e+00 -1.442870e-02 -5.253907e-02
9.520000e+02 -2.646647e+00 0.000000e+00 -2.579861e+00 -1.438675e-02 -5.239972e-02
9.540000e+02 -2.662725e+00 0.000000e+00 -2.596118e+00 -1.434506e-02 -5.226115e-02
9.560000e+02 -2.678871e+00 0.000000e+00 -2.612444e+00 -1.430362e-02 -5.212337e-02
9.580000e+02 -2.695087e+00 0.000000e+00 -2.628838e+00 -1.426245e-02 -5.198636e-02
9.600000e+02 -2.711372e+00 0.000000e+00 -2.645300e+00 -1.422153e-02 -5.185013e-02
9.620000e+02 -2.727726e+00 0.000000e+00 -2.661830e+00 -1.418087e-02 -5.171465e-02
9.640000e+02 -2.744150e+00 0.000000e+00 -2.678429e+00 -1.414045e-02 -5.157993e-02
9.660000e+02 -2.760643e+00 0.000000e+00 -2.695097e+00 -1.410028e-02 -5.144596e-02
9.680000e+02 -2.777206e+00 0.000000e+00 -2.711833e+00 -1.406036e-02 -5.131273e-02
9.700000e+02 -2.793839e+00 0.000000e+00 -2.728638e+00 -1.402068e-02 -5.118024e-02
9.720000e+02 -2.810542e+00 0.000000e+00 -2.745513e+00 -1.398124e-02 -5.104848e-02
9.740000e+02 -2.827315e+00 0.000000e+00 -2.762456e+00 -1.394204e-02 -5.091744e-02
9.760000e+02 -2.844159e+00 0.000000e+00 -2.779469e+00 -1.390308e-02 -5.078712e-02
9.780000e+02 -2.861073e+00 0.000000e+00 -2.796551e+00 -1.386435e-02 -5.065751e-02
9.800000e+02 -2.878057e+00 0.000000e+00 -2.813703e+00 -1.382586e-02 -5.052860e-02
9.820000e+02 -2.895112e+00 0.000000e+00 -2.830924e+00 -1.378759e-02 -5.040039e-02
9.840000e+02 -2.912238e+00 0.000000e+00 -2.848216e+00 -1.374955e-02 -5.027288e-02
9.860000e+02 -2.929435e+00 0.000000e+00 -2.865577e+00 -1.371174e-02 -5.014606e-02
9.880000e+02 -2.946703e+00 0.000000e+00 -2.883009e+00 -1.367415e-02 -5.001991e-02
9.900000e+02 -2.964042e+00 0.000000e+00 -2.900511e+00 -1.363679e-02 -4.989445e-02
9.920000e+02 -2.981452e+00 0.000000e+00 -2.918083e+00 -1.359964e-02 -4.976965e-02
9.940000e+02 -2.998934e+00 0.000000e+00 -2.935726e+00 -1.356271e-02 -4.964552e-02
9.960000e+02 -3.016488e+00 0.000000e+00 -2.953439e+00 -1.352600e-02 -4.952205e-02
9.980000e+02 -3.034113e+00 0.000000e+00 -2.971224e+00 -1.348950e-02 -4.939923e-02
1.000000e+03 -3.051810e+00 0.000000e+00 -2.989079e+00 -1.345321e-02 -4.927706e-02
1.002000e+03 -3.069579e+00 0.000000e+00 -3.007006e+00 -1.341713e-02 -4.915553e-02
1.004000e+03 -3.087420e+00 0.000000e+00 -3.025004e+00 -1.338126e-02 -4.903465e-02
1.006000e+03 -3.105333e+00 0.000000e+00 -3.043073e+00 -1.334560e-02 -4.891439e-02
1.008000e+03 -3.123319e+00 0.000000e+00 -3.061214e+00 -1.331014e-02 -4.879477e-02
1.010000e+03 -3.141377e+00 0.000000e+00 -3.079427e+00 -1.327488e-02 -4.867576e-02
1.012000e+03 -3.159508e+00 0.000000e+00 -3.097711e+00 -1.323982e-02 -4.855737e-02
1.014000e+03 -3.177712e+00 0.000000e+00 -3.116067e+00 -1.320497e-02 -4.843960e-02
1.016000e+03 -3.195988e+00 0.000000e+00 -3.134496e+00 -1.317031e-02 -4.832243e-02
1.018000e+03 -3.214338e+00 0.000000e+00 -3.152996e+00 -1.313584e-02 -4.820587e-02
1.020000e+03 -3.232761e+00 0.000000e+00 -3.171569e+00 -1.310157e-02 -4.808991e-02
1.022000e+03 -3.251257e+00 0.000000e+00 -3.190215e+00 -1.306749e-02 -4.797453e-02
1.024000e+03 -3.269826e+00 0.000000e+00 -3.208933e+00 -1.303360e-02 -4.785975e-02
1.026000e+03 -3.288469e+00 0.000000e+00 -3.227724e+00 -1.299990e-02 -4.774555e-02
1.028000e+03 -3.307186e+00 0.000000e+00 -3.246588e+00 -1.296639e-02 -4.763193e-02
1.030000e+03 -3.325977e+00 0.000000e+00 -3.265525e+00 -1.293306e-02 -4.751889e-02
1.032000e+03 -3.344841e+00 0.000000e+00 -3.284535e+00 -1.289992e-02 -4.740641e-02
1.034000e+03 -3.363780e+00 0.000000e+00 -3.303619e+00 -1.286696e-02 -4.729450e-02
1.036000e+03 -3.382793e+00 0.000000e+00 -3.322776e+00 -1.283418e-02 -4.718316e-02
1.038000e+03 -3.401880e+00 0.000000e+00 -3.342006e+00 -1.280158e-02 -4.707237e-02
1.040000e+03 -3.421042e+00 0.000000e+00 -3.361311e+00 -1.276916e-02 -4.696213e-02
1.042000e+03 -3.440278e+00 0.000000e+00 -3.380689e+00 -1.273691e-02 -4.685244e-02
1.044000e+03 -3.459590e+00 0.000000e+00 -3.400141e+00 -1.270484e-02 -4.674329e-02
1.046000e+03 -3.478976e+00 0.000000e+00 -3.419668e+00 -1.267294e-02 -4.663469e-02
1.048000e+03 -3.498437e+00 0.000000e+00 -3.439269e+00 -1.264122e-02 -4.652662e-02
1.050000e+03 -3.517973e+00 0.000000e+00 -3.458944e+00 -1.260966e-02 -4.641908e-02
1.052000e+03 -3.537584e+00 0.000000e+00 -3.478694e+00 -1.257828e-02 -4.631207e-02
1.054000e+03 -3.557271e+00 0.000000e+00 -3.498519e+00 -1.254706e-02 -4.620559e-02
1.056000e+03 -3.577034e+00 0.000000e+00 -3.518418e+00 -1.251601e-02 -4.609962e-02
1.058000e+03 -3.596872e+00 0.000000e+00 -3.538393e+00 -1.248512e-02 -4.599417e-02
1.060000e+03 -3.616786e+00 0.000000e+00 -3.558443e+00 -1.245439e-02 -4.588923e-02
1.062000e+03 -3.636776e+00 0.000000e+00 -3.578568e+00 -1.242383e-02 -4.578480e-02
1.064000e+03 -3.656842e+00 0.000000e+00 -3.598768e+00 -1.239343e-02 -4.568087e-02
1.066000e+03 -3.676985e+00 0.000000e+00 -3.619044e+00 -1.236319e-02 -4.557745e-02
1.068000e+03 -3.697203e+00 0.000000e+00 -3.639396e+00 -1.233311e-02 -4.547452e-02
1.070000e+03 -3.717498e+00 0.000000e+00 -3.659823e+00 -1.230318e-02 -4.537208e-02
1.072000e+03 -3.737870e+00 0.000000e+00 -3.680326e+00 -1.227341e-02 -4.527013e-02
1.074000e+03 -3.758319e+00 0.000000e+00 -3.700906e+00 -1.224379e-02 -4.516867e-02
1.076000e+03 -3.778844e+00 0.000000e+00 -3.721562e+00 -1.221433e-02 -4.506769e-02
1.078000e+03 -3.799446e+00 0.000000e+00 -3.742294e+00 -1.218502e-02 -4.496719e-02
1.080000e+03 -3.820126e+00 0.000000e+00 -3.763103e+00 -1.215586e-02 -4.486717e-02
1.082000e+03 -3.840883e+00 0.000000e+00 -3.783988e+00 -1.212685e-02 -4.476761e-02
1.084000e+03 -3.861717e+00 0.000000e+00 -3.804951e+00 -1.209798e-02 -4.466852e-02
1.086000e+03 -3.882629e+00 0.000000e+00 -3.825990e+00 -1.206927e-02 -4.456990e-02
1.088000e+03 -3.903618e+00 0.000000e+00 -3.847106e+00 -1.204070e-02 -4.447174e-02
1.090000e+03 -3.924686e+00 0.000000e+00 -3.868299e+00 -1.201228e-02 -4.437404e-02
1.092000e+03 -3.945831e+00 0.000000e+00 -3.889570e+00 -1.198399e-02 -4.427679e-02
1.094000e+03 -3.967054e+00 0.000000e+00 -3.910919e+00 -1.195586e-02 -4.418000e-02
1.096000e+03 -3.988356e+00 0.000000e+00 -3.932345e+00 -1.192786e-02 -4.408365e-02
1.098000e+03 -4.009736e+00 0.000000e+00 -3.953848e+00 -1.190000e-02 -4.398775e-02
1.100000e+03 -4.031194e+00 0.000000e+00 -3.975430e+00 -1.187229e-02 -4.389228e-02
1.102000e+03 -4.052731e+00 0.000000e+00 -3.997090e+00 -1.184471e-02 -4.379726e-02
1.104000e+03 -4.074347e+00 0.000000e+00 -4.018827e+00 -1.181727e-02 -4.370267e-02
1.106000e+03 -4.096042e+00 0.000000e+00 -4.040644e+00 -1.178996e-02 -4.360852e-02
1.108000e+03 -4.117816e+00 0.000000e+00 -4.062538e+00 -1.176279e-02 -4.351479e-02
1.110000e+03 -4.139669e+00 0.000000e+00 -4.084511e+00 -1.173576e-02 -4.342149e-02
1.112000e+03 -4.161601e+00 0.000000e+00 -4.106563e+00 -1.170885e-02 -4.332862e-02
1.114000e+03 -4.183612e+00 0.000000e+00 -4.128694e+00 -1.168208e-02 -4.323616e-02
1.116000e+03 -4.205704e+00 0.000000e+00 -4.150904e+00 -1.165544e-02 -4.314412e-02
1.118000e+03 -4.227874e+00 0.000000e+00 -4.173193e+00 -1.162893e-02 -4.305250e-02
1.120000e+03 -4.250125e+00 0.000000e+00 -4.195561e+00 -1.160255e-02 -4.296128e-02
1.122000e+03 -4.272456e+00 0.000000e+00 -4.218009e+00 -1.157629e-02 -4.287048e-02
1.124000e+03 -4.294866e+00 0.000000e+00 -4.240536e+00 -1.155017e-02 -4.278008e-02
1.126000e+03 -4.317357e+00 0.000000e+00 -4.263143e+00 -1.152417e-02 -4.269009e-02
1.128000e+03 -4.339929e+00 0.000000e+00 -4.285830e+00 -1.149829e-02 -4.260049e-02
1.130000e+03 -4.362581e+00 0.000000e+00 -4.308597e+00 -1.147254e-02 -4.251129e-02
1.132000e+03 -4.385313e+00 0.000000e+00 -4.331444e+00 -1.144691e-02 -4.242249e-02
1.134000e+03 -4.408126e+00 0.000000e+00 -4.354371e+00 -1.142141e-02 -4.233408e-02
1.136000e+03 -4.431020e+00 0.000000e+00 -4.377378e+00 -1.139602e-02 -4.224605e-02
1.138000e+03 -4.453995e+00 0.000000e+00 -4.400466e+00 -1.137076e-02 -4.215842e-02
1.140000e+03 -4.477052e+00 0.000000e+00 -4.423635e+00 -1.134562e-02 -4.207117e-02
1.142000e+03 -4.500189e+00 0.000000e+00 -4.446884e+00 -1.132059e-02 -4.198430e-02
1.144000e+03 -4.523408e+00 0.000000e+00 -4.470215e+00 -1.129569e-02 -4.189780e-02
1.146000e+03 -4.546709e+00 0.000000e+00 -4.493626e+00 -1.127090e-02 -4.181169e-02
1.148000e+03 -4.570091e+00 0.000000e+00 -4.517119e+00 -1.124622e-02 -4.172595e-02
1.150000e+03 -4.593555e+00 0.000000e+00 -4.540693e+00 -1.122166e-02 -4.164058e-02
1.152000e+03 -4.617101e+00 0.000000e+00 -4.564348e+00 -1.119722e-02 -4.155558e-02
1.154000e+03 -4.640729e+00 0.000000e+00 -4.588085e+00 -1.117289e-02 -4.147094e-02
1.156000e+03 -4.664440e+00 0.000000e+00 -4.611904e+00 -1.114867e-02 -4.138667e-02
1.158000e+03 -4.688232e+00 0.000000e+00 -4.635805e+00 -1.112457e-02 -4.130276e-02
1.160000e+03 -4.712108e+00 0.000000e+00 -4.659788e+00 -1.110057e-02 -4.121921e-02
1.162000e+03 -4.736065e+00 0.000000e+00 -4.683853e+00 -1.107669e-02 -4.113601e-02
1.164000e+03 -4.760106e+00 0.000000e+00 -4.708000e+00 -1.105292e-02 -4.105317e-02
1.166000e+03 -4.784230e+00 0.000000e+00 -4.732230e+00 -1.102925e-02 -4.097068e-02
1.168000e+03 -4.808436e+00 0.000000e+00 -4.756542e+00 -1.100570e-02 -4.088854e-02
1.170000e+03 -4.832726e+00 0.000000e+00 -4.780937e+00 -1.098225e-02 -4.080675e-02
1.172000e+03 -4.857099e+00 0.000000e+00 -4.805415e+00 -1.095890e-02 -4.072530e-02
1.174000e+03 -4.881556e+00 0.000000e+00 -4.829976e+00 -1.093567e-02 -4.064420e-02
1.176000e+03 -4.906096e+00 0.000000e+00 -4.854620e+00 -1.091253e-02 -4.056344e-02
1.178000e+03 -4.930719e+00 0.000000e+00 -4.879347e+00 -1.088951e-02 -4.048301e-02
1.180000e+03 -4.955427e+00 0.000000e+00 -4.904157e+00 -1.086658e-02 -4.040292e-02
1.182000e+03 -4.980219e+00 0.000000e+00 -4.929052e+00 -1.084376e-02 -4.032316e-02
1.184000e+03 -5.005094e+00 0.000000e+00 -4.954029e+00 -1.082104e-02 -4.024374e-02
1.186000e+03 -5.030054e+00 0.000000e+00 -4.979091e+00 -1.079843e-02 -4.016465e-02
1.188000e+03 -5.055099e+00 0.000000e+00 -5.004237e+00 -1.077591e-02 -4.008588e-02
1.190000e+03 -5.080227e+00 0.000000e+00 -5.029466e+00 -1.075349e-02 -4.000744e-02
1.192000e+03 -5.105441e+00 0.000000e+00 -5.054780e+00 -1.073118e-02 -3.992932e-02
1.194000e+03 -5.130739e+00 0.000000e+00 -5.080179e+00 -1.070896e-02 -3.985152e-02
1.196000e+03 -5.156122e+00 0.000000e+00 -5.105661e+00 -1.068684e-02 -3.977404e-02
1.198000e+03 -5.181590e+00 0.000000e+00 -5.131229e+00 -1.066482e-02 -3.969688e-02
1.200000e+03 -5.207144e+00 0.000000e+00 -5.156881e+00 -1.064289e-02 -3.962004e-02
1.202000e+03 -5.232782e+00 0.000000e+00 -5.182618e+00 -1.062106e-02 -3.954351e-02
1.204000e+03 -5.258506e+00 0.000000e+00 -5.208440e+00 -1.059932e-02 -3.946728e-02
1.206000e+03 -5.284316e+00 0.000000e+00 -5.234347e+00 -1.057768e-02 -3.939137e-02
1.208000e+03 -5.310212e+00 0.000000e+00 -5.260340e+00 -1.055614e-02 -3.931577e-02
1.210000e+03 -5.336193e+00 0.000000e+00 -5.286418e+00 -1.053469e-02 -3.924047e-02
1.212000e+03 -5.362260e+00 0.000000e+00 -5.312581e+00 -1.051333e-02 -3.916547e-02
1.214000e+03 -5.388413e+00 0.000000e+00 -5.338831e+00 -1.049206e-02 -3.909078e-02
1.216000e+03 -5.414653e+00 0.000000e+00 -5.365166e+00 -1.047088e-02 -3.901638e-02
1.218000e+03 -5.440979e+00 0.000000e+00 -5.391587e+00 -1.044980e-02 -3.894229e-02
1.220000e+03 -5.467392e+00 0.000000e+00 -5.418094e+00 -1.042880e-02 -3.886848e-02
1.222000e+03 -5.493891e+00 0.000000e+00 -5.444688e+00 -1.040790e-02 -3.879498e-02
1.224000e+03 -5.520477e+00 0.000000e+00 -5.471368e+00 -1.038708e-02 -3.872176e-02
1.226000e+03 -5.547150e+00 0.000000e+00 -5.498134e+00 -1.036636e-02 -3.864884e-02
1.228000e+03 -5.573909e+00 0.000000e+00 -5.524988e+00 -1.034572e-02 -3.857620e-02
1.230000e+03 -5.600757e+00 0.000000e+00 -5.551928e+00 -1.032516e-02 -3.850385e-02
1.232000e+03 -5.627691e+00 0.000000e+00 -5.578955e+00 -1.030470e-02 -3.843179e-02
1.234000e+03 -5.654713e+00 0.000000e+00 -5.606069e+00 -1.028432e-02 -3.836001e-02
1.236000e+03 -5.681822e+00 0.000000e+00 -5.633270e+00 -1.026403e-02 -3.828851e-02
1.238000e+03 -5.709020e+00 0.000000e+00 -5.660558e+00 -1.024382e-02 -3.821729e-02
1.240000e+03 -5.736305e+00 0.000000e+00 -5.687935e+00 -1.022370e-02 -3.814635e-02
1.242000e+03 -5.763678e+00 0.000000e+00 -5.715398e+00 -1.020366e-02 -3.807569e-02
1.244000e+03 -5.791139e+00 0.000000e+00 -5.742950e+00 -1.018370e-02 -3.800530e-02
1.246000e+03 -5.818688e+00 0.000000e+00 -5.770589e+00 -1.016383e-02 -3.793518e-02
1.248000e+03 -5.846326e+00 0.000000e+00 -5.798317e+00 -1.014404e-02 -3.786534e-02
1.250000e+03 -5.874052e+00 0.000000e+00 -5.826132e+00 -1.012433e-02 -3.779577e-02
1.252000e+03 -5.901867e+00 0.000000e+00 -5.854036e+00 -1.010470e-02 -3.772646e-02
1.254000e+03 -5.929771e+00 0.000000e+00 -5.882029e+00 -1.008516e-02 -3.765742e-02
1.256000e+03 -5.957764e+00 0.000000e+00 -5.910110e+00 -1.006569e-02 -3.758865e-02
1.258000e+03 -5.985846e+00 0.000000e+00 -5.938279e+00 -1.004631e-02 -3.752014e-02
1.260000e+03 -6.014017e+00 0.000000e+00 -5.966538e+00 -1.002700e-02 -3.745189e-02
1.262000e+03 -6.042277e+00 0.000000e+00 -5.994885e+00 -1.000777e-02 -3.738390e-02
1.264000e+03 -6.070627e+00 0.000000e+00 -6.023322e+00 -9.988621e-03 -3.731618e-02
1.266000e+03 -6.099066e+00 0.000000e+00 -6.051848e+00 -9.969549e-03 -3.724870e-02
1.268000e+03 -6.127595e+00 0.000000e+00 -6.080463e+00 -9.950555e-03 -3.718149e-02
1.270000e+03 -6.156214e+00 0.000000e+00 -6.109168e+00 -9.931637e-03 -3.711453e-02
1.272000e+03 -6.184923e+00 0.000000e+00 -6.137962e+00 -9.912795e-03 -3.704782e-02
1.274000e+03 -6.213722e+00 0.000000e+00 -6.166847e+00 -9.894030e-03 -3.698137e-02
1.276000e+03 -6.242612e+00 0.000000e+00 -6.195821e+00 -9.875340e-03 -3.691516e-02
1.278000e+03 -6.271591e+00 0.000000e+00 -6.224885e+00 -9.856724e-03 -3.684920e-02
1.280000e+03 -6.300662e+00 0.000000e+00 -6.254040e+00 -9.838184e-03 -3.678349e-02
1.282000e+03 -6.329822e+00 0.000000e+00 -6.283285e+00 -9.819717e-03 -3.671803e-02
1.284000e+03 -6.359074e+00 0.000000e+00 -6.312620e+00 -9.801324e-03 -3.665280e-02
1.286000e+03 -6.388417e+00 0.000000e+00 -6.342046e+00 -9.783003e-03 -3.658783e-02
1.288000e+03 -6.417851e+00 0.000000e+00 -6.371563e+00 -9.764756e-03 -3.652309e-02
1.290000e+03 -6.447376e+00 0.000000e+00 -6.401170e+00 -9.746580e-03 -3.645859e-02
1.292000e+03 -6.476992e+00 0.000000e+00 -6.430869e+00 -9.728477e-03 -3.639433e-02
1.294000e+03 -6.506700e+00 0.000000e+00 -6.460659e+00 -9.710444e-03 -3.633031e-02
1.296000e+03 -6.536499e+00 0.000000e+00 -6.490540e+00 -9.692483e-03 -3.626653e-02
1.298000e+03 -6.566390e+00 0.000000e+00 -6.520512e+00 -9.674592e-03 -3.620298e-02
1.300000e+03 -6.596373e+00 0.000000e+00 -6.550577e+00 -9.656771e-03 -3.613966e-02
1.302000e+03 -6.626448e+00 0.000000e+00 -6.580732e+00 -9.639019e-03 -3.607658e-02
1.304000e+03 -6.656615e+00 0.000000e+00 -6.610980e+00 -9.621337e-03 -3.601372e-02
1.306000e+03 -6.686874e+00 0.000000e+00 -6.641320e+00 -9.603723e-03 -3.595110e-02
1.308000e+03 -6.717226e+00 0.000000e+00 -6.671751e+00 -9.586178e-03 -3.588870e-02
1.310000e+03 -6.747670e+00 0.000000e+00 -6.702275e+00 -9.568700e-03 -3.582653e-02
1.312000e+03 -6.778207e+00 0.000000e+00 -6.732891e+00 -9.551291e-03 -3.576458e-02
1.314000e+03 -6.808837e+00 0.000000e+00 -6.763600e+00 -9.533948e-03 -3.570286e-02
1.316000e+03 -6.839560e+00 0.000000e+00 -6.794402e+00 -9.516672e-03 -3.564136e-02
1.318000e+03 -6.870376e+00 0.000000e+00 -6.825296e+00 -9.499462e-03 -3.558009e-02
1.320000e+03 -6.901285e+00 0.000000e+00 -6.856283e+00 -9.482318e-03 -3.551903e-02
1.322000e+03 -6.932287e+00 0.000000e+00 -6.887363e+00 -9.465239e-03 -3.545820e-02
1.324000e+03 -6.963383e+00 0.000000e+00 -6.918537e+00 -9.448226e-03 -3.539758e-02
1.326000e+03 -6.994572e+00 0.000000e+00 -6.949804e+00 -9.431278e-03 -3.533718e-02
1.328000e+03 -7.025855e+00 0.000000e+00 -6.981164e+00 -9.414393e-03 -3.527699e-02
1.330000e+03 -7.057232e+00 0.000000e+00 -7.012618e+00 -9.397573e-03 -3.521702e-02
1.332000e+03 -7.088703e+00 0.000000e+00 -7.044165e+00 -9.380817e-03 -3.515726e-02
1.334000e+03 -7.120268e+00 0.000000e+00 -7.075806e+00 -9.364123e-03 -3.509771e-02
1.336000e+03 -7.151928e+00 0.000000e+00 -7.107542e+00 -9.347493e-03 -3.503838e-02
1.338000e+03 -7.183682e+00 0.000000e+00 -7.139371e+00 -9.330925e-03 -3.497925e-02
1.340000e+03 -7.215530e+00 0.000000e+00 -7.171295e+00 -9.314419e-03 -3.492033e-02
1.342000e+03 -7.247473e+00 0.000000e+00 -7.203313e+00 -9.297974e-03 -3.486162e-02
1.344000e+03 -7.279511e+00 0.000000e+00 -7.235426e+00 -9.281592e-03 -3.480312e-02
1.346000e+03 -7.311643e+00 0.000000e+00 -7.267633e+00 -9.265270e-03 -3.474482e-02
1.348000e+03 -7.343871e+00 0.000000e+00 -7.299936e+00 -9.249009e-03 -3.468672e-02
1.350000e+03 -7.376194e+00 0.000000e+00 -7.332333e+00 -9.232808e-03 -3.462883e-02
1.352000e+03 -7.408613e+00 0.000000e+00 -7.364825e+00 -9.216667e-03 -3.457114e-02
1.354000e+03 -7.441127e+00 0.000000e+00 -7.397412e+00 -9.200586e-03 -3.451365e-02
1.356000e+03 -7.473736e+00 0.000000e+00 -7.430095e+00 -9.184565e-03 -3.445636e-02
1.358000e+03 -7.506441e+00 0.000000e+00 -7.462873e+00 -9.168602e-03 -3.439927e-02
1.360000e+03 -7.539242e+00 0.000000e+00 -7.495747e+00 -9.152698e-03 -3.434238e-02
1.362000e+03 -7.572139e+00 0.000000e+00 -7.528717e+00 -9.136852e-03 -3.428568e-02
1.364000e+03 -7.605132e+00 0.000000e+00 -7.561782e+00 -9.121064e-03 -3.422918e-02
1.366000e+03 -7.638222e+00 0.000000e+00 -7.594944e+00 -9.105334e-03 -3.417288e-02
1.368000e+03 -7.671408e+00 0.000000e+00 -7.628201e+00 -9.089661e-03 -3.411676e-02
1.370000e+03 -7.704690e+00 0.000000e+00 -7.661555e+00 -9.074045e-03 -3.406084e-02
1.372000e+03 -7.738069e+00 0.000000e+00 -7.695006e+00 -9.058485e-03 -3.400511e-02
1.374000e+03 -7.771545e+00 0.000000e+00 -7.728552e+00 -9.042982e-03 -3.394957e-02
1.376000e+03 -7.805118e+00 0.000000e+00 -7.762196e+00 -9.027535e-03 -3.389422e-02
1.378000e+03 -7.838788e+00 0.000000e+00 -7.795936e+00 -9.012144e-03 -3.383906e-02
1.380000e+03 -7.872555e+00 0.000000e+00 -7.829774e+00 -8.996808e-03 -3.378409e-02
1.382000e+03 -7.906419e+00 0.000000e+00 -7.863708e+00 -8.981528e-03 -3.372930e-02
1.384000e+03 -7.940381e+00 0.000000e+00 -7.897740e+00 -8.966302e-03 -3.367469e-02
1.386000e+03 -7.974440e+00 0.000000e+00 -7.931869e+00 -8.951130e-03 -3.362028e-02
1.388000e+03 -8.008598e+00 0.000000e+00 -7.966096e+00 -8.936013e-03 -3.356604e-02
1.390000e+03 -8.042853e+00 0.000000e+00 -8.000420e+00 -8.920950e-03 -3.351199e-02
1.392000e+03 -8.077206e+00 0.000000e+00 -8.034842e+00 -8.905940e-03 -3.345812e-02
1.394000e+03 -8.111657e+00 0.000000e+00 -8.069362e+00 -8.890983e-03 -3.340443e-02
1.396000e+03 -8.146206e+00 0.000000e+00 -8.103979e+00 -8.876080e-03 -3.335092e-02
1.398000e+03 -8.180854e+00 0.000000e+00 -8.138695e+00 -8.861229e-03 -3.329758e-02
1.400000e+03 -8.215601e+00 0.000000e+00 -8.173510e+00 -8.846430e-03 -3.324443e-02
1.402000e+03 -8.250446e+00 0.000000e+00 -8.208422e+00 -8.831684e-03 -3.319145e-02
1.404000e+03 -8.285389e+00 0.000000e+00 -8.243434e+00 -8.816989e-03 -3.313865e-02
1.406000e+03 -8.320432e+00 0.000000e+00 -8.278544e+00 -8.802347e-03 -3.308603e-02
1.408000e+03 -8.355574e+00 0.000000e+00 -8.313753e+00 -8.787755e-03 -3.303357e-02
1.410000e+03 -8.390815e+00 0.000000e+00 -8.349060e+00 -8.773214e-03 -3.298129e-02
1.412000e+03 -8.426155e+00 0.000000e+00 -8.384467e+00 -8.758724e-03 -3.292919e-02
1.414000e+03 -8.461595e+00 0.000000e+00 -8.419974e+00 -8.744285e-03 -3.287725e-02
1.416000e+03 -8.497134e+00 0.000000e+00 -8.455579e+00 -8.729895e-03 -3.282549e-02
1.418000e+03 -8.532774e+00 0.000000e+00 -8.491284e+00 -8.715556e-03 -3.277389e-02
1.420000e+03 -8.568513e+00 0.000000e+00 -8.527089e+00 -8.701266e-03 -3.272247e-02
1.422000e+03 -8.604351e+00 0.000000e+00 -8.562993e+00 -8.687026e-03 -3.267121e-02
1.424000e+03 -8.640291e+00 0.000000e+00 -8.598998e+00 -8.672835e-03 -3.262012e-02
1.426000e+03 -8.676330e+00 0.000000e+00 -8.635102e+00 -8.658692e-03 -3.256920e-02
1.428000e+03 -8.712470e+00 0.000000e+00 -8.671307e+00 -8.644598e-03 -3.251844e-02
1.430000e+03 -8.748710e+00 0.000000e+00 -8.707611e+00 -8.630553e-03 -3.246784e-02
1.432000e+03 -8.785051e+00 0.000000e+00 -8.744017e+00 -8.616555e-03 -3.241741e-02
1.434000e+03 -8.821492e+00 0.000000e+00 -8.780523e+00 -8.602605e-03 -3.236715e-02
1.436000e+03 -8.858035e+00 0.000000e+00 -8.817129e+00 -8.588703e-03 -3.231704e-02
1.438000e+03 -8.894678e+00 0.000000e+00 -8.853837e+00 -8.574848e-03 -3.226710e-02
1.440000e+03 -8.931423e+00 0.000000e+00 -8.890645e+00 -8.561041e-03 -3.221732e-02
1.442000e+03 -8.968269e+00 0.000000e+00 -8.927554e+00 -8.547280e-03 -3.216770e-02
1.444000e+03 -9.005217e+00 0.000000e+00 -8.964565e+00 -8.533565e-03 -3.211823e-02
1.446000e+03 -9.042266e+00 0.000000e+00 -9.001677e+00 -8.519897e-03 -3.206893e-02
1.448000e+03 -9.079417e+00 0.000000e+00 -9.038891e+00 -8.506275e-03 -3.201978e-02
1.450000e+03 -9.116670e+00 0.000000e+00 -9.076206e+00 -8.492699e-03 -3.197079e-02
1.452000e+03 -9.154024e+00 0.000000e+00 -9.113623e+00 -8.479168e-03 -3.192195e-02
1.454000e+03 -9.191481e+00 0.000000e+00 -9.151142e+00 -8.465683e-03 -3.187327e-02
1.456000e+03 -9.229040e+00 0.000000e+00 -9.188763e+00 -8.452243e-03 -3.182475e-02
1.458000e+03 -9.266701e+00 0.000000e+00 -9.226486e+00 -8.438848e-03 -3.177638e-02
1.460000e+03 -9.304465e+00 0.000000e+00 -9.264312e+00 -8.425497e-03 -3.172816e-02
1.462000e+03 -9.342332e+00 0.000000e+00 -9.302239e+00 -8.412191e-03 -3.168009e-02
1.464000e+03 -9.380301e+00 0.000000e+00 -9.340270e+00 -8.398929e-03 -3.163217e-02
1.466000e+03 -9.418373e+00 0.000000e+00 -9.378403e+00 -8.385711e-03 -3.158441e-02
1.468000e+03 -9.456548e+00 0.000000e+00 -9.416639e+00 -8.372537e-03 -3.153679e-02
1.470000e+03 -9.494827e+00 0.000000e+00 -9.454978e+00 -8.359406e-03 -3.148933e-02
1.472000e+03 -9.533208e+00 0.000000e+00 -9.493420e+00 -8.346318e-03 -3.144201e-02
1.474000e+03 -9.571694e+00 0.000000e+00 -9.531965e+00 -8.333274e-03 -3.139484e-02
1.476000e+03 -9.610282e+00 0.000000e+00 -9.570614e+00 -8.320273e-03 -3.134782e-02
1.478000e+03 -9.648975e+00 0.000000e+00 -9.609366e+00 -8.307314e-03 -3.130094e-02
1.480000e+03 -9.687771e+00 0.000000e+00 -9.648222e+00 -8.294397e-03 -3.125421e-02
1.482000e+03 -9.726671e+00 0.000000e+00 -9.687182e+00 -8.281523e-03 -3.120763e-02
1.484000e+03 -9.765675e+00 0.000000e+00 -9.726245e+00 -8.268691e-03 -3.116119e-02
1.486000e+03 -9.804783e+00 0.000000e+00 -9.765413e+00 -8.255900e-03 -3.111489e-02
1.488000e+03 -9.843996e+00 0.000000e+00 -9.804684e+00 -8.243151e-03 -3.106873e-02
1.490000e+03 -9.883313e+00 0.000000e+00 -9.844060e+00 -8.230444e-03 -3.102272e-02
1.492000e+03 -9.922735e+00 0.000000e+00 -9.883541e+00 -8.217777e-03 -3.097685e-02
1.494000e+03 -9.962262e+00 0.000000e+00 -9.923126e+00 -8.205152e-03 -3.093112e-02
1.496000e+03 -1.000189e+01 0.000000e+00 -9.962815e+00 -8.192567e-03 -3.088553e-02
1.498000e+03 -1.004163e+01 0.000000e+00 -1.000261e+01 -8.180023e-03 -3.084008e-02
1.500000e+03 -1.008147e+01 0.000000e+00 -1.004251e+01 -8.167519e-03 -3.079477e-02
1.502000e+03 -1.012142e+01 0.000000e+00 -1.008251e+01 -8.155055e-03 -3.074960e-02
1.504000e+03 -1.016147e+01 0.000000e+00 -1.012262e+01 -8.142631e-03 -3.070456e-02
1.506000e+03 -1.020163e+01 0.000000e+00 -1.016284e+01 -8.130247e-03 -3.065966e-02
1.508000e+03 -1.024189e+01 0.000000e+00 -1.020316e+01 -8.117902e-03 -3.061490e-02
1.510000e+03 -1.028226e+01 0.000000e+00 -1.024359e+01 -8.105597e-03 -3.057027e-02
1.512000e+03 -1.032274e+01 0.000000e+00 -1.028412e+01 -8.093331e-03 -3.052578e-02
1.514000e+03 -1.036332e+01 0.000000e+00 -1.032476e+01 -8.081104e-03 -3.048142e-02
1.516000e+03 -1.040401e+01 0.000000e+00 -1.036550e+01 -8.068915e-03 -3.043720e-02
1.518000e+03 -1.044480e+01 0.000000e+00 -1.040635e+01 -8.056766e-03 -3.039311e-02
1.520000e+03 -1.048570e+01 0.000000e+00 -1.044731e+01 -8.044654e-03 -3.034915e-02
1.522000e+03 -1.052671e+01 0.000000e+00 -1.048837e+01 -8.032581e-03 -3.030532e-02
1.524000e+03 -1.056782e+01 0.000000e+00 -1.052954e+01 -8.020546e-03 -3.026163e-02
1.526000e+03 -1.060904e+01 0.000000e+00 -1.057081e+01 -8.008548e-03 -3.021806e-02
1.528000e+03 -1.065037e+01 0.000000e+00 -1.061220e+01 -7.996588e-03 -3.017463e-02
1.530000e+03 -1.069180e+01 0.000000e+00 -1.065369e+01 -7.984666e-03 -3.013133e-02
1.532000e+03 -1.073334e+01 0.000000e+00 -1.069528e+01 -7.972781e-03 -3.008815e-02
1.534000e+03 -1.077499e+01 0.000000e+00 -1.073699e+01 -7.960933e-03 -3.004510e-02
1.536000e+03 -1.081675e+01 0.000000e+00 -1.077880e+01 -7.949122e-03 -3.000218e-02
1.538000e+03 -1.085861e+01 0.000000e+00 -1.082072e+01 -7.937348e-03 -2.995939e-02
1.540000e+03 -1.090059e+01 0.000000e+00 -1.086274e+01 -7.925610e-03 -2.991672e-02
1.542000e+03 -1.094267e+01 0.000000e+00 -1.090488e+01 -7.913909e-03 -2.987418e-02
1.544000e+03 -1.098485e+01 0.000000e+00 -1.094712e+01 -7.902243e-03 -2.983177e-02
1.546000e+03 -1.102715e+01 0.000000e+00 -1.098947e+01 -7.890614e-03 -2.978948e-02
1.548000e+03 -1.106956e+01 0.000000e+00 -1.103193e+01 -7.879021e-03 -2.974731e-02
1.550000e+03 -1.111207e+01 0.000000e+00 -1.107450e+01 -7.867463e-03 -2.970527e-02
