1.000000e+02 1.641413e+00 2.364600e+00 -4.966444e-01 -4.481181e-02 -1.817310e-01
1.020000e+02 1.610428e+00 2.364600e+00 -5.167081e-01 -4.688584e-02 -1.905781e-01
1.040000e+02 1.578661e+00 2.364600e+00 -5.371690e-01 -4.902516e-02 -1.997445e-01
1.060000e+02 1.546099e+00 2.364600e+00 -5.580271e-01 -5.123164e-02 -2.092421e-01
1.080000e+02 1.512727e+00 2.364600e+00 -5.792825e-01 -5.350720e-02 -2.190835e-01
1.100000e+02 1.478529e+00 2.364600e+00 -6.009351e-01 -5.585388e-02 -2.292818e-01
1.120000e+02 1.443490e+00 2.364600e+00 -6.229849e-01 -5.827382e-02 -2.398508e-01
1.140000e+02 1.407593e+00 2.364600e+00 -6.454320e-01 -6.076926e-02 -2.508054e-01
1.160000e+02 1.370820e+00 2.364600e+00 -6.682763e-01 -6.334252e-02 -2.621609e-01
1.180000e+02 1.333152e+00 2.364600e+00 -6.915177e-01 -6.599608e-02 -2.739338e-01
1.200000e+02 1.294570e+00 2.364600e+00 -7.151564e-01 -6.873251e-02 -2.861414e-01
1.220000e+02 1.255051e+00 2.364600e+00 -7.391923e-01 -7.155452e-02 -2.988020e-01
1.240000e+02 1.214575e+00 2.364600e+00 -7.636254e-01 -7.446495e-02 -3.119349e-01
1.260000e+02 1.173117e+00 2.364600e+00 -7.884557e-01 -7.746679e-02 -3.255607e-01
1.280000e+02 1.130653e+00 2.364600e+00 -8.136832e-01 -8.056317e-02 -3.397010e-01
1.300000e+02 1.087156e+00 2.364600e+00 -8.393079e-01 -8.375740e-02 -3.543786e-01
1.320000e+02 1.042599e+00 2.364600e+00 -8.653297e-01 -8.705294e-02 -3.696180e-01
1.340000e+02 9.969531e-01 2.364600e+00 -8.917488e-01 -9.045344e-02 -3.854447e-01
1.360000e+02 9.501863e-01 2.364600e+00 -9.185650e-01 -9.396276e-02 -4.018860e-01
1.380000e+02 9.022661e-01 2.364600e+00 -9.457784e-01 -9.758493e-02 -4.189706e-01
1.400000e+02 8.531577e-01 2.364600e+00 -9.733889e-01 -1.013242e-01 -4.367291e-01
1.420000e+02 8.028245e-01 2.364600e+00 -1.001397e+00 -1.051852e-01 -4.551938e-01
1.440000e+02 7.512274e-01 2.364600e+00 -1.029801e+00 -1.091724e-01 -4.743987e-01
1.460000e+02 6.983254e-01 2.364600e+00 -1.058603e+00 -1.132911e-01 -4.943800e-01
1.480000e+02 6.440749e-01 2.364600e+00 -1.087803e+00 -1.175465e-01 -5.151761e-01
1.500000e+02 5.884299e-01 2.364600e+00 -1.117399e+00 -1.219441e-01 -5.368271e-01
1.520000e+02 5.313419e-01 2.364600e+00 -1.147392e+00 -1.264899e-01 -5.593759e-01
1.540000e+02 4.727596e-01 2.364600e+00 -1.177783e+00 -1.311901e-01 -5.828674e-01
1.560000e+02 4.126291e-01 2.364600e+00 -1.208571e+00 -1.360514e-01 -6.073489e-01
1.580000e+02 3.508935e-01 2.364600e+00 -1.239755e+00 -1.410808e-01 -6.328703e-01
1.600000e+02 2.874931e-01 2.364600e+00 -1.271337e+00 -1.462857e-01 -6.594839e-01
1.620000e+02 2.223655e-01 2.364600e+00 -1.303316e+00 -1.516740e-01 -6.872442e-01
1.640000e+02 1.554453e-01 2.364600e+00 -1.335692e+00 -1.572541e-01 -7.162081e-01
1.660000e+02 8.666469e-02 2.364600e+00 -1.368466e+00 -1.630349e-01 -7.464348e-01
1.680000e+02 1.595332e-02 2.364600e+00 -1.401636e+00 -1.690259e-01 -7.779848e-01
1.700000e+02 -5.676103e-02 2.364600e+00 -1.435203e+00 -1.752371e-01 -8.109206e-01
1.720000e+02 -1.315521e-01 2.364600e+00 -1.469168e+00 -1.816793e-01 -8.453050e-01
1.740000e+02 -2.084941e-01 2.364600e+00 -1.503529e+00 -1.883639e-01 -8.812009e-01
1.760000e+02 -2.876609e-01 2.364600e+00 -1.538288e+00 -1.953030e-01 -9.186699e-01
1.780000e+02 -3.691245e-01 2.364600e+00 -1.573444e+00 -2.025097e-01 -9.577711e-01
1.800000e+02 -4.529526e-01 2.364600e+00 -1.608996e+00 -2.099979e-01 -9.985584e-01
1.820000e+02 -5.392068e-01 2.364600e+00 -1.644946e+00 -2.177824e-01 -1.041078e+00
1.840000e+02 -6.279382e-01 2.364600e+00 -1.681293e+00 -2.258790e-01 -1.085366e+00
1.860000e+02 -7.191833e-01 2.364600e+00 -1.718037e+00 -2.343049e-01 -1.131442e+00
1.880000e+02 -8.129582e-01 2.364600e+00 -1.755178e+00 -2.430781e-01 -1.179302e+00
1.900000e+02 -9.092505e-01 2.364600e+00 -1.792716e+00 -2.522182e-01 -1.228917e+00
1.920000e+02 -1.008010e+00 2.364600e+00 -1.830650e+00 -2.617462e-01 -1.280213e+00
1.940000e+02 -1.109134e+00 2.364600e+00 -1.868982e+00 -2.716846e-01 -1.333067e+00
1.960000e+02 -1.212454e+00 2.364600e+00 -1.907711e+00 -2.820575e-01 -1.387285e+00
1.980000e+02 -1.317713e+00 2.364600e+00 -1.946837e+00 -2.928910e-01 -1.442585e+00
2.000000e+02 -1.424539e+00 2.364600e+00 -1.986360e+00 -3.042130e-01 -1.498566e+00
2.020000e+02 -1.532415e+00 2.364600e+00 -2.026280e+00 -3.160536e-01 -1.554681e+00
2.040000e+02 -1.640635e+00 2.364600e+00 -2.066597e+00 -3.284453e-01 -1.610193e+00
2.060000e+02 -1.748259e+00 2.364600e+00 -2.107311e+00 -3.414231e-01 -1.664125e+00
2.080000e+02 -1.854055e+00 2.364600e+00 -2.148422e+00 -3.550245e-01 -1.715209e+00
2.100000e+02 -1.956432e+00 2.364600e+00 -2.189929e+00 -3.692903e-01 -1.761813e+00
2.120000e+02 -2.053374e+00 2.364600e+00 -2.231834e+00 -3.842641e-01 -1.801876e+00
2.140000e+02 -2.142367e+00 2.364600e+00 -2.274136e+00 -3.999931e-01 -1.832838e+00
2.160000e+02 -2.220344e+00 2.364600e+00 -2.316834e+00 -4.165280e-01 -1.851582e+00
2.180000e+02 -2.283660e+00 2.364600e+00 -2.359930e+00 -4.339233e-01 -1.854407e+00
2.200000e+02 -2.328119e+00 2.364600e+00 -2.403422e+00 -4.522377e-01 -1.837059e+00
2.220000e+02 -2.349101e+00 2.364600e+00 -2.447311e+00 -4.715336e-01 -1.794856e+00
2.240000e+02 -2.341815e+00 2.364600e+00 -2.491598e+00 -4.918780e-01 -1.722940e+00
2.260000e+02 -2.301722e+00 2.364600e+00 -2.536281e+00 -5.133418e-01 -1.616699e+00
2.280000e+02 -2.225131e+00 2.364600e+00 -2.581361e+00 -5.359999e-01 -1.472370e+00
2.300000e+02 -2.109943e+00 2.364600e+00 -2.626838e+00 -5.599305e-01 -1.287774e+00
2.320000e+02 -1.956416e+00 2.364600e+00 -2.672711e+00 -5.852145e-01 -1.063091e+00
2.340000e+02 -1.767784e+00 2.364600e+00 -2.718982e+00 -6.119336e-01 -8.014683e-01
2.360000e+02 -1.550491e+00 2.364600e+00 -2.765649e+00 -6.401689e-01 -5.092724e-01
2.380000e+02 -1.313887e+00 2.364600e+00 -2.812714e+00 -6.699968e-01 -1.957767e-01
2.400000e+02 -1.069332e+00 2.364600e+00 -2.860175e+00 -7.014850e-01 1.277282e-01
2.420000e+02 -8.288627e-01 2.364600e+00 -2.908033e+00 -7.346849e-01 4.492551e-01
2.440000e+02 -6.037506e-01 2.364600e+00 -2.956288e+00 -7.696219e-01 7.575591e-01
2.460000e+02 -4.032755e-01 2.364600e+00 -3.004939e+00 -8.062814e-01 1.043345e+00
2.480000e+02 -2.339753e-01 2.364600e+00 -3.053988e+00 -8.445880e-01 1.300000e+00
2.500000e+02 -9.943068e-02 2.364600e+00 -3.103433e+00 -8.843776e-01 1.523780e+00
2.520000e+02 -4.922778e-04 2.364600e+00 -3.153275e+00 -9.253576e-01 1.713540e+00
2.540000e+02 6.423276e-02 2.364600e+00 -3.203514e+00 -9.670515e-01 1.870198e+00
2.560000e+02 9.782234e-02 2.364600e+00 -3.254149e+00 -1.008724e+00 1.996095e+00
2.580000e+02 1.045487e-01 2.364600e+00 -3.305182e+00 -1.049278e+00 2.094409e+00
2.600000e+02 8.953349e-02 2.364600e+00 -3.356611e+00 -1.087126e+00 2.168670e+00
2.620000e+02 5.857089e-02 2.364600e+00 -3.408436e+00 -1.120019e+00 2.222426e+00
2.640000e+02 1.810321e-02 2.364600e+00 -3.460659e+00 -1.144855e+00 2.259017e+00
2.660000e+02 -2.470203e-02 2.364600e+00 -3.513278e+00 -1.157482e+00 2.281458e+00
2.680000e+02 -6.185854e-02 2.364600e+00 -3.566294e+00 -1.152553e+00 2.292389e+00
2.700000e+02 -8.458674e-02 2.364600e+00 -3.619707e+00 -1.123548e+00 2.294068e+00
2.720000e+02 -8.365357e-02 2.364600e+00 -3.673516e+00 -1.063136e+00 2.288398e+00
2.740000e+02 -5.025784e-02 2.364600e+00 -3.727722e+00 -9.640946e-01 2.276959e+00
2.760000e+02 2.237845e-02 2.364600e+00 -3.782325e+00 -8.209477e-01 2.261051e+00
2.780000e+02 1.368390e-01 2.364600e+00 -3.837324e+00 -6.321729e-01 2.241736e+00
2.800000e+02 2.894132e-01 2.364600e+00 -3.892721e+00 -4.023417e-01 2.219876e+00
2.820000e+02 4.692087e-01 2.364600e+00 -3.948513e+00 -1.430411e-01 2.196163e+00
2.840000e+02 6.595130e-01 2.364600e+00 -4.004703e+00 1.284591e-01 2.171157e+00
2.860000e+02 8.413899e-01 2.364600e+00 -4.061289e+00 3.927775e-01 2.145301e+00
2.880000e+02 9.980948e-01 2.364600e+00 -4.118271e+00 6.328155e-01 2.118950e+00
2.900000e+02 1.118354e+00 2.364600e+00 -4.175650e+00 8.370194e-01 2.092385e+00
2.920000e+02 1.197388e+00 2.364600e+00 -4.233426e+00 1.000391e+00 2.065823e+00
2.940000e+02 1.235938e+00 2.364600e+00 -4.291599e+00 1.123500e+00 2.039437e+00
2.960000e+02 1.238322e+00 2.364600e+00 -4.350168e+00 1.210530e+00 2.013359e+00
2.980000e+02 1.210514e+00 2.364600e+00 -4.409133e+00 1.267359e+00 1.987689e+00
3.000000e+02 1.158748e+00 2.364600e+00 -4.468495e+00 1.300140e+00 1.962503e+00
3.020000e+02 1.088706e+00 2.364600e+00 -4.528254e+00 1.314502e+00 1.937857e+00
3.040000e+02 1.005176e+00 2.364600e+00 -4.588409e+00 1.315195e+00 1.913790e+00
3.060000e+02 9.119943e-01 2.364600e+00 -4.648961e+00 1.306028e+00 1.890327e+00
3.080000e+02 8.121309e-01 2.364600e+00 -4.709909e+00 1.289955e+00 1.867485e+00
3.100000e+02 7.078274e-01 2.364600e+00 -4.771254e+00 1.269210e+00 1.845271e+00
3.120000e+02 6.007454e-01 2.364600e+00 -4.832995e+00 1.245453e+00 1.823688e+00
3.140000e+02 4.920976e-01 2.364600e+00 -4.895133e+00 1.219899e+00 1.802731e+00
3.160000e+02 3.827563e-01 2.364600e+00 -4.957667e+00 1.193429e+00 1.782394e+00
3.180000e+02 2.733393e-01 2.364600e+00 -5.020598e+00 1.166671e+00 1.762665e+00
3.200000e+02 1.642758e-01 2.364600e+00 -5.083925e+00 1.140067e+00 1.743533e+00
3.220000e+02 5.585675e-02 2.364600e+00 -5.147648e+00 1.113922e+00 1.724983e+00
3.240000e+02 -5.172822e-02 2.364600e+00 -5.211768e+00 1.088440e+00 1.707000e+00
3.260000e+02 -1.583630e-01 2.364600e+00 -5.276285e+00 1.063754e+00 1.689567e+00
3.280000e+02 -2.639846e-01 2.364600e+00 -5.341197e+00 1.039944e+00 1.672669e+00
3.300000e+02 -3.685678e-01 2.364600e+00 -5.406507e+00 1.017052e+00 1.656287e+00
3.320000e+02 -4.721147e-01 2.364600e+00 -5.472212e+00 9.950923e-01 1.640405e+00
3.340000e+02 -5.746458e-01 2.364600e+00 -5.538314e+00 9.740617e-01 1.625007e+00
3.360000e+02 -6.761946e-01 2.364600e+00 -5.604812e+00 9.539434e-01 1.610074e+00
3.380000e+02 -7.768032e-01 2.364600e+00 -5.671707e+00 9.347115e-01 1.595592e+00
3.400000e+02 -8.765189e-01 2.364600e+00 -5.738998e+00 9.163350e-01 1.581544e+00
3.420000e+02 -9.753920e-01 2.364600e+00 -5.806685e+00 8.987789e-01 1.567914e+00
3.440000e+02 -1.073474e+00 2.364600e+00 -5.874769e+00 8.820067e-01 1.554688e+00
3.460000e+02 -1.170818e+00 2.364600e+00 -5.943249e+00 8.659813e-01 1.541850e+00
3.480000e+02 -1.267473e+00 2.364600e+00 -6.012125e+00 8.506655e-01 1.529386e+00
3.500000e+02 -1.363492e+00 2.364600e+00 -6.081398e+00 8.360231e-01 1.517283e+00
3.520000e+02 -1.458920e+00 2.364600e+00 -6.151066e+00 8.220187e-01 1.505527e+00
3.540000e+02 -1.553807e+00 2.364600e+00 -6.221131e+00 8.086186e-01 1.494106e+00
3.560000e+02 -1.648195e+00 2.364600e+00 -6.291593e+00 7.957904e-01 1.483007e+00
3.580000e+02 -1.742128e+00 2.364600e+00 -6.362450e+00 7.835032e-01 1.472219e+00
3.600000e+02 -1.835646e+00 2.364600e+00 -6.433704e+00 7.717279e-01 1.461730e+00
3.620000e+02 -1.928788e+00 2.364600e+00 -6.505354e+00 7.604370e-01 1.451529e+00
3.640000e+02 -2.021590e+00 2.364600e+00 -6.577400e+00 7.496044e-01 1.441606e+00
3.660000e+02 -2.114086e+00 2.364600e+00 -6.649842e+00 7.392056e-01 1.431951e+00
3.680000e+02 -2.206309e+00 2.364600e+00 -6.722681e+00 7.292175e-01 1.422554e+00
3.700000e+02 -2.298290e+00 2.364600e+00 -6.795915e+00 7.196186e-01 1.413407e+00
3.720000e+02 -2.390058e+00 2.364600e+00 -6.869546e+00 7.103883e-01 1.404500e+00
3.740000e+02 -2.481641e+00 2.364600e+00 -6.943573e+00 7.015077e-01 1.395825e+00
3.760000e+02 -2.573064e+00 2.364600e+00 -7.017996e+00 6.929588e-01 1.387373e+00
3.780000e+02 -2.664353e+00 2.364600e+00 -7.092815e+00 6.847246e-01 1.379138e+00
3.800000e+02 -2.755530e+00 2.364600e+00 -7.168030e+00 6.767894e-01 1.371111e+00
3.820000e+02 -2.846618e+00 2.364600e+00 -7.243641e+00 6.691383e-01 1.363286e+00
3.840000e+02 -2.937637e+00 2.364600e+00 -7.319649e+00 6.617572e-01 1.355655e+00
3.860000e+02 -3.028607e+00 2.364600e+00 -7.396052e+00 6.546331e-01 1.348212e+00
3.880000e+02 -3.119547e+00 2.364600e+00 -7.472851e+00 6.477536e-01 1.340951e+00
3.900000e+02 -3.210474e+00 2.364600e+00 -7.550047e+00 6.411071e-01 1.333866e+00
3.920000e+02 -3.301406e+00 2.364600e+00 -7.627638e+00 6.346825e-01 1.326950e+00
3.940000e+02 -3.392357e+00 2.364600e+00 -7.705626e+00 6.284696e-01 1.320199e+00
3.960000e+02 -3.483343e+00 2.364600e+00 -7.784009e+00 6.224588e-01 1.313607e+00
3.980000e+02 -3.574379e+00 2.364600e+00 -7.862789e+00 6.166407e-01 1.307169e+00
4.000000e+02 -3.665477e+00 2.364600e+00 -7.941964e+00 6.110068e-01 1.300880e+00
4.020000e+02 -3.756651e+00 2.364600e+00 -8.021535e+00 6.055490e-01 1.294735e+00
4.040000e+02 -3.847913e+00 2.364600e+00 -8.101502e+00 6.002594e-01 1.288730e+00
4.060000e+02 -3.939275e+00 2.364600e+00 -8.181865e+00 5.951310e-01 1.282860e+00
4.080000e+02 -4.030747e+00 2.364600e+00 -8.262624e+00 5.901567e-01 1.277121e+00
4.100000e+02 -4.122340e+00 2.364600e+00 -8.343779e+00 5.853300e-01 1.271510e+00
4.120000e+02 -4.214064e+00 2.364600e+00 -8.425330e+00 5.806449e-01 1.266021e+00
4.140000e+02 -4.305929e+00 2.364600e+00 -8.507277e+00 5.760954e-01 1.260652e+00
4.160000e+02 -4.397944e+00 2.364600e+00 -8.589619e+00 5.716761e-01 1.255400e+00
4.180000e+02 -4.490117e+00 2.364600e+00 -8.672357e+00 5.673816e-01 1.250259e+00
4.200000e+02 -4.582456e+00 2.364600e+00 -8.755492e+00 5.632071e-01 1.245228e+00
4.220000e+02 -4.674971e+00 2.364600e+00 -8.839021e+00 5.591478e-01 1.240303e+00
4.240000e+02 -4.767668e+00 2.364600e+00 -8.922947e+00 5.551992e-01 1.235480e+00
4.260000e+02 -4.860554e+00 2.364600e+00 -9.007269e+00 5.513570e-01 1.230758e+00
4.280000e+02 -4.953636e+00 2.364600e+00 -9.091986e+00 5.476173e-01 1.226133e+00
4.300000e+02 -5.046921e+00 2.364600e+00 -9.177099e+00 5.439761e-01 1.221602e+00
4.320000e+02 -5.140416e+00 2.364600e+00 -9.262607e+00 5.404297e-01 1.217162e+00
4.340000e+02 -5.234125e+00 2.364600e+00 -9.348512e+00 5.369748e-01 1.212812e+00
4.360000e+02 -5.328056e+00 2.364600e+00 -9.434812e+00 5.336079e-01 1.208548e+00
4.380000e+02 -5.422213e+00 2.364600e+00 -9.521508e+00 5.303259e-01 1.204368e+00
4.400000e+02 -5.516602e+00 2.364600e+00 -9.608599e+00 5.271258e-01 1.200271e+00
4.420000e+02 -5.611229e+00 2.364600e+00 -9.696086e+00 5.240046e-01 1.196253e+00
4.440000e+02 -5.706097e+00 2.364600e+00 -9.783969e+00 5.209596e-01 1.192313e+00
4.460000e+02 -5.801211e+00 2.364600e+00 -9.872247e+00 5.179882e-01 1.188448e+00
4.480000e+02 -5.896577e+00 2.364600e+00 -9.960921e+00 5.150879e-01 1.184656e+00
4.500000e+02 -5.992198e+00 2.364600e+00 -1.004999e+01 5.122563e-01 1.180936e+00
4.520000e+02 -6.088078e+00 2.364600e+00 -1.013946e+01 5.094910e-01 1.177286e+00
4.540000e+02 -6.184222e+00 2.364600e+00 -1.022932e+01 5.067898e-01 1.173704e+00
4.560000e+02 -6.280634e+00 2.364600e+00 -1.031957e+01 5.041507e-01 1.170188e+00
4.580000e+02 -6.377316e+00 2.364600e+00 -1.041022e+01 5.015717e-01 1.166736e+00
4.600000e+02 -6.474274e+00 2.364600e+00 -1.050127e+01 4.990507e-01 1.163347e+00
4.620000e+02 -6.571509e+00 2.364600e+00 -1.059271e+01 4.965860e-01 1.160019e+00
4.640000e+02 -6.669025e+00 2.364600e+00 -1.068455e+01 4.941758e-01 1.156751e+00
4.660000e+02 -6.766826e+00 2.364600e+00 -1.077679e+01 4.918183e-01 1.153541e+00
4.680000e+02 -6.864915e+00 2.364600e+00 -1.086941e+01 4.895120e-01 1.150388e+00
4.700000e+02 -6.963294e+00 2.364600e+00 -1.096244e+01 4.872552e-01 1.147290e+00
4.720000e+02 -7.061966e+00 2.364600e+00 -1.105586e+01 4.850465e-01 1.144246e+00
4.740000e+02 -7.160935e+00 2.364600e+00 -1.114967e+01 4.828844e-01 1.141255e+00
4.760000e+02 -7.260202e+00 2.364600e+00 -1.124389e+01 4.807675e-01 1.138316e+00
4.780000e+02 -7.359771e+00 2.364600e+00 -1.133849e+01 4.786945e-01 1.135426e+00
4.800000e+02 -7.459643e+00 2.364600e+00 -1.143349e+01 4.766641e-01 1.132586e+00
4.820000e+02 -7.559821e+00 2.364600e+00 -1.152889e+01 4.746750e-01 1.129793e+00
4.840000e+02 -7.660308e+00 2.364600e+00 -1.162468e+01 4.727261e-01 1.127048e+00
4.860000e+02 -7.761105e+00 2.364600e+00 -1.172087e+01 4.708162e-01 1.124348e+00
4.880000e+02 -7.862215e+00 2.364600e+00 -1.181745e+01 4.689442e-01 1.121692e+00
4.900000e+02 -7.963640e+00 2.364600e+00 -1.191443e+01 4.671091e-01 1.119080e+00
4.920000e+02 -8.065382e+00 2.364600e+00 -1.201180e+01 4.653098e-01 1.116511e+00
4.940000e+02 -8.167442e+00 2.364600e+00 -1.210957e+01 4.635453e-01 1.113984e+00
4.960000e+02 -8.269823e+00 2.364600e+00 -1.220773e+01 4.618147e-01 1.111497e+00
4.980000e+02 -8.372527e+00 2.364600e+00 -1.230629e+01 4.601170e-01 1.109050e+00
5.000000e+02 -8.475555e+00 2.364600e+00 -1.240525e+01 4.584515e-01 1.106641e+00
5.020000e+02 -8.578908e+00 2.364600e+00 -1.250460e+01 4.568171e-01 1.104271e+00
5.040000e+02 -8.682589e+00 2.364600e+00 -1.260434e+01 4.552132e-01 1.101938e+00
5.060000e+02 -8.786599e+00 2.364600e+00 -1.270448e+01 4.536388e-01 1.099642e+00
5.080000e+02 -8.890940e+00 2.364600e+00 -1.280501e+01 4.520933e-01 1.097381e+00
5.100000e+02 -8.995613e+00 2.364600e+00 -1.290594e+01 4.505758e-01 1.095155e+00
5.120000e+02 -9.100620e+00 2.364600e+00 -1.300727e+01 4.490857e-01 1.092963e+00
5.140000e+02 -9.205961e+00 2.364600e+00 -1.310899e+01 4.476223e-01 1.090805e+00
5.160000e+02 -9.311639e+00 2.364600e+00 -1.321110e+01 4.461848e-01 1.088679e+00
5.180000e+02 -9.417655e+00 2.364600e+00 -1.331361e+01 4.447727e-01 1.086585e+00
5.200000e+02 -9.524010e+00 2.364600e+00 -1.341652e+01 4.433853e-01 1.084523e+00
5.220000e+02 -9.630704e+00 2.364600e+00 -1.351982e+01 4.420219e-01 1.082491e+00
5.240000e+02 -9.737741e+00 2.364600e+00 -1.362351e+01 4.406821e-01 1.080490e+00
5.260000e+02 -9.845119e+00 2.364600e+00 -1.372760e+01 4.393653e-01 1.078517e+00
5.280000e+02 -9.952842e+00 2.364600e+00 -1.383209e+01 4.380708e-01 1.076574e+00
5.300000e+02 -1.006091e+01 2.364600e+00 -1.393697e+01 4.367981e-01 1.074659e+00
5.320000e+02 -1.016932e+01 2.364600e+00 -1.404224e+01 4.355468e-01 1.072772e+00
5.340000e+02 -1.027808e+01 2.364600e+00 -1.414791e+01 4.343163e-01 1.070911e+00
5.360000e+02 -1.038719e+01 2.364600e+00 -1.425397e+01 4.331062e-01 1.069078e+00
5.380000e+02 -1.049665e+01 2.364600e+00 -1.436043e+01 4.319159e-01 1.067270e+00
5.400000e+02 -1.060645e+01 2.364600e+00 -1.446729e+01 4.307450e-01 1.065488e+00
5.420000e+02 -1.071661e+01 2.364600e+00 -1.457454e+01 4.295930e-01 1.063731e+00
5.440000e+02 -1.082712e+01 2.364600e+00 -1.468218e+01 4.284596e-01 1.061999e+00
5.460000e+02 -1.093798e+01 2.364600e+00 -1.479022e+01 4.273443e-01 1.060290e+00
5.480000e+02 -1.104920e+01 2.364600e+00 -1.489865e+01 4.262467e-01 1.058606e+00
5.500000e+02 -1.116077e+01 2.364600e+00 -1.500748e+01 4.251664e-01 1.056944e+00
5.520000e+02 -1.127269e+01 2.364600e+00 -1.511670e+01 4.241031e-01 1.055305e+00
5.540000e+02 -1.138497e+01 2.364600e+00 -1.522632e+01 4.230562e-01 1.053689e+00
5.560000e+02 -1.149761e+01 2.364600e+00 -1.533633e+01 4.220256e-01 1.052095e+00
5.580000e+02 -1.161060e+01 2.364600e+00 -1.544673e+01 4.210108e-01 1.050522e+00
5.600000e+02 -1.172395e+01 2.364600e+00 -1.555754e+01 4.200115e-01 1.048970e+00
5.620000e+02 -1.183767e+01 2.364600e+00 -1.566873e+01 4.190273e-01 1.047438e+00
5.640000e+02 -1.195174e+01 2.364600e+00 -1.578032e+01 4.180580e-01 1.045927e+00
5.660000e+02 -1.206617e+01 2.364600e+00 -1.589231e+01 4.171032e-01 1.044436e+00
5.680000e+02 -1.218096e+01 2.364600e+00 -1.600469e+01 4.161626e-01 1.042965e+00
5.700000e+02 -1.229611e+01 2.364600e+00 -1.611746e+01 4.152360e-01 1.041513e+00
5.720000e+02 -1.241163e+01 2.364600e+00 -1.623063e+01 4.143230e-01 1.040079e+00
5.740000e+02 -1.252750e+01 2.364600e+00 -1.634419e+01 4.134233e-01 1.038665e+00
5.760000e+02 -1.264374e+01 2.364600e+00 -1.645815e+01 4.125367e-01 1.037268e+00
5.780000e+02 -1.276035e+01 2.364600e+00 -1.657250e+01 4.116629e-01 1.035889e+00
5.800000e+02 -1.287732e+01 2.364600e+00 -1.668725e+01 4.108017e-01 1.034528e+00
5.820000e+02 -1.299465e+01 2.364600e+00 -1.680239e+01 4.099528e-01 1.033184e+00
5.840000e+02 -1.311235e+01 2.364600e+00 -1.691792e+01 4.091159e-01 1.031858e+00
5.860000e+02 -1.323041e+01 2.364600e+00 -1.703385e+01 4.082908e-01 1.030547e+00
5.880000e+02 -1.334884e+01 2.364600e+00 -1.715017e+01 4.074774e-01 1.029253e+00
5.900000e+02 -1.346764e+01 2.364600e+00 -1.726689e+01 4.066752e-01 1.027976e+00
5.920000e+02 -1.358681e+01 2.364600e+00 -1.738400e+01 4.058842e-01 1.026714e+00
5.940000e+02 -1.370634e+01 2.364600e+00 -1.750151e+01 4.051041e-01 1.025467e+00
5.960000e+02 -1.382624e+01 2.364600e+00 -1.761941e+01 4.043347e-01 1.024236e+00
5.980000e+02 -1.394651e+01 2.364600e+00 -1.773771e+01 4.035758e-01 1.023020e+00
6.000000e+02 -1.406715e+01 2.364600e+00 -1.785640e+01 4.028272e-01 1.021819e+00
6.020000e+02 -1.418816e+01 2.364600e+00 -1.797548e+01 4.020888e-01 1.020632e+00
6.040000e+02 -1.430954e+01 2.364600e+00 -1.809496e+01 4.013602e-01 1.019460e+00
6.060000e+02 -1.443129e+01 2.364600e+00 -1.821483e+01 4.006413e-01 1.018301e+00
6.080000e+02 -1.455341e+01 2.364600e+00 -1.833510e+01 3.999320e-01 1.017157e+00
6.100000e+02 -1.467590e+01 2.364600e+00 -1.845576e+01 3.992320e-01 1.016026e+00
6.120000e+02 -1.479876e+01 2.364600e+00 -1.857681e+01 3.985413e-01 1.014908e+00
6.140000e+02 -1.492200e+01 2.364600e+00 -1.869826e+01 3.978596e-01 1.013803e+00
6.160000e+02 -1.504560e+01 2.364600e+00 -1.882010e+01 3.971867e-01 1.012712e+00
6.180000e+02 -1.516958e+01 2.364600e+00 -1.894234e+01 3.965225e-01 1.011633e+00
6.200000e+02 -1.529393e+01 2.364600e+00 -1.906497e+01 3.958669e-01 1.010567e+00
6.220000e+02 -1.541866e+01 2.364600e+00 -1.918799e+01 3.952196e-01 1.009513e+00
6.240000e+02 -1.554376e+01 2.364600e+00 -1.931141e+01 3.945806e-01 1.008471e+00
6.260000e+02 -1.566923e+01 2.364600e+00 -1.943522e+01 3.939497e-01 1.007441e+00
6.280000e+02 -1.579508e+01 2.364600e+00 -1.955943e+01 3.933268e-01 1.006423e+00
6.300000e+02 -1.592130e+01 2.364600e+00 -1.968403e+01 3.927116e-01 1.005416e+00
6.320000e+02 -1.604790e+01 2.364600e+00 -1.980902e+01 3.921041e-01 1.004421e+00
6.340000e+02 -1.617487e+01 2.364600e+00 -1.993441e+01 3.915042e-01 1.003437e+00
6.360000e+02 -1.630222e+01 2.364600e+00 -2.006019e+01 3.909117e-01 1.002464e+00
6.380000e+02 -1.642994e+01 2.364600e+00 -2.018637e+01 3.903264e-01 1.001502e+00
6.400000e+02 -1.655804e+01 2.364600e+00 -2.031294e+01 3.897483e-01 1.000550e+00
6.420000e+02 -1.668652e+01 2.364600e+00 -2.043990e+01 3.891773e-01 9.996096e-01
6.440000e+02 -1.681537e+01 2.364600e+00 -2.056726e+01 3.886132e-01 9.986791e-01
6.460000e+02 -1.694460e+01 2.364600e+00 -2.069501e+01 3.880558e-01 9.977588e-01
6.480000e+02 -1.707420e+01 2.364600e+00 -2.082316e+01 3.875052e-01 9.968486e-01
6.500000e+02 -1.720418e+01 2.364600e+00 -2.095169e+01 3.869611e-01 9.959483e-01
6.520000e+02 -1.733454e+01 2.364600e+00 -2.108063e+01 3.864235e-01 9.950577e-01
6.540000e+02 -1.746528e+01 2.364600e+00 -2.120995e+01 3.858922e-01 9.941768e-01
6.560000e+02 -1.759640e+01 2.364600e+00 -2.133967e+01 3.853672e-01 9.933054e-01
6.580000e+02 -1.772789e+01 2.364600e+00 -2.146978e+01 3.848484e-01 9.924433e-01
6.600000e+02 -1.785976e+01 2.364600e+00 -2.160029e+01 3.843356e-01 9.915904e-01
6.620000e+02 -1.799201e+01 2.364600e+00 -2.173119e+01 3.838287e-01 9.907466e-01
6.640000e+02 -1.812464e+01 2.364600e+00 -2.186248e+01 3.833277e-01 9.899117e-01
6.660000e+02 -1.825765e+01 2.364600e+00 -2.199417e+01 3.828325e-01 9.890856e-01
6.680000e+02 -1.839104e+01 2.364600e+00 -2.212625e+01 3.823429e-01 9.882682e-01
6.700000e+02 -1.852481e+01 2.364600e+00 -2.225872e+01 3.818589e-01 9.874593e-01
6.720000e+02 -1.865895e+01 2.364600e+00 -2.239159e+01 3.813805e-01 9.866589e-01
6.740000e+02 -1.879348e+01 2.364600e+00 -2.252485e+01 3.809074e-01 9.858667e-01
6.760000e+02 -1.892838e+01 2.364600e+00 -2.265851e+01 3.804396e-01 9.850828e-01
6.780000e+02 -1.906367e+01 2.364600e+00 -2.279255e+01 3.799771e-01 9.843069e-01
6.800000e+02 -1.919934e+01 2.364600e+00 -2.292699e+01 3.795197e-01 9.835390e-01
6.820000e+02 -1.933538e+01 2.364600e+00 -2.306183e+01 3.790674e-01 9.827790e-01
6.840000e+02 -1.947181e+01 2.364600e+00 -2.319706e+01 3.786201e-01 9.820267e-01
6.860000e+02 -1.960862e+01 2.364600e+00 -2.333268e+01 3.781777e-01 9.812820e-01
6.880000e+02 -1.974581e+01 2.364600e+00 -2.346869e+01 3.777402e-01 9.805449e-01
6.900000e+02 -1.988338e+01 2.364600e+00 -2.360510e+01 3.773074e-01 9.798151e-01
6.920000e+02 -2.002133e+01 2.364600e+00 -2.374190e+01 3.768794e-01 9.790927e-01
6.940000e+02 -2.015966e+01 2.364600e+00 -2.387909e+01 3.764560e-01 9.783775e-01
6.960000e+02 -2.029837e+01 2.364600e+00 -2.401668e+01 3.760371e-01 9.776694e-01
6.980000e+02 -2.043747e+01 2.364600e+00 -2.415466e+01 3.756227e-01 9.769684e-01
7.000000e+02 -2.057695e+01 2.364600e+00 -2.429303e+01 3.752128e-01 9.762743e-01
7.020000e+02 -2.071680e+01 2.364600e+00 -2.443180e+01 3.748072e-01 9.755870e-01
7.040000e+02 -2.085705e+01 2.364600e+00 -2.457096e+01 3.744059e-01 9.749064e-01
7.060000e+02 -2.099767e+01 2.364600e+00 -2.471051e+01 3.740088e-01 9.742325e-01
7.080000e+02 -2.113867e+01 2.364600e+00 -2.485046e+01 3.736159e-01 9.735652e-01
7.100000e+02 -2.128006e+01 2.364600e+00 -2.499079e+01 3.732271e-01 9.729044e-01
7.120000e+02 -2.142183e+01 2.364600e+00 -2.513152e+01 3.728424e-01 9.722499e-01
7.140000e+02 -2.156399e+01 2.364600e+00 -2.527265e+01 3.724616e-01 9.716017e-01
7.160000e+02 -2.170652e+01 2.364600e+00 -2.541417e+01 3.720848e-01 9.709598e-01
7.180000e+02 -2.184944e+01 2.364600e+00 -2.555608e+01 3.717119e-01 9.703240e-01
7.200000e+02 -2.199274e+01 2.364600e+00 -2.569838e+01 3.713428e-01 9.696942e-01
7.220000e+02 -2.213643e+01 2.364600e+00 -2.584107e+01 3.709775e-01 9.690705e-01
7.240000e+02 -2.228049e+01 2.364600e+00 -2.598416e+01 3.706158e-01 9.684526e-01
7.260000e+02 -2.242495e+01 2.364600e+00 -2.612764e+01 3.702579e-01 9.678406e-01
7.280000e+02 -2.256978e+01 2.364600e+00 -2.627152e+01 3.699035e-01 9.672343e-01
7.300000e+02 -2.271500e+01 2.364600e+00 -2.641578e+01 3.695528e-01 9.666337e-01
7.320000e+02 -2.286060e+01 2.364600e+00 -2.656044e+01 3.692055e-01 9.660387e-01
7.340000e+02 -2.300659e+01 2.364600e+00 -2.670550e+01 3.688617e-01 9.654493e-01
7.360000e+02 -2.315295e+01 2.364600e+00 -2.685094e+01 3.685213e-01 9.648653e-01
7.380000e+02 -2.329971e+01 2.364600e+00 -2.699678e+01 3.681843e-01 9.642867e-01
7.400000e+02 -2.344685e+01 2.364600e+00 -2.714301e+01 3.678506e-01 9.637134e-01
7.420000e+02 -2.359437e+01 2.364600e+00 -2.728963e+01 3.675201e-01 9.631454e-01
7.440000e+02 -2.374227e+01 2.364600e+00 -2.743665e+01 3.671930e-01 9.625826e-01
7.460000e+02 -2.389056e+01 2.364600e+00 -2.758405e+01 3.668690e-01 9.620249e-01
7.480000e+02 -2.403923e+01 2.364600e+00 -2.773186e+01 3.665481e-01 9.614723e-01
7.500000e+02 -2.418829e+01 2.364600e+00 -2.788005e+01 3.662304e-01 9.609247e-01
7.520000e+02 -2.433774e+01 2.364600e+00 -2.802863e+01 3.659157e-01 9.603820e-01
7.540000e+02 -2.448756e+01 2.364600e+00 -2.817761e+01 3.656040e-01 9.598442e-01
7.560000e+02 -2.463777e+01 2.364600e+00 -2.832698e+01 3.652953e-01 9.593112e-01
7.580000e+02 -2.478837e+01 2.364600e+00 -2.847674e+01 3.649896e-01 9.587830e-01
7.600000e+02 -2.493935e+01 2.364600e+00 -2.862690e+01 3.646868e-01 9.582595e-01
7.620000e+02 -2.509072e+01 2.364600e+00 -2.877745e+01 3.643868e-01 9.577406e-01
7.640000e+02 -2.524247e+01 2.364600e+00 -2.892839e+01 3.640897e-01 9.572264e-01
7.660000e+02 -2.539461e+01 2.364600e+00 -2.907972e+01 3.637953e-01 9.567166e-01
7.680000e+02 -2.554713e+01 2.364600e+00 -2.923144e+01 3.635037e-01 9.562114e-01
7.700000e+02 -2.570003e+01 2.364600e+00 -2.938356e+01 3.632149e-01 9.557105e-01
7.720000e+02 -2.585332e+01 2.364600e+00 -2.953607e+01 3.629287e-01 9.552141e-01
7.740000e+02 -2.600700e+01 2.364600e+00 -2.968897e+01 3.626451e-01 9.547219e-01
7.760000e+02 -2.616106e+01 2.364600e+00 -2.984226e+01 3.623642e-01 9.542341e-01
7.780000e+02 -2.631551e+01 2.364600e+00 -2.999594e+01 3.620859e-01 9.537504e-01
7.800000e+02 -2.647034e+01 2.364600e+00 -3.015002e+01 3.618101e-01 9.532709e-01
7.820000e+02 -2.662556e+01 2.364600e+00 -3.030449e+01 3.615368e-01 9.527956e-01
7.840000e+02 -2.678116e+01 2.364600e+00 -3.045935e+01 3.612661e-01 9.523243e-01
7.860000e+02 -2.693715e+01 2.364600e+00 -3.061460e+01 3.609977e-01 9.518570e-01
7.880000e+02 -2.709352e+01 2.364600e+00 -3.077025e+01 3.607318e-01 9.513938e-01
7.900000e+02 -2.725028e+01 2.364600e+00 -3.092629e+01 3.604683e-01 9.509344e-01
7.920000e+02 -2.740743e+01 2.364600e+00 -3.108272e+01 3.602072e-01 9.504790e-01
7.940000e+02 -2.756496e+01 2.364600e+00 -3.123954e+01 3.599484e-01 9.500273e-01
7.960000e+02 -2.772288e+01 2.364600e+00 -3.139675e+01 3.596919e-01 9.495795e-01
7.980000e+02 -2.788118e+01 2.364600e+00 -3.155435e+01 3.594377e-01 9.491355e-01
8.000000e+02 -2.803987e+01 2.364600e+00 -3.171235e+01 3.591858e-01 9.486951e-01
8.020000e+02 -2.819894e+01 2.364600e+00 -3.187074e+01 3.589360e-01 9.482584e-01
8.040000e+02 -2.835840e+01 2.364600e+00 -3.202952e+01 3.586885e-01 9.478254e-01
8.060000e+02 -2.851825e+01 2.364600e+00 -3.218869e+01 3.584431e-01 9.473959e-01
8.080000e+02 -2.867848e+01 2.364600e+00 -3.234825e+01 3.581999e-01 9.469700e-01
8.100000e+02 -2.883910e+01 2.364600e+00 -3.250821e+01 3.579588e-01 9.465476e-01
8.120000e+02 -2.900011e+01 2.364600e+00 -3.266856e+01 3.577198e-01 9.461286e-01
8.140000e+02 -2.916150e+01 2.364600e+00 -3.282929e+01 3.574828e-01 9.457131e-01
8.160000e+02 -2.932328e+01 2.364600e+00 -3.299042e+01 3.572479e-01 9.453010e-01
8.180000e+02 -2.948544e+01 2.364600e+00 -3.315195e+01 3.570150e-01 9.448922e-01
8.200000e+02 -2.964799e+01 2.364600e+00 -3.331386e+01 3.567841e-01 9.444867e-01
8.220000e+02 -2.981092e+01 2.364600e+00 -3.347616e+01 3.565552e-01 9.440846e-01
8.240000e+02 -2.997425e+01 2.364600e+00 -3.363886e+01 3.563283e-01 9.436856e-01
8.260000e+02 -3.013795e+01 2.364600e+00 -3.380195e+01 3.561032e-01 9.432899e-01
8.280000e+02 -3.030205e+01 2.364600e+00 -3.396543e+01 3.558801e-01 9.428974e-01
8.300000e+02 -3.046653e+01 2.364600e+00 -3.412930e+01 3.556588e-01 9.425079e-01
8.320000e+02 -3.063140e+01 2.364600e+00 -3.429356e+01 3.554394e-01 9.421216e-01
8.340000e+02 -3.079665e+01 2.364600e+00 -3.445821e+01 3.552219e-01 9.417384e-01
8.360000e+02 -3.096229e+01 2.364600e+00 -3.462326e+01 3.550061e-01 9.413582e-01
8.380000e+02 -3.112832e+01 2.364600e+00 -3.478869e+01 3.547922e-01 9.409810e-01
8.400000e+02 -3.129473e+01 2.364600e+00 -3.495452e+01 3.545800e-01 9.406068e-01
8.420000e+02 -3.146153e+01 2.364600e+00 -3.512074e+01 3.543696e-01 9.402355e-01
8.440000e+02 -3.162872e+01 2.364600e+00 -3.528735e+01 3.541609e-01 9.398671e-01
8.460000e+02 -3.179629e+01 2.364600e+00 -3.545435e+01 3.539540e-01 9.395016e-01
8.480000e+02 -3.196425e+01 2.364600e+00 -3.562174e+01 3.537487e-01 9.391389e-01
8.500000e+02 -3.213260e+01 2.364600e+00 -3.578952e+01 3.535451e-01 9.387791e-01
8.520000e+02 -3.230133e+01 2.364600e+00 -3.595770e+01 3.533432e-01 9.384221e-01
8.540000e+02 -3.247045e+01 2.364600e+00 -3.612626e+01 3.531429e-01 9.380678e-01
8.560000e+02 -3.263996e+01 2.364600e+00 -3.629522e+01 3.529442e-01 9.377162e-01
8.580000e+02 -3.280985e+01 2.364600e+00 -3.646457e+01 3.527472e-01 9.373673e-01
8.600000e+02 -3.298013e+01 2.364600e+00 -3.663430e+01 3.525517e-01 9.370212e-01
8.620000e+02 -3.315080e+01 2.364600e+00 -3.680443e+01 3.523578e-01 9.366776e-01
8.640000e+02 -3.332185e+01 2.364600e+00 -3.697495e+01 3.521654e-01 9.363367e-01
8.660000e+02 -3.349329e+01 2.364600e+00 -3.714586e+01 3.519746e-01 9.359984e-01
8.680000e+02 -3.366512e+01 2.364600e+00 -3.731716e+01 3.517853e-01 9.356626e-01
8.700000e+02 -3.383733e+01 2.364600e+00 -3.748886e+01 3.515975e-01 9.353294e-01
8.720000e+02 -3.400993e+01 2.364600e+00 -3.766094e+01 3.514112e-01 9.349986e-01
8.740000e+02 -3.418292e+01 2.364600e+00 -3.783341e+01 3.512264e-01 9.346704e-01
8.760000e+02 -3.435629e+01 2.364600e+00 -3.800628e+01 3.510430e-01 9.343446e-01
8.780000e+02 -3.453005e+01 2.364600e+00 -3.817953e+01 3.508610e-01 9.340213e-01
8.800000e+02 -3.470420e+01 2.364600e+00 -3.835318e+01 3.506805e-01 9.337004e-01
8.820000e+02 -3.487873e+01 2.364600e+00 -3.852722e+01 3.505013e-01 9.333818e-01
8.840000e+02 -3.505366e+01 2.364600e+00 -3.870165e+01 3.503236e-01 9.330656e-01
8.860000e+02 -3.522896e+01 2.364600e+00 -3.887646e+01 3.501472e-01 9.327518e-01
8.880000e+02 -3.540466e+01 2.364600e+00 -3.905167e+01 3.499722e-01 9.324403e-01
8.900000e+02 -3.558074e+01 2.364600e+00 -3.922727e+01 3.497986e-01 9.321310e-01
8.920000e+02 -3.575721e+01 2.364600e+00 -3.940326e+01 3.496263e-01 9.318241e-01
8.940000e+02 -3.593407e+01 2.364600e+00 -3.957964e+01 3.494553e-01 9.315193e-01
8.960000e+02 -3.611131e+01 2.364600e+00 -3.975641e+01 3.492856e-01 9.312169e-01
8.980000e+02 -3.628894e+01 2.364600e+00 -3.993357e+01 3.491172e-01 9.309166e-01
9.000000e+02 -3.646695e+01 2.364600e+00 -4.011112e+01 3.489501e-01 9.306184e-01
9.020000e+02 -3.664536e+01 2.364600e+00 -4.028906e+01 3.487842e-01 9.303225e-01
9.040000e+02 -3.682415e+01 2.364600e+00 -4.046740e+01 3.486196e-01 9.300287e-01
9.060000e+02 -3.700332e+01 2.364600e+00 -4.064612e+01 3.484562e-01 9.297370e-01
9.080000e+02 -3.718289e+01 2.364600e+00 -4.082523e+01 3.482941e-01 9.294474e-01
9.100000e+02 -3.736284e+01 2.364600e+00 -4.100473e+01 3.481332e-01 9.291598e-01
9.120000e+02 -3.754318e+01 2.364600e+00 -4.118463e+01 3.479735e-01 9.288744e-01
9.140000e+02 -3.772390e+01 2.364600e+00 -4.136491e+01 3.478149e-01 9.285909e-01
9.160000e+02 -3.790501e+01 2.364600e+00 -4.154558e+01 3.476576e-01 9.283095e-01
9.180000e+02 -3.808651e+01 2.364600e+00 -4.172664e+01 3.475014e-01 9.280301e-01
9.200000e+02 -3.826840e+01 2.364600e+00 -4.190810e+01 3.473463e-01 9.277526e-01
9.220000e+02 -3.845067e+01 2.364600e+00 -4.208994e+01 3.471924e-01 9.274771e-01
9.240000e+02 -3.863333e+01 2.364600e+00 -4.227217e+01 3.470397e-01 9.272036e-01
9.260000e+02 -3.881638e+01 2.364600e+00 -4.245480e+01 3.468880e-01 9.269320e-01
9.280000e+02 -3.899981e+01 2.364600e+00 -4.263781e+01 3.467375e-01 9.266622e-01
9.300000e+02 -3.918363e+01 2.364600e+00 -4.282121e+01 3.465881e-01 9.263944e-01
9.320000e+02 -3.936784e+01 2.364600e+00 -4.300501e+01 3.464397e-01 9.261284e-01
9.340000e+02 -3.955243e+01 2.364600e+00 -4.318919e+01 3.462924e-01 9.258643e-01
9.360000e+02 -3.973741e+01 2.364600e+00 -4.337376e+01 3.461462e-01 9.256020e-01
9.380000e+02 -3.992278e+01 2.364600e+00 -4.355872e+01 3.460011e-01 9.253415e-01
9.400000e+02 -4.010854e+01 2.364600e+00 -4.374408e+01 3.458569e-01 9.250829e-01
9.420000e+02 -4.029468e+01 2.364600e+00 -4.392982e+01 3.457139e-01 9.248260e-01
9.440000e+02 -4.048121e+01 2.364600e+00 -4.411595e+01 3.455718e-01 9.245708e-01
9.460000e+02 -4.066812e+01 2.364600e+00 -4.430247e+01 3.454307e-01 9.243174e-01
9.480000e+02 -4.085542e+01 2.364600e+00 -4.448938e+01 3.452907e-01 9.240658e-01
9.500000e+02 -4.104311e+01 2.364600e+00 -4.467668e+01 3.451517e-01 9.238158e-01
9.520000e+02 -4.123119e+01 2.364600e+00 -4.486437e+01 3.450136e-01 9.235676e-01
9.540000e+02 -4.141965e+01 2.364600e+00 -4.505245e+01 3.448765e-01 9.233210e-01
9.560000e+02 -4.160850e+01 2.364600e+00 -4.524092e+01 3.447404e-01 9.230762e-01
9.580000e+02 -4.179774e+01 2.364600e+00 -4.542978e+01 3.446052e-01 9.228329e-01
9.600000e+02 -4.198736e+01 2.364600e+00 -4.561902e+01 3.444710e-01 9.225913e-01
9.620000e+02 -4.217737e+01 2.364600e+00 -4.580866e+01 3.443377e-01 9.223514e-01
9.640000e+02 -4.236777e+01 2.364600e+00 -4.599869e+01 3.442053e-01 9.221130e-01
9.660000e+02 -4.255855e+01 2.364600e+00 -4.618910e+01 3.440739e-01 9.218762e-01
9.680000e+02 -4.274972e+01 2.364600e+00 -4.637991e+01 3.439434e-01 9.216410e-01
9.700000e+02 -4.294128e+01 2.364600e+00 -4.657110e+01 3.438137e-01 9.214074e-01
9.720000e+02 -4.313322e+01 2.364600e+00 -4.676269e+01 3.436850e-01 9.211753e-01
9.740000e+02 -4.332556e+01 2.364600e+00 -4.695466e+01 3.435572e-01 9.209448e-01
9.760000e+02 -4.351827e+01 2.364600e+00 -4.714702e+01 3.434302e-01 9.207158e-01
9.780000e+02 -4.371138e+01 2.364600e+00 -4.733977e+01 3.433041e-01 9.204883e-01
9.800000e+02 -4.390487e+01 2.364600e+00 -4.753291e+01 3.431789e-01 9.202623e-01
9.820000e+02 -4.409875e+01 2.364600e+00 -4.772644e+01 3.430545e-01 9.200378e-01
9.840000e+02 -4.429301e+01 2.364600e+00 -4.792036e+01 3.429310e-01 9.198147e-01
9.860000e+02 -4.448766e+01 2.364600e+00 -4.811466e+01 3.428083e-01 9.195931e-01
9.880000e+02 -4.468270e+01 2.364600e+00 -4.830936e+01 3.426864e-01 9.193730e-01
9.900000e+02 -4.487813e+01 2.364600e+00 -4.850444e+01 3.425653e-01 9.191543e-01
9.920000e+02 -4.507394e+01 2.364600e+00 -4.869992e+01 3.424451e-01 9.189370e-01
9.940000e+02 -4.527013e+01 2.364600e+00 -4.889578e+01 3.423257e-01 9.187211e-01
9.960000e+02 -4.546672e+01 2.364600e+00 -4.909203e+01 3.422071e-01 9.185066e-01
9.980000e+02 -4.566369e+01 2.364600e+00 -4.928867e+01 3.420892e-01 9.182935e-01
1.000000e+03 -4.586105e+01 2.364600e+00 -4.948570e+01 3.419722e-01 9.180817e-01
1.002000e+03 -4.605879e+01 2.364600e+00 -4.968312e+01 3.418559e-01 9.178713e-01
1.004000e+03 -4.625692e+01 2.364600e+00 -4.988093e+01 3.417404e-01 9.176623e-01
1.006000e+03 -4.645544e+01 2.364600e+00 -5.007912e+01 3.416257e-01 9.174546e-01
1.008000e+03 -4.665434e+01 2.364600e+00 -5.027770e+01 3.415117e-01 9.172482e-01
1.010000e+03 -4.685363e+01 2.364600e+00 -5.047668e+01 3.413984e-01 9.170431e-01
1.012000e+03 -4.705331e+01 2.364600e+00 -5.067604e+01 3.412860e-01 9.168393e-01
1.014000e+03 -4.725337e+01 2.364600e+00 -5.087579e+01 3.411742e-01 9.166369e-01
1.016000e+03 -4.745382e+01 2.364600e+00 -5.107592e+01 3.410632e-01 9.164356e-01
1.018000e+03 -4.765466e+01 2.364600e+00 -5.127645e+01 3.409529e-01 9.162357e-01
1.020000e+03 -4.785588e+01 2.364600e+00 -5.147736e+01 3.408433e-01 9.160370e-01
1.022000e+03 -4.805749e+01 2.364600e+00 -5.167867e+01 3.407345e-01 9.158396e-01
1.024000e+03 -4.825949e+01 2.364600e+00 -5.188036e+01 3.406263e-01 9.156434e-01
1.026000e+03 -4.846187e+01 2.364600e+00 -5.208244e+01 3.405188e-01 9.154484e-01
1.028000e+03 -4.866464e+01 2.364600e+00 -5.228490e+01 3.404121e-01 9.152547e-01
1.030000e+03 -4.886779e+01 2.364600e+00 -5.248776e+01 3.403060e-01 9.150621e-01
1.032000e+03 -4.907133e+01 2.364600e+00 -5.269100e+01 3.402006e-01 9.148707e-01
1.034000e+03 -4.927526e+01 2.364600e+00 -5.289464e+01 3.400958e-01 9.146806e-01
1.036000e+03 -4.947957e+01 2.364600e+00 -5.309866e+01 3.399918e-01 9.144916e-01
1.038000e+03 -4.968427e+01 2.364600e+00 -5.330307e+01 3.398884e-01 9.143037e-01
1.040000e+03 -4.988936e+01 2.364600e+00 -5.350786e+01 3.397856e-01 9.141170e-01
1.042000e+03 -5.009483e+01 2.364600e+00 -5.371305e+01 3.396836e-01 9.139315e-01
1.044000e+03 -5.030069e+01 2.364600e+00 -5.391862e+01 3.395821e-01 9.137471e-01
1.046000e+03 -5.050693e+01 2.364600e+00 -5.412458e+01 3.394813e-01 9.135638e-01
1.048000e+03 -5.071357e+01 2.364600e+00 -5.433093e+01 3.393811e-01 9.133817e-01
1.050000e+03 -5.092058e+01 2.364600e+00 -5.453766e+01 3.392816e-01 9.132006e-01
1.052000e+03 -5.112799e+01 2.364600e+00 -5.474479e+01 3.391827e-01 9.130207e-01
1.054000e+03 -5.133577e+01 2.364600e+00 -5.495230e+01 3.390844e-01 9.128418e-01
1.056000e+03 -5.154395e+01 2.364600e+00 -5.516020e+01 3.389867e-01 9.126640e-01
1.058000e+03 -5.175251e+01 2.364600e+00 -5.536849e+01 3.388896e-01 9.124873e-01
1.060000e+03 -5.196146e+01 2.364600e+00 -5.557716e+01 3.387931e-01 9.123117e-01
1.062000e+03 -5.217079e+01 2.364600e+00 -5.578623e+01 3.386973e-01 9.121371e-01
1.064000e+03 -5.238051e+01 2.364600e+00 -5.599568e+01 3.386020e-01 9.119635e-01
1.066000e+03 -5.259061e+01 2.364600e+00 -5.620551e+01 3.385073e-01 9.117910e-01
1.068000e+03 -5.280111e+01 2.364600e+00 -5.641574e+01 3.384132e-01 9.116195e-01
1.070000e+03 -5.301198e+01 2.364600e+00 -5.662635e+01 3.383197e-01 9.114491e-01
1.072000e+03 -5.322325e+01 2.364600e+00 -5.683735e+01 3.382267e-01 9.112796e-01
1.074000e+03 -5.343489e+01 2.364600e+00 -5.704874e+01 3.381343e-01 9.111112e-01
1.076000e+03 -5.364693e+01 2.364600e+00 -5.726052e+01 3.380425e-01 9.109438e-01
1.078000e+03 -5.385935e+01 2.364600e+00 -5.747268e+01 3.379512e-01 9.107773e-01
1.080000e+03 -5.407216e+01 2.364600e+00 -5.768523e+01 3.378605e-01 9.106118e-01
1.082000e+03 -5.428535e+01 2.364600e+00 -5.789817e+01 3.377703e-01 9.104473e-01
1.084000e+03 -5.449893e+01 2.364600e+00 -5.811149e+01 3.376807e-01 9.102838e-01
1.086000e+03 -5.471289e+01 2.364600e+00 -5.832520e+01 3.375916e-01 9.101212e-01
1.088000e+03 -5.492724e+01 2.364600e+00 -5.853930e+01 3.375031e-01 9.099596e-01
1.090000e+03 -5.514197e+01 2.364600e+00 -5.875379e+01 3.374151e-01 9.097989e-01
1.092000e+03 -5.535709e+01 2.364600e+00 -5.896866e+01 3.373276e-01 9.096392e-01
1.094000e+03 -5.557260e+01 2.364600e+00 -5.918392e+01 3.372406e-01 9.094803e-01
1.096000e+03 -5.578849e+01 2.364600e+00 -5.939957e+01 3.371542e-01 9.093224e-01
1.098000e+03 -5.600477e+01 2.364600e+00 -5.961560e+01 3.370683e-01 9.091655e-01
1.100000e+03 -5.622143e+01 2.364600e+00 -5.983202e+01 3.369829e-01 9.090094e-01
1.102000e+03 -5.643848e+01 2.364600e+00 -6.004883e+01 3.368980e-01 9.088542e-01
1.104000e+03 -5.665591e+01 2.364600e+00 -6.026603e+01 3.368136e-01 9.086999e-01
1.106000e+03 -5.687373e+01 2.364600e+00 -6.048361e+01 3.367297e-01 9.085465e-01
1.108000e+03 -5.709194e+01 2.364600e+00 -6.070158e+01 3.366462e-01 9.083940e-01
1.110000e+03 -5.731053e+01 2.364600e+00 -6.091993e+01 3.365633e-01 9.082423e-01
1.112000e+03 -5.752950e+01 2.364600e+00 -6.113867e+01 3.364809e-01 9.080915e-01
1.114000e+03 -5.774886e+01 2.364600e+00 -6.135780e+01 3.363989e-01 9.079416e-01
1.116000e+03 -5.796861e+01 2.364600e+00 -6.157732e+01 3.363175e-01 9.077925e-01
1.118000e+03 -5.818874e+01 2.364600e+00 -6.179722e+01 3.362365e-01 9.076443e-01
1.120000e+03 -5.840926e+01 2.364600e+00 -6.201751e+01 3.361559e-01 9.074969e-01
1.122000e+03 -5.863016e+01 2.364600e+00 -6.223818e+01 3.360759e-01 9.073503e-01
1.124000e+03 -5.885145e+01 2.364600e+00 -6.245925e+01 3.359963e-01 9.072046e-01
1.126000e+03 -5.907312e+01 2.364600e+00 -6.268069e+01 3.359172e-01 9.070597e-01
1.128000e+03 -5.929518e+01 2.364600e+00 -6.290253e+01 3.358385e-01 9.069156e-01
1.130000e+03 -5.951762e+01 2.364600e+00 -6.312475e+01 3.357603e-01 9.067723e-01
1.132000e+03 -5.974045e+01 2.364600e+00 -6.334736e+01 3.356825e-01 9.066298e-01
1.134000e+03 -5.996366e+01 2.364600e+00 -6.357035e+01 3.356052e-01 9.064881e-01
1.136000e+03 -6.018726e+01 2.364600e+00 -6.379373e+01 3.355283e-01 9.063472e-01
1.138000e+03 -6.041124e+01 2.364600e+00 -6.401750e+01 3.354518e-01 9.062071e-01
1.140000e+03 -6.063561e+01 2.364600e+00 -6.424165e+01 3.353758e-01 9.060677e-01
1.142000e+03 -6.086036e+01 2.364600e+00 -6.446619e+01 3.353003e-01 9.059291e-01
1.144000e+03 -6.108550e+01 2.364600e+00 -6.469111e+01 3.352251e-01 9.057913e-01
1.146000e+03 -6.131102e+01 2.364600e+00 -6.491642e+01 3.351504e-01 9.056543e-01
1.148000e+03 -6.153693e+01 2.364600e+00 -6.514212e+01 3.350761e-01 9.055180e-01
1.150000e+03 -6.176322e+01 2.364600e+00 -6.536820e+01 3.350022e-01 9.053824e-01
1.152000e+03 -6.198990e+01 2.364600e+00 -6.559467e+01 3.349287e-01 9.052476e-01
1.154000e+03 -6.221696e+01 2.364600e+00 -6.582153e+01 3.348557e-01 9.051136e-01
1.156000e+03 -6.244441e+01 2.364600e+00 -6.604877e+01 3.347831e-01 9.049802e-01
1.158000e+03 -6.267224e+01 2.364600e+00 -6.627640e+01 3.347108e-01 9.048476e-01
1.160000e+03 -6.290045e+01 2.364600e+00 -6.650441e+01 3.346390e-01 9.047158e-01
1.162000e+03 -6.312905e+01 2.364600e+00 -6.673281e+01 3.345676e-01 9.045846e-01
1.164000e+03 -6.335804e+01 2.364600e+00 -6.696159e+01 3.344965e-01 9.044541e-01
1.166000e+03 -6.358741e+01 2.364600e+00 -6.719076e+01 3.344259e-01 9.043244e-01
1.168000e+03 -6.381716e+01 2.364600e+00 -6.742031e+01 3.343556e-01 9.041953e-01
1.170000e+03 -6.404730e+01 2.364600e+00 -6.765025e+01 3.342858e-01 9.040670e-01
1.172000e+03 -6.427783e+01 2.364600e+00 -6.788058e+01 3.342163e-01 9.039393e-01
1.174000e+03 -6.450873e+01 2.364600e+00 -6.811129e+01 3.341472e-01 9.038123e-01
1.176000e+03 -6.474003e+01 2.364600e+00 -6.834239e+01 3.340785e-01 9.036860e-01
1.178000e+03 -6.497170e+01 2.364600e+00 -6.857387e+01 3.340102e-01 9.035604e-01
1.180000e+03 -6.520376e+01 2.364600e+00 -6.880574e+01 3.339422e-01 9.034355e-01
1.182000e+03 -6.543621e+01 2.364600e+00 -6.903799e+01 3.338747e-01 9.033112e-01
1.184000e+03 -6.566904e+01 2.364600e+00 -6.927063e+01 3.338074e-01 9.031876e-01
1.186000e+03 -6.590225e+01 2.364600e+00 -6.950366e+01 3.337406e-01 9.030646e-01
1.188000e+03 -6.613585e+01 2.364600e+00 -6.973707e+01 3.336741e-01 9.029423e-01
1.190000e+03 -6.636983e+01 2.364600e+00 -6.997086e+01 3.336080e-01 9.028206e-01
1.192000e+03 -6.660420e+01 2.364600e+00 -7.020504e+01 3.335422e-01 9.026996e-01
1.194000e+03 -6.683895e+01 2.364600e+00 -7.043961e+01 3.334768e-01 9.025792e-01
1.196000e+03 -6.707409e+01 2.364600e+00 -7.067456e+01 3.334117e-01 9.024595e-01
1.198000e+03 -6.730960e+01 2.364600e+00 -7.090989e+01 3.333470e-01 9.023403e-01
1.200000e+03 -6.754551e+01 2.364600e+00 -7.114561e+01 3.332827e-01 9.022218e-01
1.202000e+03 -6.778179e+01 2.364600e+00 -7.138172e+01 3.332186e-01 9.021040e-01
1.204000e+03 -6.801847e+01 2.364600e+00 -7.161821e+01 3.331550e-01 9.019867e-01
1.206000e+03 -6.825552e+01 2.364600e+00 -7.185508e+01 3.330916e-01 9.018701e-01
1.208000e+03 -6.849296e+01 2.364600e+00 -7.209234e+01 3.330286e-01 9.017540e-01
1.210000e+03 -6.873078e+01 2.364600e+00 -7.232999e+01 3.329660e-01 9.016386e-01
1.212000e+03 -6.896899e+01 2.364600e+00 -7.256802e+01 3.329037e-01 9.015237e-01
1.214000e+03 -6.920758e+01 2.364600e+00 -7.280643e+01 3.328417e-01 9.014095e-01
1.216000e+03 -6.944655e+01 2.364600e+00 -7.304523e+01 3.327800e-01 9.012958e-01
1.218000e+03 -6.968591e+01 2.364600e+00 -7.328441e+01 3.327186e-01 9.011828e-01
1.220000e+03 -6.992565e+01 2.364600e+00 -7.352398e+01 3.326576e-01 9.010703e-01
1.222000e+03 -7.016578e+01 2.364600e+00 -7.376393e+01 3.325969e-01 9.009584e-01
1.224000e+03 -7.040629e+01 2.364600e+00 -7.400427e+01 3.325365e-01 9.008470e-01
1.226000e+03 -7.064718e+01 2.364600e+00 -7.424499e+01 3.324765e-01 9.007363e-01
1.228000e+03 -7.088845e+01 2.364600e+00 -7.448610e+01 3.324167e-01 9.006261e-01
1.230000e+03 -7.113011e+01 2.364600e+00 -7.472759e+01 3.323573e-01 9.005164e-01
1.232000e+03 -7.137216e+01 2.364600e+00 -7.496946e+01 3.322982e-01 9.004074e-01
1.234000e+03 -7.161458e+01 2.364600e+00 -7.521172e+01 3.322393e-01 9.002988e-01
1.236000e+03 -7.185739e+01 2.364600e+00 -7.545436e+01 3.321808e-01 9.001909e-01
1.238000e+03 -7.210058e+01 2.364600e+00 -7.569739e+01 3.321226e-01 9.000834e-01
1.240000e+03 -7.234416e+01 2.364600e+00 -7.594080e+01 3.320647e-01 8.999766e-01
1.242000e+03 -7.258812e+01 2.364600e+00 -7.618460e+01 3.320071e-01 8.998702e-01
1.244000e+03 -7.283246e+01 2.364600e+00 -7.642878e+01 3.319498e-01 8.997644e-01
1.246000e+03 -7.307719e+01 2.364600e+00 -7.667334e+01 3.318928e-01 8.996591e-01
1.248000e+03 -7.332230e+01 2.364600e+00 -7.691829e+01 3.318361e-01 8.995544e-01
1.250000e+03 -7.356779e+01 2.364600e+00 -7.716362e+01 3.317796e-01 8.994502e-01
1.252000e+03 -7.381367e+01 2.364600e+00 -7.740934e+01 3.317235e-01 8.993465e-01
1.254000e+03 -7.405993e+01 2.364600e+00 -7.765544e+01 3.316676e-01 8.992433e-01
1.256000e+03 -7.430657e+01 2.364600e+00 -7.790192e+01 3.316120e-01 8.991406e-01
1.258000e+03 -7.455359e+01 2.364600e+00 -7.814879e+01 3.315568e-01 8.990385e-01
1.260000e+03 -7.480100e+01 2.364600e+00 -7.839604e+01 3.315017e-01 8.989368e-01
1.262000e+03 -7.504879e+01 2.364600e+00 -7.864367e+01 3.314470e-01 8.988357e-01
1.264000e+03 -7.529697e+01 2.364600e+00 -7.889169e+01 3.313926e-01 8.987351e-01
1.266000e+03 -7.554552e+01 2.364600e+00 -7.914010e+01 3.313384e-01 8.986349e-01
1.268000e+03 -7.579446e+01 2.364600e+00 -7.938888e+01 3.312845e-01 8.985353e-01
1.270000e+03 -7.604378e+01 2.364600e+00 -7.963805e+01 3.312309e-01 8.984361e-01
1.272000e+03 -7.629349e+01 2.364600e+00 -7.988760e+01 3.311775e-01 8.983375e-01
1.274000e+03 -7.654358e+01 2.364600e+00 -8.013754e+01 3.311244e-01 8.982393e-01
1.276000e+03 -7.679405e+01 2.364600e+00 -8.038786e+01 3.310716e-01 8.981416e-01
1.278000e+03 -7.704490e+01 2.364600e+00 -8.063856e+01 3.310190e-01 8.980443e-01
1.280000e+03 -7.729613e+01 2.364600e+00 -8.088965e+01 3.309667e-01 8.979476e-01
1.282000e+03 -7.754775e+01 2.364600e+00 -8.114112e+01 3.309147e-01 8.978513e-01
1.284000e+03 -7.779975e+01 2.364600e+00 -8.139297e+01 3.308629e-01 8.977555e-01
1.286000e+03 -7.805214e+01 2.364600e+00 -8.164521e+01 3.308114e-01 8.976602e-01
1.288000e+03 -7.830490e+01 2.364600e+00 -8.189783e+01 3.307601e-01 8.975653e-01
1.290000e+03 -7.855805e+01 2.364600e+00 -8.215083e+01 3.307091e-01 8.974709e-01
1.292000e+03 -7.881158e+01 2.364600e+00 -8.240422e+01 3.306583e-01 8.973769e-01
1.294000e+03 -7.906549e+01 2.364600e+00 -8.265798e+01 3.306078e-01 8.972834e-01
1.296000e+03 -7.931979e+01 2.364600e+00 -8.291214e+01 3.305575e-01 8.971904e-01
1.298000e+03 -7.957446e+01 2.364600e+00 -8.316667e+01 3.305075e-01 8.970977e-01
1.300000e+03 -7.982952e+01 2.364600e+00 -8.342159e+01 3.304577e-01 8.970056e-01
1.302000e+03 -8.008497e+01 2.364600e+00 -8.367689e+01 3.304082e-01 8.969139e-01
1.304000e+03 -8.034079e+01 2.364600e+00 -8.393257e+01 3.303589e-01 8.968226e-01
1.306000e+03 -8.059699e+01 2.364600e+00 -8.418864e+01 3.303099e-01 8.967317e-01
1.308000e+03 -8.085358e+01 2.364600e+00 -8.444508e+01 3.302611e-01 8.966413e-01
1.310000e+03 -8.111055e+01 2.364600e+00 -8.470192e+01 3.302125e-01 8.965513e-01
1.312000e+03 -8.136790e+01 2.364600e+00 -8.495913e+01 3.301642e-01 8.964618e-01
1.314000e+03 -8.162564e+01 2.364600e+00 -8.521673e+01 3.301161e-01 8.963727e-01
1.316000e+03 -8.188375e+01 2.364600e+00 -8.547471e+01 3.300682e-01 8.962840e-01
1.318000e+03 -8.214225e+01 2.364600e+00 -8.573307e+01 3.300206e-01 8.961957e-01
1.320000e+03 -8.240113e+01 2.364600e+00 -8.599181e+01 3.299732e-01 8.961078e-01
1.322000e+03 -8.266039e+01 2.364600e+00 -8.625094e+01 3.299260e-01 8.960203e-01
1.324000e+03 -8.292003e+01 2.364600e+00 -8.651045e+01 3.298790e-01 8.959333e-01
1.326000e+03 -8.318006e+01 2.364600e+00 -8.677034e+01 3.298323e-01 8.958467e-01
1.328000e+03 -8.344046e+01 2.364600e+00 -8.703061e+01 3.297858e-01 8.957605e-01
1.330000e+03 -8.370125e+01 2.364600e+00 -8.729127e+01 3.297395e-01 8.956746e-01
1.332000e+03 -8.396242e+01 2.364600e+00 -8.755230e+01 3.296935e-01 8.955892e-01
1.334000e+03 -8.422397e+01 2.364600e+00 -8.781372e+01 3.296476e-01 8.955042e-01
1.336000e+03 -8.448590e+01 2.364600e+00 -8.807553e+01 3.296020e-01 8.954196e-01
1.338000e+03 -8.474822e+01 2.364600e+00 -8.833771e+01 3.295566e-01 8.953353e-01
1.340000e+03 -8.501091e+01 2.364600e+00 -8.860028e+01 3.295114e-01 8.952515e-01
1.342000e+03 -8.527399e+01 2.364600e+00 -8.886322e+01 3.294664e-01 8.951681e-01
1.344000e+03 -8.553745e+01 2.364600e+00 -8.912655e+01 3.294217e-01 8.950850e-01
1.346000e+03 -8.580129e+01 2.364600e+00 -8.939027e+01 3.293771e-01 8.950023e-01
1.348000e+03 -8.606551e+01 2.364600e+00 -8.965436e+01 3.293328e-01 8.949200e-01
1.350000e+03 -8.633011e+01 2.364600e+00 -8.991883e+01 3.292887e-01 8.948381e-01
1.352000e+03 -8.659509e+01 2.364600e+00 -9.018369e+01 3.292447e-01 8.947566e-01
1.354000e+03 -8.686045e+01 2.364600e+00 -9.044893e+01 3.292010e-01 8.946754e-01
1.356000e+03 -8.712620e+01 2.364600e+00 -9.071455e+01 3.291575e-01 8.945946e-01
1.358000e+03 -8.739232e+01 2.364600e+00 -9.098055e+01 3.291142e-01 8.945142e-01
1.360000e+03 -8.765883e+01 2.364600e+00 -9.124694e+01 3.290711e-01 8.944342e-01
1.362000e+03 -8.792572e+01 2.364600e+00 -9.151370e+01 3.290282e-01 8.943545e-01
1.364000e+03 -8.819299e+01 2.364600e+00 -9.178085e+01 3.289855e-01 8.942752e-01
1.366000e+03 -8.846064e+01 2.364600e+00 -9.204838e+01 3.289430e-01 8.941962e-01
1.368000e+03 -8.872867e+01 2.364600e+00 -9.231629e+01 3.289007e-01 8.941176e-01
1.370000e+03 -8.899708e+01 2.364600e+00 -9.258458e+01 3.288585e-01 8.940394e-01
1.372000e+03 -8.926587e+01 2.364600e+00 -9.285325e+01 3.288166e-01 8.939615e-01
1.374000e+03 -8.953504e+01 2.364600e+00 -9.312230e+01 3.287749e-01 8.938839e-01
1.376000e+03 -8.980460e+01 2.364600e+00 -9.339174e+01 3.287333e-01 8.938068e-01
1.378000e+03 -9.007453e+01 2.364600e+00 -9.366155e+01 3.286920e-01 8.937299e-01
1.380000e+03 -9.034484e+01 2.364600e+00 -9.393175e+01 3.286508e-01 8.936534e-01
1.382000e+03 -9.061554e+01 2.364600e+00 -9.420233e+01 3.286099e-01 8.935773e-01
1.384000e+03 -9.088661e+01 2.364600e+00 -9.447329e+01 3.285691e-01 8.935015e-01
1.386000e+03 -9.115807e+01 2.364600e+00 -9.474462e+01 3.285285e-01 8.934260e-01
1.388000e+03 -9.142991e+01 2.364600e+00 -9.501635e+01 3.284881e-01 8.933509e-01
1.390000e+03 -9.170212e+01 2.364600e+00 -9.528845e+01 3.284479e-01 8.932761e-01
1.392000e+03 -9.197472e+01 2.364600e+00 -9.556093e+01 3.284078e-01 8.932016e-01
1.394000e+03 -9.224770e+01 2.364600e+00 -9.583379e+01 3.283680e-01 8.931275e-01
1.396000e+03 -9.252105e+01 2.364600e+00 -9.610704e+01 3.283283e-01 8.930537e-01
1.398000e+03 -9.279479e+01 2.364600e+00 -9.638066e+01 3.282888e-01 8.929803e-01
1.400000e+03 -9.306891e+01 2.364600e+00 -9.665467e+01 3.282495e-01 8.929071e-01
1.402000e+03 -9.334341e+01 2.364600e+00 -9.692905e+01 3.282103e-01 8.928343e-01
1.404000e+03 -9.361828e+01 2.364600e+00 -9.720382e+01 3.281714e-01 8.927618e-01
1.406000e+03 -9.389354e+01 2.364600e+00 -9.747896e+01 3.281326e-01 8.926896e-01
1.408000e+03 -9.416918e+01 2.364600e+00 -9.775449e+01 3.280939e-01 8.926178e-01
1.410000e+03 -9.444520e+01 2.364600e+00 -9.803040e+01 3.280555e-01 8.925462e-01
1.412000e+03 -9.472159e+01 2.364600e+00 -9.830669e+01 3.280172e-01 8.924750e-01
1.414000e+03 -9.499837e+01 2.364600e+00 -9.858336e+01 3.279791e-01 8.924041e-01
1.416000e+03 -9.527553e+01 2.364600e+00 -9.886040e+01 3.279412e-01 8.923335e-01
1.418000e+03 -9.555307e+01 2.364600e+00 -9.913783e+01 3.279034e-01 8.922632e-01
1.420000e+03 -9.583098e+01 2.364600e+00 -9.941564e+01 3.278658e-01 8.921932e-01
1.422000e+03 -9.610928e+01 2.364600e+00 -9.969383e+01 3.278284e-01 8.921235e-01
1.424000e+03 -9.638795e+01 2.364600e+00 -9.997240e+01 3.277911e-01 8.920542e-01
1.426000e+03 -9.666701e+01 2.364600e+00 -1.002513e+02 3.277540e-01 8.919851e-01
1.428000e+03 -9.694644e+01 2.364600e+00 -1.005307e+02 3.277171e-01 8.919163e-01
1.430000e+03 -9.722626e+01 2.364600e+00 -1.008104e+02 3.276803e-01 8.918478e-01
1.432000e+03 -9.750645e+01 2.364600e+00 -1.010905e+02 3.276437e-01 8.917797e-01
1.434000e+03 -9.778702e+01 2.364600e+00 -1.013709e+02 3.276073e-01 8.917118e-01
1.436000e+03 -9.806798e+01 2.364600e+00 -1.016518e+02 3.275710e-01 8.916442e-01
1.438000e+03 -9.834931e+01 2.364600e+00 -1.019330e+02 3.275349e-01 8.915769e-01
1.440000e+03 -9.863102e+01 2.364600e+00 -1.022146e+02 3.274989e-01 8.915099e-01
1.442000e+03 -9.891311e+01 2.364600e+00 -1.024966e+02 3.274631e-01 8.914432e-01
1.444000e+03 -9.919558e+01 2.364600e+00 -1.027790e+02 3.274274e-01 8.913767e-01
1.446000e+03 -9.947843e+01 2.364600e+00 -1.030617e+02 3.273919e-01 8.913106e-01
1.448000e+03 -9.976165e+01 2.364600e+00 -1.033449e+02 3.273566e-01 8.912447e-01
1.450000e+03 -1.000453e+02 2.364600e+00 -1.036284e+02 3.273214e-01 8.911791e-01
1.452000e+03 -1.003292e+02 2.364600e+00 -1.039122e+02 3.272863e-01 8.911138e-01
1.454000e+03 -1.006136e+02 2.364600e+00 -1.041965e+02 3.272514e-01 8.910488e-01
1.456000e+03 -1.008984e+02 2.364600e+00 -1.044812e+02 3.272167e-01 8.909840e-01
1.458000e+03 -1.011835e+02 2.364600e+00 -1.047662e+02 3.271821e-01 8.909196e-01
1.460000e+03 -1.014690e+02 2.364600e+00 -1.050516e+02 3.271477e-01 8.908554e-01
1.462000e+03 -1.017549e+02 2.364600e+00 -1.053374e+02 3.271134e-01 8.907914e-01
1.464000e+03 -1.020411e+02 2.364600e+00 -1.056235e+02 3.270793e-01 8.907278e-01
1.466000e+03 -1.023277e+02 2.364600e+00 -1.059101e+02 3.270453e-01 8.906644e-01
1.468000e+03 -1.026148e+02 2.364600e+00 -1.061970e+02 3.270114e-01 8.906013e-01
1.470000e+03 -1.029022e+02 2.364600e+00 -1.064843e+02 3.269777e-01 8.905384e-01
1.472000e+03 -1.031899e+02 2.364600e+00 -1.067719e+02 3.269441e-01 8.904758e-01
1.474000e+03 -1.034781e+02 2.364600e+00 -1.070600e+02 3.269107e-01 8.904135e-01
1.476000e+03 -1.037666e+02 2.364600e+00 -1.073484e+02 3.268774e-01 8.903514e-01
1.478000e+03 -1.040555e+02 2.364600e+00 -1.076372e+02 3.268443e-01 8.902896e-01
1.480000e+03 -1.043448e+02 2.364600e+00 -1.079264e+02 3.268113e-01 8.902281e-01
1.482000e+03 -1.046345e+02 2.364600e+00 -1.082160e+02 3.267785e-01 8.901668e-01
1.484000e+03 -1.049245e+02 2.364600e+00 -1.085060e+02 3.267457e-01 8.901057e-01
1.486000e+03 -1.052149e+02 2.364600e+00 -1.087963e+02 3.267132e-01 8.900449e-01
1.488000e+03 -1.055057e+02 2.364600e+00 -1.090870e+02 3.266807e-01 8.899844e-01
1.490000e+03 -1.057969e+02 2.364600e+00 -1.093781e+02 3.266484e-01 8.899241e-01
1.492000e+03 -1.060885e+02 2.364600e+00 -1.096695e+02 3.266163e-01 8.898641e-01
1.494000e+03 -1.063804e+02 2.364600e+00 -1.099614e+02 3.265842e-01 8.898043e-01
1.496000e+03 -1.066727e+02 2.364600e+00 -1.102536e+02 3.265523e-01 8.897448e-01
1.498000e+03 -1.069654e+02 2.364600e+00 -1.105462e+02 3.265206e-01 8.896855e-01
1.500000e+03 -1.072585e+02 2.364600e+00 -1.108392e+02 3.264890e-01 8.896265e-01
1.502000e+03 -1.075519e+02 2.364600e+00 -1.111325e+02 3.264575e-01 8.895677e-01
1.504000e+03 -1.078457e+02 2.364600e+00 -1.114263e+02 3.264261e-01 8.895091e-01
1.506000e+03 -1.081399e+02 2.364600e+00 -1.117204e+02 3.263949e-01 8.894508e-01
1.508000e+03 -1.084345e+02 2.364600e+00 -1.120149e+02 3.263638e-01 8.893927e-01
1.510000e+03 -1.087294e+02 2.364600e+00 -1.123097e+02 3.263328e-01 8.893349e-01
1.512000e+03 -1.090248e+02 2.364600e+00 -1.126050e+02 3.263019e-01 8.892773e-01
1.514000e+03 -1.093205e+02 2.364600e+00 -1.129006e+02 3.262712e-01 8.892199e-01
1.516000e+03 -1.096166e+02 2.364600e+00 -1.131966e+02 3.262406e-01 8.891627e-01
1.518000e+03 -1.099130e+02 2.364600e+00 -1.134930e+02 3.262102e-01 8.891058e-01
1.520000e+03 -1.102099e+02 2.364600e+00 -1.137897e+02 3.261798e-01 8.890492e-01
1.522000e+03 -1.105071e+02 2.364600e+00 -1.140868e+02 3.261496e-01 8.889927e-01
1.524000e+03 -1.108047e+02 2.364600e+00 -1.143844e+02 3.261195e-01 8.889365e-01
1.526000e+03 -1.111027e+02 2.364600e+00 -1.146822e+02 3.260895e-01 8.888805e-01
1.528000e+03 -1.114010e+02 2.364600e+00 -1.149805e+02 3.260597e-01 8.888248e-01
1.530000e+03 -1.116998e+02 2.364600e+00 -1.152791e+02 3.260300e-01 8.887692e-01
1.532000e+03 -1.119989e+02 2.364600e+00 -1.155782e+02 3.260004e-01 8.887139e-01
1.534000e+03 -1.122983e+02 2.364600e+00 -1.158776e+02 3.259709e-01 8.886588e-01
1.536000e+03 -1.125982e+02 2.364600e+00 -1.161773e+02 3.259415e-01 8.886040e-01
1.538000e+03 -1.128984e+02 2.364600e+00 -1.164775e+02 3.259123e-01 8.885493e-01
1.540000e+03 -1.131990e+02 2.364600e+00 -1.167780e+02 3.258832e-01 8.884949e-01
1.542000e+03 -1.135000e+02 2.364600e+00 -1.170789e+02 3.258542e-01 8.884407e-01
1.544000e+03 -1.138014e+02 2.364600e+00 -1.173802e+02 3.258253e-01 8.883867e-01
1.546000e+03 -1.141031e+02 2.364600e+00 -1.176819e+02 3.257965e-01 8.883329e-01
1.548000e+03 -1.144053e+02 2.364600e+00 -1.179839e+02 3.257679e-01 8.882794e-01
1.550000e+03 -1.147078e+02 2.364600e+00 -1.182863e+02 3.257393e-01 8.882260e-01
