1.000000e+02 -2.512045e-01 0.000000e+00 -5.229035e-03 -2.348832e-01 -1.109226e-02
1.020000e+02 -2.662158e-01 0.000000e+00 -5.504186e-03 -2.489372e-01 -1.177436e-02
1.040000e+02 -2.817773e-01 0.000000e+00 -5.786595e-03 -2.635067e-01 -1.248405e-02
1.060000e+02 -2.978943e-01 0.000000e+00 -6.076195e-03 -2.785962e-01 -1.322187e-02
1.080000e+02 -3.145712e-01 0.000000e+00 -6.372918e-03 -2.942098e-01 -1.398841e-02
1.100000e+02 -3.318120e-01 0.000000e+00 -6.676688e-03 -3.103511e-01 -1.478421e-02
1.120000e+02 -3.496203e-01 0.000000e+00 -6.987428e-03 -3.270230e-01 -1.560984e-02
1.140000e+02 -3.679989e-01 0.000000e+00 -7.305055e-03 -3.442279e-01 -1.646587e-02
1.160000e+02 -3.869501e-01 0.000000e+00 -7.629483e-03 -3.619677e-01 -1.735287e-02
1.180000e+02 -4.064755e-01 0.000000e+00 -7.960625e-03 -3.802435e-01 -1.827140e-02
1.200000e+02 -4.265763e-01 0.000000e+00 -8.298387e-03 -3.990559e-01 -1.922202e-02
1.220000e+02 -4.472528e-01 0.000000e+00 -8.642677e-03 -4.184048e-01 -2.020531e-02
1.240000e+02 -4.685047e-01 0.000000e+00 -8.993396e-03 -4.382894e-01 -2.122184e-02
1.260000e+02 -4.903309e-01 0.000000e+00 -9.350447e-03 -4.587083e-01 -2.227218e-02
1.280000e+02 -5.127297e-01 0.000000e+00 -9.713727e-03 -4.796591e-01 -2.335688e-02
1.300000e+02 -5.356987e-01 0.000000e+00 -1.008314e-02 -5.011391e-01 -2.447654e-02
1.320000e+02 -5.592347e-01 0.000000e+00 -1.045857e-02 -5.231444e-01 -2.563171e-02
1.340000e+02 -5.833337e-01 0.000000e+00 -1.083992e-02 -5.456708e-01 -2.682298e-02
1.360000e+02 -6.079910e-01 0.000000e+00 -1.122708e-02 -5.687130e-01 -2.805090e-02
1.380000e+02 -6.332010e-01 0.000000e+00 -1.161995e-02 -5.922650e-01 -2.931606e-02
1.400000e+02 -6.589575e-01 0.000000e+00 -1.201841e-02 -6.163201e-01 -3.061903e-02
1.420000e+02 -6.852534e-01 0.000000e+00 -1.242237e-02 -6.408706e-01 -3.196038e-02
1.440000e+02 -7.120807e-01 0.000000e+00 -1.283170e-02 -6.659083e-01 -3.334068e-02
1.460000e+02 -7.394308e-01 0.000000e+00 -1.324630e-02 -6.914240e-01 -3.476051e-02
1.480000e+02 -7.672942e-01 0.000000e+00 -1.366607e-02 -7.174076e-01 -3.622045e-02
1.500000e+02 -7.956605e-01 0.000000e+00 -1.409089e-02 -7.438485e-01 -3.772106e-02
1.520000e+02 -8.245187e-01 0.000000e+00 -1.452065e-02 -7.707351e-01 -3.926292e-02
1.540000e+02 -8.538568e-01 0.000000e+00 -1.495525e-02 -7.980550e-01 -4.084661e-02
1.560000e+02 -8.836623e-01 0.000000e+00 -1.539458e-02 -8.257950e-01 -4.247269e-02
1.580000e+02 -9.139216e-01 0.000000e+00 -1.583853e-02 -8.539414e-01 -4.414175e-02
1.600000e+02 -9.446207e-01 0.000000e+00 -1.628699e-02 -8.824794e-01 -4.585435e-02
1.620000e+02 -9.757446e-01 0.000000e+00 -1.673986e-02 -9.113936e-01 -4.761107e-02
1.640000e+02 -1.007278e+00 0.000000e+00 -1.719704e-02 -9.406680e-01 -4.941248e-02
1.660000e+02 -1.039203e+00 0.000000e+00 -1.765841e-02 -9.702858e-01 -5.125915e-02
1.680000e+02 -1.071505e+00 0.000000e+00 -1.812389e-02 -1.000229e+00 -5.315165e-02
1.700000e+02 -1.104165e+00 0.000000e+00 -1.859336e-02 -1.030481e+00 -5.509055e-02
1.720000e+02 -1.137165e+00 0.000000e+00 -1.906673e-02 -1.061021e+00 -5.707643e-02
1.740000e+02 -1.170486e+00 0.000000e+00 -1.954389e-02 -1.091832e+00 -5.910985e-02
1.760000e+02 -1.204108e+00 0.000000e+00 -2.002475e-02 -1.122892e+00 -6.119137e-02
1.780000e+02 -1.238013e+00 0.000000e+00 -2.050921e-02 -1.154182e+00 -6.332157e-02
1.800000e+02 -1.272179e+00 0.000000e+00 -2.099718e-02 -1.185680e+00 -6.550101e-02
1.820000e+02 -1.306585e+00 0.000000e+00 -2.148856e-02 -1.217367e+00 -6.773025e-02
1.840000e+02 -1.341212e+00 0.000000e+00 -2.198326e-02 -1.249218e+00 -7.000985e-02
1.860000e+02 -1.376036e+00 0.000000e+00 -2.248120e-02 -1.281214e+00 -7.234038e-02
1.880000e+02 -1.411036e+00 0.000000e+00 -2.298227e-02 -1.313332e+00 -7.472238e-02
1.900000e+02 -1.446191e+00 0.000000e+00 -2.348639e-02 -1.345548e+00 -7.715643e-02
1.920000e+02 -1.481478e+00 0.000000e+00 -2.399348e-02 -1.377841e+00 -7.964307e-02
1.940000e+02 -1.516874e+00 0.000000e+00 -2.450345e-02 -1.410187e+00 -8.218285e-02
1.960000e+02 -1.552356e+00 0.000000e+00 -2.501622e-02 -1.442564e+00 -8.477632e-02
1.980000e+02 -1.587904e+00 0.000000e+00 -2.553170e-02 -1.474948e+00 -8.742404e-02
2.000000e+02 -1.623493e+00 0.000000e+00 -2.604983e-02 -1.507316e+00 -9.012654e-02
2.020000e+02 -1.659101e+00 0.000000e+00 -2.657051e-02 -1.539646e+00 -9.288436e-02
2.040000e+02 -1.694706e+00 0.000000e+00 -2.709367e-02 -1.571914e+00 -9.569805e-02
2.060000e+02 -1.730285e+00 0.000000e+00 -2.761923e-02 -1.604098e+00 -9.856814e-02
2.080000e+02 -1.765816e+00 0.000000e+00 -2.814713e-02 -1.636174e+00 -1.014952e-01
2.100000e+02 -1.801278e+00 0.000000e+00 -2.867729e-02 -1.668121e+00 -1.044796e-01
2.120000e+02 -1.836649e+00 0.000000e+00 -2.920963e-02 -1.699917e+00 -1.075221e-01
2.140000e+02 -1.871906e+00 0.000000e+00 -2.974410e-02 -1.731539e+00 -1.106231e-01
2.160000e+02 -1.907031e+00 0.000000e+00 -3.028062e-02 -1.762967e+00 -1.137831e-01
2.180000e+02 -1.942001e+00 0.000000e+00 -3.081912e-02 -1.794179e+00 -1.170026e-01
2.200000e+02 -1.976797e+00 0.000000e+00 -3.135955e-02 -1.825155e+00 -1.202822e-01
2.220000e+02 -2.011399e+00 0.000000e+00 -3.190184e-02 -1.855875e+00 -1.236223e-01
2.240000e+02 -2.045789e+00 0.000000e+00 -3.244592e-02 -1.886319e+00 -1.270235e-01
2.260000e+02 -2.079947e+00 0.000000e+00 -3.299174e-02 -1.916469e+00 -1.304862e-01
2.280000e+02 -2.113856e+00 0.000000e+00 -3.353925e-02 -1.946305e+00 -1.340109e-01
2.300000e+02 -2.147498e+00 0.000000e+00 -3.408837e-02 -1.975811e+00 -1.375982e-01
2.320000e+02 -2.180857e+00 0.000000e+00 -3.463906e-02 -2.004970e+00 -1.412484e-01
2.340000e+02 -2.213917e+00 0.000000e+00 -3.519126e-02 -2.033764e+00 -1.449621e-01
2.360000e+02 -2.246663e+00 0.000000e+00 -3.574492e-02 -2.062178e+00 -1.487397e-01
2.380000e+02 -2.279079e+00 0.000000e+00 -3.629998e-02 -2.090198e+00 -1.525817e-01
2.400000e+02 -2.311153e+00 0.000000e+00 -3.685640e-02 -2.117808e+00 -1.564885e-01
2.420000e+02 -2.342871e+00 0.000000e+00 -3.741413e-02 -2.144996e+00 -1.604606e-01
2.440000e+02 -2.374220e+00 0.000000e+00 -3.797312e-02 -2.171749e+00 -1.644985e-01
2.460000e+02 -2.405190e+00 0.000000e+00 -3.853333e-02 -2.198054e+00 -1.686024e-01
2.480000e+02 -2.435768e+00 0.000000e+00 -3.909469e-02 -2.223901e+00 -1.727730e-01
2.500000e+02 -2.465946e+00 0.000000e+00 -3.965719e-02 -2.249278e+00 -1.770105e-01
2.520000e+02 -2.495714e+00 0.000000e+00 -4.022076e-02 -2.274177e+00 -1.813155e-01
2.540000e+02 -2.525063e+00 0.000000e+00 -4.078537e-02 -2.298589e+00 -1.856882e-01
2.560000e+02 -2.553985e+00 0.000000e+00 -4.135098e-02 -2.322505e+00 -1.901291e-01
2.580000e+02 -2.582474e+00 0.000000e+00 -4.191755e-02 -2.345918e+00 -1.946386e-01
2.600000e+02 -2.610524e+00 0.000000e+00 -4.248504e-02 -2.368821e+00 -1.992170e-01
2.620000e+02 -2.638128e+00 0.000000e+00 -4.305341e-02 -2.391210e+00 -2.038648e-01
2.640000e+02 -2.665282e+00 0.000000e+00 -4.362262e-02 -2.413077e+00 -2.085821e-01
2.660000e+02 -2.691982e+00 0.000000e+00 -4.419265e-02 -2.434420e+00 -2.133695e-01
2.680000e+02 -2.718225e+00 0.000000e+00 -4.476345e-02 -2.455234e+00 -2.182273e-01
2.700000e+02 -2.744007e+00 0.000000e+00 -4.533500e-02 -2.475516e+00 -2.231557e-01
2.720000e+02 -2.769328e+00 0.000000e+00 -4.590725e-02 -2.495265e+00 -2.281550e-01
2.740000e+02 -2.794184e+00 0.000000e+00 -4.648019e-02 -2.514479e+00 -2.332256e-01
2.760000e+02 -2.818577e+00 0.000000e+00 -4.705377e-02 -2.533156e+00 -2.383678e-01
2.780000e+02 -2.842506e+00 0.000000e+00 -4.762797e-02 -2.551296e+00 -2.435819e-01
2.800000e+02 -2.865970e+00 0.000000e+00 -4.820276e-02 -2.568900e+00 -2.488680e-01
2.820000e+02 -2.888972e+00 0.000000e+00 -4.877811e-02 -2.585968e+00 -2.542265e-01
2.840000e+02 -2.911513e+00 0.000000e+00 -4.935400e-02 -2.602501e+00 -2.596576e-01
2.860000e+02 -2.933594e+00 0.000000e+00 -4.993039e-02 -2.618502e+00 -2.651616e-01
2.880000e+02 -2.955219e+00 0.000000e+00 -5.050727e-02 -2.633974e+00 -2.707386e-01
2.900000e+02 -2.976391e+00 0.000000e+00 -5.108460e-02 -2.648918e+00 -2.763889e-01
2.920000e+02 -2.997113e+00 0.000000e+00 -5.166236e-02 -2.663338e+00 -2.821126e-01
2.940000e+02 -3.017388e+00 0.000000e+00 -5.224054e-02 -2.677238e+00 -2.879099e-01
2.960000e+02 -3.037223e+00 0.000000e+00 -5.281910e-02 -2.690623e+00 -2.937810e-01
2.980000e+02 -3.056620e+00 0.000000e+00 -5.339803e-02 -2.703496e+00 -2.997260e-01
3.000000e+02 -3.075585e+00 0.000000e+00 -5.397730e-02 -2.715863e+00 -3.057451e-01
3.020000e+02 -3.094124e+00 0.000000e+00 -5.455689e-02 -2.727729e+00 -3.118383e-01
3.040000e+02 -3.112243e+00 0.000000e+00 -5.513678e-02 -2.739100e+00 -3.180059e-01
3.060000e+02 -3.129946e+00 0.000000e+00 -5.571696e-02 -2.749982e+00 -3.242478e-01
3.080000e+02 -3.147242e+00 0.000000e+00 -5.629741e-02 -2.760380e+00 -3.305641e-01
3.100000e+02 -3.164135e+00 0.000000e+00 -5.687809e-02 -2.770302e+00 -3.369549e-01
3.120000e+02 -3.180633e+00 0.000000e+00 -5.745901e-02 -2.779754e+00 -3.434203e-01
3.140000e+02 -3.196743e+00 0.000000e+00 -5.804014e-02 -2.788742e+00 -3.499602e-01
3.160000e+02 -3.212471e+00 0.000000e+00 -5.862146e-02 -2.797275e+00 -3.565746e-01
3.180000e+02 -3.227826e+00 0.000000e+00 -5.920297e-02 -2.805359e+00 -3.632636e-01
3.200000e+02 -3.242814e+00 0.000000e+00 -5.978463e-02 -2.813002e+00 -3.700271e-01
3.220000e+02 -3.257442e+00 0.000000e+00 -6.036644e-02 -2.820211e+00 -3.768650e-01
3.240000e+02 -3.271720e+00 0.000000e+00 -6.094839e-02 -2.826994e+00 -3.837774e-01
3.260000e+02 -3.285653e+00 0.000000e+00 -6.153046e-02 -2.833359e+00 -3.907640e-01
3.280000e+02 -3.299250e+00 0.000000e+00 -6.211263e-02 -2.839313e+00 -3.978248e-01
3.300000e+02 -3.312520e+00 0.000000e+00 -6.269489e-02 -2.844865e+00 -4.049597e-01
3.320000e+02 -3.325468e+00 0.000000e+00 -6.327724e-02 -2.850022e+00 -4.121685e-01
3.340000e+02 -3.338104e+00 0.000000e+00 -6.385965e-02 -2.854793e+00 -4.194511e-01
3.360000e+02 -3.350436e+00 0.000000e+00 -6.444212e-02 -2.859186e+00 -4.268073e-01
3.380000e+02 -3.362470e+00 0.000000e+00 -6.502463e-02 -2.863209e+00 -4.342368e-01
3.400000e+02 -3.374215e+00 0.000000e+00 -6.560717e-02 -2.866869e+00 -4.417395e-01
3.420000e+02 -3.385680e+00 0.000000e+00 -6.618974e-02 -2.870175e+00 -4.493152e-01
3.440000e+02 -3.396871e+00 0.000000e+00 -6.677231e-02 -2.873135e+00 -4.569634e-01
3.460000e+02 -3.407796e+00 0.000000e+00 -6.735489e-02 -2.875757e+00 -4.646841e-01
3.480000e+02 -3.418463e+00 0.000000e+00 -6.793746e-02 -2.878049e+00 -4.724768e-01
3.500000e+02 -3.428880e+00 0.000000e+00 -6.852002e-02 -2.880019e+00 -4.803413e-01
3.520000e+02 -3.439055e+00 0.000000e+00 -6.910254e-02 -2.881675e+00 -4.882772e-01
3.540000e+02 -3.448994e+00 0.000000e+00 -6.968504e-02 -2.883025e+00 -4.962841e-01
3.560000e+02 -3.458705e+00 0.000000e+00 -7.026748e-02 -2.884075e+00 -5.043616e-01
3.580000e+02 -3.468195e+00 0.000000e+00 -7.084988e-02 -2.884836e+00 -5.125094e-01
3.600000e+02 -3.477472e+00 0.000000e+00 -7.143221e-02 -2.885312e+00 -5.207270e-01
3.620000e+02 -3.486542e+00 0.000000e+00 -7.201448e-02 -2.885514e+00 -5.290139e-01
3.640000e+02 -3.495413e+00 0.000000e+00 -7.259668e-02 -2.885446e+00 -5.373696e-01
3.660000e+02 -3.504091e+00 0.000000e+00 -7.317879e-02 -2.885118e+00 -5.457937e-01
3.680000e+02 -3.512583e+00 0.000000e+00 -7.376081e-02 -2.884537e+00 -5.542857e-01
3.700000e+02 -3.520896e+00 0.000000e+00 -7.434274e-02 -2.883708e+00 -5.628449e-01
3.720000e+02 -3.529036e+00 0.000000e+00 -7.492457e-02 -2.882640e+00 -5.714709e-01
3.740000e+02 -3.537009e+00 0.000000e+00 -7.550629e-02 -2.881340e+00 -5.801630e-01
3.760000e+02 -3.544822e+00 0.000000e+00 -7.608790e-02 -2.879814e+00 -5.889206e-01
3.780000e+02 -3.552481e+00 0.000000e+00 -7.666939e-02 -2.878068e+00 -5.977431e-01
3.800000e+02 -3.559991e+00 0.000000e+00 -7.725075e-02 -2.876111e+00 -6.066298e-01
3.820000e+02 -3.567359e+00 0.000000e+00 -7.783199e-02 -2.873947e+00 -6.155801e-01
3.840000e+02 -3.574589e+00 0.000000e+00 -7.841309e-02 -2.871583e+00 -6.245932e-01
3.860000e+02 -3.581689e+00 0.000000e+00 -7.899405e-02 -2.869026e+00 -6.336685e-01
3.880000e+02 -3.588662e+00 0.000000e+00 -7.957487e-02 -2.866282e+00 -6.428051e-01
3.900000e+02 -3.595514e+00 0.000000e+00 -8.015554e-02 -2.863356e+00 -6.520023e-01
3.920000e+02 -3.602250e+00 0.000000e+00 -8.073606e-02 -2.860254e+00 -6.612592e-01
3.940000e+02 -3.608875e+00 0.000000e+00 -8.131643e-02 -2.856983e+00 -6.705752e-01
3.960000e+02 -3.615394e+00 0.000000e+00 -8.189663e-02 -2.853548e+00 -6.799493e-01
3.980000e+02 -3.621812e+00 0.000000e+00 -8.247667e-02 -2.849954e+00 -6.893807e-01
4.000000e+02 -3.628132e+00 0.000000e+00 -8.305654e-02 -2.846207e+00 -6.988685e-01
4.020000e+02 -3.634360e+00 0.000000e+00 -8.363624e-02 -2.842312e+00 -7.084117e-01
4.040000e+02 -3.640499e+00 0.000000e+00 -8.421576e-02 -2.838274e+00 -7.180095e-01
4.060000e+02 -3.646554e+00 0.000000e+00 -8.479511e-02 -2.834098e+00 -7.276609e-01
4.080000e+02 -3.652528e+00 0.000000e+00 -8.537428e-02 -2.829789e+00 -7.373650e-01
4.100000e+02 -3.658426e+00 0.000000e+00 -8.595327e-02 -2.825352e+00 -7.471207e-01
4.120000e+02 -3.664251e+00 0.000000e+00 -8.653207e-02 -2.820792e+00 -7.569270e-01
4.140000e+02 -3.670006e+00 0.000000e+00 -8.711068e-02 -2.816112e+00 -7.667828e-01
4.160000e+02 -3.675695e+00 0.000000e+00 -8.768910e-02 -2.811319e+00 -7.766872e-01
4.180000e+02 -3.681321e+00 0.000000e+00 -8.826732e-02 -2.806415e+00 -7.866391e-01
4.200000e+02 -3.686887e+00 0.000000e+00 -8.884536e-02 -2.801405e+00 -7.966373e-01
4.220000e+02 -3.692397e+00 0.000000e+00 -8.942319e-02 -2.796293e+00 -8.066807e-01
4.240000e+02 -3.697853e+00 0.000000e+00 -9.000082e-02 -2.791084e+00 -8.167683e-01
4.260000e+02 -3.703258e+00 0.000000e+00 -9.057826e-02 -2.785781e+00 -8.268987e-01
4.280000e+02 -3.708614e+00 0.000000e+00 -9.115549e-02 -2.780388e+00 -8.370709e-01
4.300000e+02 -3.713924e+00 0.000000e+00 -9.173251e-02 -2.774908e+00 -8.472837e-01
4.320000e+02 -3.719191e+00 0.000000e+00 -9.230933e-02 -2.769346e+00 -8.575358e-01
4.340000e+02 -3.724416e+00 0.000000e+00 -9.288594e-02 -2.763704e+00 -8.678260e-01
4.360000e+02 -3.729602e+00 0.000000e+00 -9.346234e-02 -2.757987e+00 -8.781530e-01
4.380000e+02 -3.734752e+00 0.000000e+00 -9.403853e-02 -2.752197e+00 -8.885157e-01
4.400000e+02 -3.739866e+00 0.000000e+00 -9.461451e-02 -2.746338e+00 -8.989127e-01
4.420000e+02 -3.744946e+00 0.000000e+00 -9.519027e-02 -2.740413e+00 -9.093426e-01
4.440000e+02 -3.749996e+00 0.000000e+00 -9.576582e-02 -2.734425e+00 -9.198043e-01
4.460000e+02 -3.755015e+00 0.000000e+00 -9.634115e-02 -2.728377e+00 -9.302963e-01
4.480000e+02 -3.760006e+00 0.000000e+00 -9.691627e-02 -2.722272e+00 -9.408173e-01
4.500000e+02 -3.764969e+00 0.000000e+00 -9.749117e-02 -2.716112e+00 -9.513659e-01
4.520000e+02 -3.769908e+00 0.000000e+00 -9.806585e-02 -2.709901e+00 -9.619408e-01
4.540000e+02 -3.774822e+00 0.000000e+00 -9.864032e-02 -2.703641e+00 -9.725405e-01
4.560000e+02 -3.779712e+00 0.000000e+00 -9.921456e-02 -2.697334e+00 -9.831638e-01
4.580000e+02 -3.784581e+00 0.000000e+00 -9.978859e-02 -2.690983e+00 -9.938091e-01
4.600000e+02 -3.789428e+00 0.000000e+00 -1.003624e-01 -2.684591e+00 -1.004475e+00
4.620000e+02 -3.794255e+00 0.000000e+00 -1.009360e-01 -2.678159e+00 -1.015160e+00
4.640000e+02 -3.799063e+00 0.000000e+00 -1.015093e-01 -2.671691e+00 -1.025863e+00
4.660000e+02 -3.803852e+00 0.000000e+00 -1.020825e-01 -2.665187e+00 -1.036582e+00
4.680000e+02 -3.808623e+00 0.000000e+00 -1.026554e-01 -2.658651e+00 -1.047316e+00
4.700000e+02 -3.813376e+00 0.000000e+00 -1.032281e-01 -2.652085e+00 -1.058063e+00
4.720000e+02 -3.818112e+00 0.000000e+00 -1.038005e-01 -2.645490e+00 -1.068822e+00
4.740000e+02 -3.822832e+00 0.000000e+00 -1.043728e-01 -2.638868e+00 -1.079591e+00
4.760000e+02 -3.827536e+00 0.000000e+00 -1.049448e-01 -2.632222e+00 -1.090369e+00
4.780000e+02 -3.832224e+00 0.000000e+00 -1.055166e-01 -2.625553e+00 -1.101155e+00
4.800000e+02 -3.836897e+00 0.000000e+00 -1.060882e-01 -2.618863e+00 -1.111946e+00
4.820000e+02 -3.841554e+00 0.000000e+00 -1.066595e-01 -2.612153e+00 -1.122742e+00
4.840000e+02 -3.846196e+00 0.000000e+00 -1.072307e-01 -2.605425e+00 -1.133540e+00
4.860000e+02 -3.850823e+00 0.000000e+00 -1.078016e-01 -2.598682e+00 -1.144340e+00
4.880000e+02 -3.855434e+00 0.000000e+00 -1.083723e-01 -2.591923e+00 -1.155139e+00
4.900000e+02 -3.860031e+00 0.000000e+00 -1.089427e-01 -2.585152e+00 -1.165936e+00
4.920000e+02 -3.864612e+00 0.000000e+00 -1.095130e-01 -2.578369e+00 -1.176730e+00
4.940000e+02 -3.869178e+00 0.000000e+00 -1.100830e-01 -2.571576e+00 -1.187519e+00
4.960000e+02 -3.873728e+00 0.000000e+00 -1.106528e-01 -2.564774e+00 -1.198301e+00
4.980000e+02 -3.878263e+00 0.000000e+00 -1.112223e-01 -2.557964e+00 -1.209076e+00
5.000000e+02 -3.882781e+00 0.000000e+00 -1.117917e-01 -2.551148e+00 -1.219841e+00
5.020000e+02 -3.887283e+00 0.000000e+00 -1.123608e-01 -2.544328e+00 -1.230595e+00
5.040000e+02 -3.891768e+00 0.000000e+00 -1.129297e-01 -2.537503e+00 -1.241336e+00
5.060000e+02 -3.896236e+00 0.000000e+00 -1.134984e-01 -2.530675e+00 -1.252063e+00
5.080000e+02 -3.900687e+00 0.000000e+00 -1.140669e-01 -2.523846e+00 -1.262774e+00
5.100000e+02 -3.905120e+00 0.000000e+00 -1.146351e-01 -2.517016e+00 -1.273468e+00
5.120000e+02 -3.909534e+00 0.000000e+00 -1.152031e-01 -2.510187e+00 -1.284144e+00
5.140000e+02 -3.913929e+00 0.000000e+00 -1.157709e-01 -2.503359e+00 -1.294799e+00
5.160000e+02 -3.918304e+00 0.000000e+00 -1.163385e-01 -2.496534e+00 -1.305432e+00
5.180000e+02 -3.922660e+00 0.000000e+00 -1.169059e-01 -2.489712e+00 -1.316042e+00
5.200000e+02 -3.926994e+00 0.000000e+00 -1.174730e-01 -2.482894e+00 -1.326627e+00
5.220000e+02 -3.931307e+00 0.000000e+00 -1.180400e-01 -2.476082e+00 -1.337186e+00
5.240000e+02 -3.935599e+00 0.000000e+00 -1.186067e-01 -2.469275e+00 -1.347717e+00
5.260000e+02 -3.939867e+00 0.000000e+00 -1.191732e-01 -2.462475e+00 -1.358219e+00
5.280000e+02 -3.944112e+00 0.000000e+00 -1.197394e-01 -2.455683e+00 -1.368690e+00
5.300000e+02 -3.948333e+00 0.000000e+00 -1.203055e-01 -2.448899e+00 -1.379129e+00
5.320000e+02 -3.952530e+00 0.000000e+00 -1.208714e-01 -2.442124e+00 -1.389535e+00
5.340000e+02 -3.956700e+00 0.000000e+00 -1.214370e-01 -2.435358e+00 -1.399905e+00
5.360000e+02 -3.960845e+00 0.000000e+00 -1.220024e-01 -2.428603e+00 -1.410239e+00
5.380000e+02 -3.964962e+00 0.000000e+00 -1.225677e-01 -2.421859e+00 -1.420535e+00
5.400000e+02 -3.969052e+00 0.000000e+00 -1.231327e-01 -2.415127e+00 -1.430792e+00
5.420000e+02 -3.973112e+00 0.000000e+00 -1.236975e-01 -2.408406e+00 -1.441009e+00
5.440000e+02 -3.977144e+00 0.000000e+00 -1.242620e-01 -2.401699e+00 -1.451183e+00
5.460000e+02 -3.981145e+00 0.000000e+00 -1.248264e-01 -2.395005e+00 -1.461314e+00
5.480000e+02 -3.985115e+00 0.000000e+00 -1.253906e-01 -2.388324e+00 -1.471401e+00
5.500000e+02 -3.989054e+00 0.000000e+00 -1.259545e-01 -2.381658e+00 -1.481441e+00
5.520000e+02 -3.992960e+00 0.000000e+00 -1.265183e-01 -2.375007e+00 -1.491434e+00
5.540000e+02 -3.996832e+00 0.000000e+00 -1.270818e-01 -2.368371e+00 -1.501379e+00
5.560000e+02 -4.000670e+00 0.000000e+00 -1.276452e-01 -2.361751e+00 -1.511274e+00
5.580000e+02 -4.004473e+00 0.000000e+00 -1.282083e-01 -2.355147e+00 -1.521118e+00
5.600000e+02 -4.008240e+00 0.000000e+00 -1.287712e-01 -2.348559e+00 -1.530909e+00
5.620000e+02 -4.011970e+00 0.000000e+00 -1.293340e-01 -2.341989e+00 -1.540647e+00
5.640000e+02 -4.015663e+00 0.000000e+00 -1.298965e-01 -2.335436e+00 -1.550331e+00
5.660000e+02 -4.019317e+00 0.000000e+00 -1.304588e-01 -2.328900e+00 -1.559958e+00
5.680000e+02 -4.022933e+00 0.000000e+00 -1.310209e-01 -2.322383e+00 -1.569529e+00
5.700000e+02 -4.026508e+00 0.000000e+00 -1.315829e-01 -2.315884e+00 -1.579041e+00
5.720000e+02 -4.030042e+00 0.000000e+00 -1.321446e-01 -2.309403e+00 -1.588495e+00
5.740000e+02 -4.033535e+00 0.000000e+00 -1.327061e-01 -2.302942e+00 -1.597888e+00
5.760000e+02 -4.036986e+00 0.000000e+00 -1.332675e-01 -2.296499e+00 -1.607219e+00
5.780000e+02 -4.040393e+00 0.000000e+00 -1.338286e-01 -2.290077e+00 -1.616488e+00
5.800000e+02 -4.043757e+00 0.000000e+00 -1.343895e-01 -2.283674e+00 -1.625694e+00
5.820000e+02 -4.047076e+00 0.000000e+00 -1.349503e-01 -2.277291e+00 -1.634835e+00
5.840000e+02 -4.050350e+00 0.000000e+00 -1.355108e-01 -2.270928e+00 -1.643911e+00
5.860000e+02 -4.053578e+00 0.000000e+00 -1.360712e-01 -2.264586e+00 -1.652921e+00
5.880000e+02 -4.056759e+00 0.000000e+00 -1.366313e-01 -2.258264e+00 -1.661863e+00
5.900000e+02 -4.059892e+00 0.000000e+00 -1.371913e-01 -2.251963e+00 -1.670737e+00
5.920000e+02 -4.062977e+00 0.000000e+00 -1.377511e-01 -2.245684e+00 -1.679542e+00
5.940000e+02 -4.066013e+00 0.000000e+00 -1.383107e-01 -2.239425e+00 -1.688277e+00
5.960000e+02 -4.069000e+00 0.000000e+00 -1.388701e-01 -2.233188e+00 -1.696942e+00
5.980000e+02 -4.071937e+00 0.000000e+00 -1.394293e-01 -2.226973e+00 -1.705534e+00
6.000000e+02 -4.074822e+00 0.000000e+00 -1.399883e-01 -2.220779e+00 -1.714055e+00
6.020000e+02 -4.077656e+00 0.000000e+00 -1.405472e-01 -2.214607e+00 -1.722502e+00
6.040000e+02 -4.080439e+00 0.000000e+00 -1.411058e-01 -2.208457e+00 -1.730875e+00
6.060000e+02 -4.083168e+00 0.000000e+00 -1.416643e-01 -2.202329e+00 -1.739174e+00
6.080000e+02 -4.085844e+00 0.000000e+00 -1.422226e-01 -2.196224e+00 -1.747398e+00
6.100000e+02 -4.088467e+00 0.000000e+00 -1.427807e-01 -2.190141e+00 -1.755546e+00
6.120000e+02 -4.091035e+00 0.000000e+00 -1.433387e-01 -2.184080e+00 -1.763617e+00
6.140000e+02 -4.093548e+00 0.000000e+00 -1.438964e-01 -2.178041e+00 -1.771611e+00
6.160000e+02 -4.096006e+00 0.000000e+00 -1.444540e-01 -2.172025e+00 -1.779527e+00
6.180000e+02 -4.098408e+00 0.000000e+00 -1.450114e-01 -2.166032e+00 -1.787364e+00
6.200000e+02 -4.100754e+00 0.000000e+00 -1.455686e-01 -2.160062e+00 -1.795123e+00
6.220000e+02 -4.103043e+00 0.000000e+00 -1.461256e-01 -2.154114e+00 -1.802803e+00
6.240000e+02 -4.105274e+00 0.000000e+00 -1.466825e-01 -2.148189e+00 -1.810403e+00
6.260000e+02 -4.107448e+00 0.000000e+00 -1.472391e-01 -2.142287e+00 -1.817922e+00
6.280000e+02 -4.109564e+00 0.000000e+00 -1.477956e-01 -2.136408e+00 -1.825360e+00
6.300000e+02 -4.111622e+00 0.000000e+00 -1.483520e-01 -2.130552e+00 -1.832718e+00
6.320000e+02 -4.113621e+00 0.000000e+00 -1.489081e-01 -2.124719e+00 -1.839993e+00
6.340000e+02 -4.115560e+00 0.000000e+00 -1.494641e-01 -2.118909e+00 -1.847187e+00
6.360000e+02 -4.117441e+00 0.000000e+00 -1.500200e-01 -2.113123e+00 -1.854298e+00
6.380000e+02 -4.119261e+00 0.000000e+00 -1.505756e-01 -2.107359e+00 -1.861327e+00
6.400000e+02 -4.121021e+00 0.000000e+00 -1.511311e-01 -2.101618e+00 -1.868272e+00
6.420000e+02 -4.122722e+00 0.000000e+00 -1.516864e-01 -2.095900e+00 -1.875135e+00
6.440000e+02 -4.124361e+00 0.000000e+00 -1.522415e-01 -2.090206e+00 -1.881914e+00
6.460000e+02 -4.125940e+00 0.000000e+00 -1.527965e-01 -2.084534e+00 -1.888609e+00
6.480000e+02 -4.127457e+00 0.000000e+00 -1.533513e-01 -2.078886e+00 -1.895220e+00
6.500000e+02 -4.128914e+00 0.000000e+00 -1.539060e-01 -2.073261e+00 -1.901747e+00
6.520000e+02 -4.130309e+00 0.000000e+00 -1.544605e-01 -2.067658e+00 -1.908190e+00
6.540000e+02 -4.131642e+00 0.000000e+00 -1.550148e-01 -2.062079e+00 -1.914549e+00
6.560000e+02 -4.132914e+00 0.000000e+00 -1.555689e-01 -2.056523e+00 -1.920822e+00
6.580000e+02 -4.134124e+00 0.000000e+00 -1.561229e-01 -2.050990e+00 -1.927012e+00
6.600000e+02 -4.135272e+00 0.000000e+00 -1.566768e-01 -2.045480e+00 -1.933116e+00
6.620000e+02 -4.136358e+00 0.000000e+00 -1.572304e-01 -2.039993e+00 -1.939136e+00
6.640000e+02 -4.137382e+00 0.000000e+00 -1.577839e-01 -2.034528e+00 -1.945070e+00
6.660000e+02 -4.138344e+00 0.000000e+00 -1.583373e-01 -2.029087e+00 -1.950920e+00
6.680000e+02 -4.139244e+00 0.000000e+00 -1.588905e-01 -2.023668e+00 -1.956685e+00
6.700000e+02 -4.140082e+00 0.000000e+00 -1.594436e-01 -2.018273e+00 -1.962365e+00
6.720000e+02 -4.140857e+00 0.000000e+00 -1.599964e-01 -2.012900e+00 -1.967961e+00
6.740000e+02 -4.141570e+00 0.000000e+00 -1.605492e-01 -2.007550e+00 -1.973471e+00
6.760000e+02 -4.142221e+00 0.000000e+00 -1.611018e-01 -2.002222e+00 -1.978897e+00
6.780000e+02 -4.142810e+00 0.000000e+00 -1.616542e-01 -1.996917e+00 -1.984239e+00
6.800000e+02 -4.143337e+00 0.000000e+00 -1.622065e-01 -1.991635e+00 -1.989496e+00
6.820000e+02 -4.143802e+00 0.000000e+00 -1.627586e-01 -1.986375e+00 -1.994669e+00
6.840000e+02 -4.144205e+00 0.000000e+00 -1.633106e-01 -1.981137e+00 -1.999757e+00
6.860000e+02 -4.144546e+00 0.000000e+00 -1.638624e-01 -1.975922e+00 -2.004762e+00
6.880000e+02 -4.144826e+00 0.000000e+00 -1.644141e-01 -1.970730e+00 -2.009682e+00
6.900000e+02 -4.145044e+00 0.000000e+00 -1.649656e-01 -1.965559e+00 -2.014520e+00
6.920000e+02 -4.145201e+00 0.000000e+00 -1.655170e-01 -1.960411e+00 -2.019273e+00
6.940000e+02 -4.145297e+00 0.000000e+00 -1.660682e-01 -1.955285e+00 -2.023944e+00
6.960000e+02 -4.145332e+00 0.000000e+00 -1.666193e-01 -1.950181e+00 -2.028532e+00
6.980000e+02 -4.145306e+00 0.000000e+00 -1.671702e-01 -1.945099e+00 -2.033037e+00
7.000000e+02 -4.145219e+00 0.000000e+00 -1.677210e-01 -1.940039e+00 -2.037459e+00
7.020000e+02 -4.145073e+00 0.000000e+00 -1.682717e-01 -1.935001e+00 -2.041800e+00
7.040000e+02 -4.144865e+00 0.000000e+00 -1.688222e-01 -1.929985e+00 -2.046059e+00
7.060000e+02 -4.144599e+00 0.000000e+00 -1.693726e-01 -1.924990e+00 -2.050236e+00
7.080000e+02 -4.144272e+00 0.000000e+00 -1.699228e-01 -1.920017e+00 -2.054332e+00
7.100000e+02 -4.143886e+00 0.000000e+00 -1.704729e-01 -1.915065e+00 -2.058348e+00
7.120000e+02 -4.143441e+00 0.000000e+00 -1.710228e-01 -1.910136e+00 -2.062283e+00
7.140000e+02 -4.142938e+00 0.000000e+00 -1.715726e-01 -1.905227e+00 -2.066138e+00
7.160000e+02 -4.142375e+00 0.000000e+00 -1.721223e-01 -1.900340e+00 -2.069913e+00
7.180000e+02 -4.141755e+00 0.000000e+00 -1.726719e-01 -1.895474e+00 -2.073610e+00
7.200000e+02 -4.141077e+00 0.000000e+00 -1.732213e-01 -1.890629e+00 -2.077227e+00
7.220000e+02 -4.140341e+00 0.000000e+00 -1.737705e-01 -1.885805e+00 -2.080766e+00
7.240000e+02 -4.139549e+00 0.000000e+00 -1.743197e-01 -1.881002e+00 -2.084227e+00
7.260000e+02 -4.138699e+00 0.000000e+00 -1.748686e-01 -1.876221e+00 -2.087610e+00
7.280000e+02 -4.137793e+00 0.000000e+00 -1.754175e-01 -1.871460e+00 -2.090916e+00
7.300000e+02 -4.136831e+00 0.000000e+00 -1.759662e-01 -1.866719e+00 -2.094145e+00
7.320000e+02 -4.135813e+00 0.000000e+00 -1.765148e-01 -1.862000e+00 -2.097299e+00
7.340000e+02 -4.134740e+00 0.000000e+00 -1.770633e-01 -1.857301e+00 -2.100376e+00
7.360000e+02 -4.133612e+00 0.000000e+00 -1.776116e-01 -1.852622e+00 -2.103379e+00
7.380000e+02 -4.132430e+00 0.000000e+00 -1.781598e-01 -1.847964e+00 -2.106306e+00
7.400000e+02 -4.131194e+00 0.000000e+00 -1.787079e-01 -1.843326e+00 -2.109159e+00
7.420000e+02 -4.129904e+00 0.000000e+00 -1.792559e-01 -1.838709e+00 -2.111939e+00
7.440000e+02 -4.128560e+00 0.000000e+00 -1.798037e-01 -1.834111e+00 -2.114645e+00
7.460000e+02 -4.127164e+00 0.000000e+00 -1.803514e-01 -1.829534e+00 -2.117279e+00
7.480000e+02 -4.125716e+00 0.000000e+00 -1.808989e-01 -1.824976e+00 -2.119840e+00
7.500000e+02 -4.124215e+00 0.000000e+00 -1.814464e-01 -1.820439e+00 -2.122330e+00
7.520000e+02 -4.122663e+00 0.000000e+00 -1.819937e-01 -1.815921e+00 -2.124749e+00
7.540000e+02 -4.121060e+00 0.000000e+00 -1.825409e-01 -1.811423e+00 -2.127097e+00
7.560000e+02 -4.119407e+00 0.000000e+00 -1.830880e-01 -1.806944e+00 -2.129375e+00
7.580000e+02 -4.117704e+00 0.000000e+00 -1.836349e-01 -1.802485e+00 -2.131584e+00
7.600000e+02 -4.115950e+00 0.000000e+00 -1.841817e-01 -1.798045e+00 -2.133723e+00
7.620000e+02 -4.114148e+00 0.000000e+00 -1.847284e-01 -1.793625e+00 -2.135795e+00
7.640000e+02 -4.112297e+00 0.000000e+00 -1.852750e-01 -1.789224e+00 -2.137798e+00
7.660000e+02 -4.110398e+00 0.000000e+00 -1.858215e-01 -1.784842e+00 -2.139735e+00
7.680000e+02 -4.108452e+00 0.000000e+00 -1.863678e-01 -1.780479e+00 -2.141605e+00
7.700000e+02 -4.106458e+00 0.000000e+00 -1.869140e-01 -1.776135e+00 -2.143408e+00
7.720000e+02 -4.104417e+00 0.000000e+00 -1.874601e-01 -1.771810e+00 -2.145147e+00
7.740000e+02 -4.102330e+00 0.000000e+00 -1.880061e-01 -1.767504e+00 -2.146820e+00
7.760000e+02 -4.100198e+00 0.000000e+00 -1.885520e-01 -1.763216e+00 -2.148429e+00
7.780000e+02 -4.098020e+00 0.000000e+00 -1.890977e-01 -1.758947e+00 -2.149975e+00
7.800000e+02 -4.095797e+00 0.000000e+00 -1.896434e-01 -1.754697e+00 -2.151457e+00
7.820000e+02 -4.093531e+00 0.000000e+00 -1.901889e-01 -1.750465e+00 -2.152877e+00
7.840000e+02 -4.091220e+00 0.000000e+00 -1.907343e-01 -1.746251e+00 -2.154235e+00
7.860000e+02 -4.088867e+00 0.000000e+00 -1.912796e-01 -1.742055e+00 -2.155532e+00
7.880000e+02 -4.086471e+00 0.000000e+00 -1.918248e-01 -1.737878e+00 -2.156768e+00
7.900000e+02 -4.084032e+00 0.000000e+00 -1.923699e-01 -1.733719e+00 -2.157944e+00
7.920000e+02 -4.081552e+00 0.000000e+00 -1.929148e-01 -1.729577e+00 -2.159060e+00
7.940000e+02 -4.079031e+00 0.000000e+00 -1.934597e-01 -1.725454e+00 -2.160118e+00
7.960000e+02 -4.076469e+00 0.000000e+00 -1.940044e-01 -1.721348e+00 -2.161117e+00
7.980000e+02 -4.073867e+00 0.000000e+00 -1.945490e-01 -1.717260e+00 -2.162059e+00
8.000000e+02 -4.071226e+00 0.000000e+00 -1.950935e-01 -1.713189e+00 -2.162943e+00
8.020000e+02 -4.068546e+00 0.000000e+00 -1.956379e-01 -1.709136e+00 -2.163771e+00
8.040000e+02 -4.065826e+00 0.000000e+00 -1.961822e-01 -1.705101e+00 -2.164544e+00
8.060000e+02 -4.063069e+00 0.000000e+00 -1.967264e-01 -1.701082e+00 -2.165261e+00
8.080000e+02 -4.060275e+00 0.000000e+00 -1.972705e-01 -1.697081e+00 -2.165923e+00
8.100000e+02 -4.057443e+00 0.000000e+00 -1.978145e-01 -1.693097e+00 -2.166531e+00
8.120000e+02 -4.054575e+00 0.000000e+00 -1.983584e-01 -1.689131e+00 -2.167086e+00
8.140000e+02 -4.051671e+00 0.000000e+00 -1.989021e-01 -1.685181e+00 -2.167588e+00
8.160000e+02 -4.048731e+00 0.000000e+00 -1.994458e-01 -1.681248e+00 -2.168038e+00
8.180000e+02 -4.045757e+00 0.000000e+00 -1.999894e-01 -1.677332e+00 -2.168436e+00
8.200000e+02 -4.042748e+00 0.000000e+00 -2.005328e-01 -1.673432e+00 -2.168783e+00
8.220000e+02 -4.039705e+00 0.000000e+00 -2.010762e-01 -1.669549e+00 -2.169079e+00
8.240000e+02 -4.036628e+00 0.000000e+00 -2.016194e-01 -1.665683e+00 -2.169326e+00
8.260000e+02 -4.033519e+00 0.000000e+00 -2.021626e-01 -1.661833e+00 -2.169523e+00
8.280000e+02 -4.030377e+00 0.000000e+00 -2.027056e-01 -1.658000e+00 -2.169672e+00
8.300000e+02 -4.027204e+00 0.000000e+00 -2.032485e-01 -1.654182e+00 -2.169773e+00
8.320000e+02 -4.023999e+00 0.000000e+00 -2.037914e-01 -1.650381e+00 -2.169826e+00
8.340000e+02 -4.020763e+00 0.000000e+00 -2.043341e-01 -1.646596e+00 -2.169832e+00
8.360000e+02 -4.017496e+00 0.000000e+00 -2.048768e-01 -1.642827e+00 -2.169792e+00
8.380000e+02 -4.014200e+00 0.000000e+00 -2.054193e-01 -1.639074e+00 -2.169706e+00
8.400000e+02 -4.010874e+00 0.000000e+00 -2.059618e-01 -1.635337e+00 -2.169575e+00
8.420000e+02 -4.007519e+00 0.000000e+00 -2.065041e-01 -1.631616e+00 -2.169399e+00
8.440000e+02 -4.004136e+00 0.000000e+00 -2.070464e-01 -1.627910e+00 -2.169180e+00
8.460000e+02 -4.000725e+00 0.000000e+00 -2.075885e-01 -1.624220e+00 -2.168916e+00
8.480000e+02 -3.997286e+00 0.000000e+00 -2.081306e-01 -1.620545e+00 -2.168610e+00
8.500000e+02 -3.993820e+00 0.000000e+00 -2.086726e-01 -1.616886e+00 -2.168262e+00
8.520000e+02 -3.990328e+00 0.000000e+00 -2.092144e-01 -1.613242e+00 -2.167872e+00
8.540000e+02 -3.986810e+00 0.000000e+00 -2.097562e-01 -1.609613e+00 -2.167440e+00
8.560000e+02 -3.983266e+00 0.000000e+00 -2.102979e-01 -1.606000e+00 -2.166968e+00
8.580000e+02 -3.979697e+00 0.000000e+00 -2.108395e-01 -1.602402e+00 -2.166456e+00
8.600000e+02 -3.976103e+00 0.000000e+00 -2.113810e-01 -1.598818e+00 -2.165904e+00
8.620000e+02 -3.972485e+00 0.000000e+00 -2.119224e-01 -1.595250e+00 -2.165313e+00
8.640000e+02 -3.968843e+00 0.000000e+00 -2.124637e-01 -1.591696e+00 -2.164683e+00
8.660000e+02 -3.965178e+00 0.000000e+00 -2.130049e-01 -1.588158e+00 -2.164016e+00
8.680000e+02 -3.961490e+00 0.000000e+00 -2.135460e-01 -1.584633e+00 -2.163311e+00
8.700000e+02 -3.957780e+00 0.000000e+00 -2.140871e-01 -1.581124e+00 -2.162569e+00
8.720000e+02 -3.954047e+00 0.000000e+00 -2.146280e-01 -1.577629e+00 -2.161790e+00
8.740000e+02 -3.950294e+00 0.000000e+00 -2.151689e-01 -1.574149e+00 -2.160976e+00
8.760000e+02 -3.946519e+00 0.000000e+00 -2.157097e-01 -1.570683e+00 -2.160126e+00
8.780000e+02 -3.942723e+00 0.000000e+00 -2.162503e-01 -1.567231e+00 -2.159242e+00
8.800000e+02 -3.938907e+00 0.000000e+00 -2.167909e-01 -1.563793e+00 -2.158323e+00
8.820000e+02 -3.935072e+00 0.000000e+00 -2.173314e-01 -1.560370e+00 -2.157371e+00
8.840000e+02 -3.931217e+00 0.000000e+00 -2.178719e-01 -1.556960e+00 -2.156384e+00
8.860000e+02 -3.927343e+00 0.000000e+00 -2.184122e-01 -1.553565e+00 -2.155366e+00
8.880000e+02 -3.923450e+00 0.000000e+00 -2.189524e-01 -1.550184e+00 -2.154314e+00
8.900000e+02 -3.919540e+00 0.000000e+00 -2.194926e-01 -1.546816e+00 -2.153231e+00
8.920000e+02 -3.915611e+00 0.000000e+00 -2.200327e-01 -1.543462e+00 -2.152117e+00
8.940000e+02 -3.911666e+00 0.000000e+00 -2.205727e-01 -1.540122e+00 -2.150971e+00
8.960000e+02 -3.907703e+00 0.000000e+00 -2.211126e-01 -1.536796e+00 -2.149795e+00
8.980000e+02 -3.903724e+00 0.000000e+00 -2.216524e-01 -1.533483e+00 -2.148589e+00
9.000000e+02 -3.899729e+00 0.000000e+00 -2.221921e-01 -1.530183e+00 -2.147354e+00
9.020000e+02 -3.895718e+00 0.000000e+00 -2.227318e-01 -1.526897e+00 -2.146089e+00
9.040000e+02 -3.891692e+00 0.000000e+00 -2.232714e-01 -1.523624e+00 -2.144796e+00
9.060000e+02 -3.887650e+00 0.000000e+00 -2.238108e-01 -1.520365e+00 -2.143475e+00
9.080000e+02 -3.883594e+00 0.000000e+00 -2.243502e-01 -1.517119e+00 -2.142126e+00
9.100000e+02 -3.879524e+00 0.000000e+00 -2.248896e-01 -1.513885e+00 -2.140749e+00
9.120000e+02 -3.875440e+00 0.000000e+00 -2.254288e-01 -1.510665e+00 -2.139346e+00
9.140000e+02 -3.871343e+00 0.000000e+00 -2.259680e-01 -1.507458e+00 -2.137917e+00
9.160000e+02 -3.867232e+00 0.000000e+00 -2.265071e-01 -1.504264e+00 -2.136461e+00
9.180000e+02 -3.863109e+00 0.000000e+00 -2.270461e-01 -1.501082e+00 -2.134980e+00
9.200000e+02 -3.858973e+00 0.000000e+00 -2.275850e-01 -1.497913e+00 -2.133474e+00
9.220000e+02 -3.854825e+00 0.000000e+00 -2.281239e-01 -1.494757e+00 -2.131944e+00
9.240000e+02 -3.850665e+00 0.000000e+00 -2.286626e-01 -1.491614e+00 -2.130389e+00
9.260000e+02 -3.846494e+00 0.000000e+00 -2.292013e-01 -1.488483e+00 -2.128810e+00
9.280000e+02 -3.842312e+00 0.000000e+00 -2.297399e-01 -1.485365e+00 -2.127207e+00
9.300000e+02 -3.838119e+00 0.000000e+00 -2.302785e-01 -1.482259e+00 -2.125582e+00
9.320000e+02 -3.833916e+00 0.000000e+00 -2.308169e-01 -1.479165e+00 -2.123934e+00
9.340000e+02 -3.829703e+00 0.000000e+00 -2.313553e-01 -1.476084e+00 -2.122264e+00
9.360000e+02 -3.825480e+00 0.000000e+00 -2.318936e-01 -1.473015e+00 -2.120571e+00
9.380000e+02 -3.821248e+00 0.000000e+00 -2.324318e-01 -1.469958e+00 -2.118858e+00
9.400000e+02 -3.817006e+00 0.000000e+00 -2.329700e-01 -1.466913e+00 -2.117123e+00
9.420000e+02 -3.812756e+00 0.000000e+00 -2.335081e-01 -1.463880e+00 -2.115367e+00
9.440000e+02 -3.808497e+00 0.000000e+00 -2.340461e-01 -1.460860e+00 -2.113591e+00
9.460000e+02 -3.804230e+00 0.000000e+00 -2.345840e-01 -1.457851e+00 -2.111795e+00
9.480000e+02 -3.799955e+00 0.000000e+00 -2.351219e-01 -1.454853e+00 -2.109980e+00
9.500000e+02 -3.795673e+00 0.000000e+00 -2.356597e-01 -1.451868e+00 -2.108145e+00
9.520000e+02 -3.791383e+00 0.000000e+00 -2.361974e-01 -1.448894e+00 -2.106291e+00
9.540000e+02 -3.787086e+00 0.000000e+00 -2.367350e-01 -1.445932e+00 -2.104419e+00
9.560000e+02 -3.782783e+00 0.000000e+00 -2.372726e-01 -1.442982e+00 -2.102528e+00
9.580000e+02 -3.778473e+00 0.000000e+00 -2.378101e-01 -1.440043e+00 -2.100620e+00
9.600000e+02 -3.774157e+00 0.000000e+00 -2.383475e-01 -1.437115e+00 -2.098694e+00
9.620000e+02 -3.769835e+00 0.000000e+00 -2.388849e-01 -1.434199e+00 -2.096751e+00
9.640000e+02 -3.765507e+00 0.000000e+00 -2.394222e-01 -1.431295e+00 -2.094791e+00
9.660000e+02 -3.761175e+00 0.000000e+00 -2.399594e-01 -1.428401e+00 -2.092814e+00
9.680000e+02 -3.756837e+00 0.000000e+00 -2.404965e-01 -1.425519e+00 -2.090821e+00
9.700000e+02 -3.752494e+00 0.000000e+00 -2.410336e-01 -1.422648e+00 -2.088813e+00
9.720000e+02 -3.748146e+00 0.000000e+00 -2.415706e-01 -1.419788e+00 -2.086788e+00
9.740000e+02 -3.743795e+00 0.000000e+00 -2.421075e-01 -1.416938e+00 -2.084749e+00
9.760000e+02 -3.739439e+00 0.000000e+00 -2.426444e-01 -1.414100e+00 -2.082694e+00
9.780000e+02 -3.735079e+00 0.000000e+00 -2.431812e-01 -1.411273e+00 -2.080625e+00
9.800000e+02 -3.730716e+00 0.000000e+00 -2.437179e-01 -1.408457e+00 -2.078541e+00
9.820000e+02 -3.726349e+00 0.000000e+00 -2.442546e-01 -1.405651e+00 -2.076443e+00
9.840000e+02 -3.721980e+00 0.000000e+00 -2.447912e-01 -1.402857e+00 -2.074332e+00
9.860000e+02 -3.717607e+00 0.000000e+00 -2.453277e-01 -1.400073e+00 -2.072207e+00
9.880000e+02 -3.713232e+00 0.000000e+00 -2.458642e-01 -1.397299e+00 -2.070069e+00
9.900000e+02 -3.708854e+00 0.000000e+00 -2.464006e-01 -1.394536e+00 -2.067918e+00
9.920000e+02 -3.704475e+00 0.000000e+00 -2.469369e-01 -1.391784e+00 -2.065754e+00
9.940000e+02 -3.700093e+00 0.000000e+00 -2.474732e-01 -1.389042e+00 -2.063578e+00
9.960000e+02 -3.695709e+00 0.000000e+00 -2.480094e-01 -1.386310e+00 -2.061390e+00
9.980000e+02 -3.691324e+00 0.000000e+00 -2.485455e-01 -1.383589e+00 -2.059189e+00
1.000000e+03 -3.686938e+00 0.000000e+00 -2.490816e-01 -1.380878e+00 -2.056978e+00
1.002000e+03 -3.682550e+00 0.000000e+00 -2.496176e-01 -1.378178e+00 -2.054755e+00
1.004000e+03 -3.678162e+00 0.000000e+00 -2.501535e-01 -1.375487e+00 -2.052521e+00
1.006000e+03 -3.673772e+00 0.000000e+00 -2.506894e-01 -1.372807e+00 -2.050276e+00
1.008000e+03 -3.669383e+00 0.000000e+00 -2.512252e-01 -1.370137e+00 -2.048021e+00
1.010000e+03 -3.664992e+00 0.000000e+00 -2.517610e-01 -1.367476e+00 -2.045755e+00
1.012000e+03 -3.660602e+00 0.000000e+00 -2.522966e-01 -1.364826e+00 -2.043480e+00
1.014000e+03 -3.656212e+00 0.000000e+00 -2.528323e-01 -1.362186e+00 -2.041194e+00
1.016000e+03 -3.651822e+00 0.000000e+00 -2.533678e-01 -1.359555e+00 -2.038899e+00
1.018000e+03 -3.647432e+00 0.000000e+00 -2.539033e-01 -1.356934e+00 -2.036595e+00
1.020000e+03 -3.643043e+00 0.000000e+00 -2.544388e-01 -1.354323e+00 -2.034281e+00
1.022000e+03 -3.638655e+00 0.000000e+00 -2.549742e-01 -1.351722e+00 -2.031959e+00
1.024000e+03 -3.634268e+00 0.000000e+00 -2.555095e-01 -1.349131e+00 -2.029628e+00
1.026000e+03 -3.629882e+00 0.000000e+00 -2.560447e-01 -1.346549e+00 -2.027288e+00
1.028000e+03 -3.625497e+00 0.000000e+00 -2.565799e-01 -1.343976e+00 -2.024940e+00
1.030000e+03 -3.621113e+00 0.000000e+00 -2.571151e-01 -1.341413e+00 -2.022585e+00
1.032000e+03 -3.616731e+00 0.000000e+00 -2.576502e-01 -1.338860e+00 -2.020221e+00
1.034000e+03 -3.612351e+00 0.000000e+00 -2.581852e-01 -1.336316e+00 -2.017850e+00
1.036000e+03 -3.607973e+00 0.000000e+00 -2.587201e-01 -1.333781e+00 -2.015471e+00
1.038000e+03 -3.603597e+00 0.000000e+00 -2.592550e-01 -1.331256e+00 -2.013086e+00
1.040000e+03 -3.599223e+00 0.000000e+00 -2.597899e-01 -1.328740e+00 -2.010693e+00
1.042000e+03 -3.594851e+00 0.000000e+00 -2.603247e-01 -1.326233e+00 -2.008294e+00
1.044000e+03 -3.590483e+00 0.000000e+00 -2.608594e-01 -1.323735e+00 -2.005888e+00
1.046000e+03 -3.586116e+00 0.000000e+00 -2.613941e-01 -1.321247e+00 -2.003475e+00
1.048000e+03 -3.581753e+00 0.000000e+00 -2.619287e-01 -1.318767e+00 -2.001057e+00
1.050000e+03 -3.577392e+00 0.000000e+00 -2.624632e-01 -1.316297e+00 -1.998632e+00
1.052000e+03 -3.573035e+00 0.000000e+00 -2.629977e-01 -1.313835e+00 -1.996202e+00
1.054000e+03 -3.568681e+00 0.000000e+00 -2.635322e-01 -1.311383e+00 -1.993766e+00
1.056000e+03 -3.564330e+00 0.000000e+00 -2.640666e-01 -1.308939e+00 -1.991324e+00
1.058000e+03 -3.559983e+00 0.000000e+00 -2.646009e-01 -1.306504e+00 -1.988878e+00
1.060000e+03 -3.555639e+00 0.000000e+00 -2.651352e-01 -1.304078e+00 -1.986426e+00
1.062000e+03 -3.551299e+00 0.000000e+00 -2.656694e-01 -1.301661e+00 -1.983969e+00
1.064000e+03 -3.546963e+00 0.000000e+00 -2.662036e-01 -1.299252e+00 -1.981507e+00
1.066000e+03 -3.542631e+00 0.000000e+00 -2.667377e-01 -1.296852e+00 -1.979041e+00
1.068000e+03 -3.538303e+00 0.000000e+00 -2.672717e-01 -1.294461e+00 -1.976570e+00
1.070000e+03 -3.533979e+00 0.000000e+00 -2.678057e-01 -1.292078e+00 -1.974095e+00
1.072000e+03 -3.529660e+00 0.000000e+00 -2.683397e-01 -1.289704e+00 -1.971616e+00
1.074000e+03 -3.525345e+00 0.000000e+00 -2.688736e-01 -1.287338e+00 -1.969133e+00
1.076000e+03 -3.521035e+00 0.000000e+00 -2.694074e-01 -1.284981e+00 -1.966646e+00
1.078000e+03 -3.516729e+00 0.000000e+00 -2.699412e-01 -1.282632e+00 -1.964156e+00
1.080000e+03 -3.512428e+00 0.000000e+00 -2.704749e-01 -1.280291e+00 -1.961662e+00
1.082000e+03 -3.508132e+00 0.000000e+00 -2.710086e-01 -1.277959e+00 -1.959164e+00
1.084000e+03 -3.503841e+00 0.000000e+00 -2.715422e-01 -1.275635e+00 -1.956664e+00
1.086000e+03 -3.499555e+00 0.000000e+00 -2.720758e-01 -1.273319e+00 -1.954160e+00
1.088000e+03 -3.495275e+00 0.000000e+00 -2.726093e-01 -1.271012e+00 -1.951653e+00
1.090000e+03 -3.490999e+00 0.000000e+00 -2.731428e-01 -1.268713e+00 -1.949144e+00
1.092000e+03 -3.486729e+00 0.000000e+00 -2.736762e-01 -1.266421e+00 -1.946632e+00
1.094000e+03 -3.482465e+00 0.000000e+00 -2.742096e-01 -1.264138e+00 -1.944117e+00
1.096000e+03 -3.478206e+00 0.000000e+00 -2.747429e-01 -1.261863e+00 -1.941600e+00
1.098000e+03 -3.473953e+00 0.000000e+00 -2.752762e-01 -1.259596e+00 -1.939081e+00
1.100000e+03 -3.469705e+00 0.000000e+00 -2.758094e-01 -1.257336e+00 -1.936560e+00
1.102000e+03 -3.465464e+00 0.000000e+00 -2.763425e-01 -1.255085e+00 -1.934036e+00
1.104000e+03 -3.461228e+00 0.000000e+00 -2.768757e-01 -1.252841e+00 -1.931511e+00
1.106000e+03 -3.456998e+00 0.000000e+00 -2.774087e-01 -1.250606e+00 -1.928984e+00
1.108000e+03 -3.452775e+00 0.000000e+00 -2.779417e-01 -1.248378e+00 -1.926455e+00
1.110000e+03 -3.448557e+00 0.000000e+00 -2.784747e-01 -1.246158e+00 -1.923925e+00
1.112000e+03 -3.444346e+00 0.000000e+00 -2.790076e-01 -1.243945e+00 -1.921393e+00
1.114000e+03 -3.440141e+00 0.000000e+00 -2.795405e-01 -1.241741e+00 -1.918860e+00
1.116000e+03 -3.435943e+00 0.000000e+00 -2.800733e-01 -1.239543e+00 -1.916326e+00
1.118000e+03 -3.431751e+00 0.000000e+00 -2.806061e-01 -1.237354e+00 -1.913791e+00
1.120000e+03 -3.427565e+00 0.000000e+00 -2.811388e-01 -1.235172e+00 -1.911255e+00
1.122000e+03 -3.423386e+00 0.000000e+00 -2.816715e-01 -1.232997e+00 -1.908718e+00
1.124000e+03 -3.419214e+00 0.000000e+00 -2.822041e-01 -1.230830e+00 -1.906180e+00
1.126000e+03 -3.415049e+00 0.000000e+00 -2.827367e-01 -1.228671e+00 -1.903641e+00
1.128000e+03 -3.410890e+00 0.000000e+00 -2.832692e-01 -1.226519e+00 -1.901102e+00
1.130000e+03 -3.406739e+00 0.000000e+00 -2.838017e-01 -1.224374e+00 -1.898563e+00
1.132000e+03 -3.402594e+00 0.000000e+00 -2.843341e-01 -1.222236e+00 -1.896023e+00
1.134000e+03 -3.398456e+00 0.000000e+00 -2.848665e-01 -1.220106e+00 -1.893483e+00
1.136000e+03 -3.394325e+00 0.000000e+00 -2.853989e-01 -1.217983e+00 -1.890943e+00
1.138000e+03 -3.390202e+00 0.000000e+00 -2.859312e-01 -1.215868e+00 -1.888403e+00
1.140000e+03 -3.386085e+00 0.000000e+00 -2.864634e-01 -1.213759e+00 -1.885863e+00
1.142000e+03 -3.381976e+00 0.000000e+00 -2.869956e-01 -1.211658e+00 -1.883323e+00
1.144000e+03 -3.377874e+00 0.000000e+00 -2.875278e-01 -1.209564e+00 -1.880783e+00
1.146000e+03 -3.373780e+00 0.000000e+00 -2.880599e-01 -1.207477e+00 -1.878243e+00
1.148000e+03 -3.369693e+00 0.000000e+00 -2.885920e-01 -1.205397e+00 -1.875704e+00
1.150000e+03 -3.365613e+00 0.000000e+00 -2.891240e-01 -1.203323e+00 -1.873166e+00
1.152000e+03 -3.361541e+00 0.000000e+00 -2.896560e-01 -1.201257e+00 -1.870628e+00
1.154000e+03 -3.357476e+00 0.000000e+00 -2.901879e-01 -1.199198e+00 -1.868090e+00
1.156000e+03 -3.353419e+00 0.000000e+00 -2.907198e-01 -1.197146e+00 -1.865553e+00
1.158000e+03 -3.349370e+00 0.000000e+00 -2.912516e-01 -1.195101e+00 -1.863017e+00
1.160000e+03 -3.345328e+00 0.000000e+00 -2.917834e-01 -1.193062e+00 -1.860482e+00
1.162000e+03 -3.341294e+00 0.000000e+00 -2.923152e-01 -1.191031e+00 -1.857948e+00
1.164000e+03 -3.337268e+00 0.000000e+00 -2.928469e-01 -1.189006e+00 -1.855415e+00
1.166000e+03 -3.333250e+00 0.000000e+00 -2.933786e-01 -1.186988e+00 -1.852883e+00
1.168000e+03 -3.329239e+00 0.000000e+00 -2.939102e-01 -1.184976e+00 -1.850353e+00
1.170000e+03 -3.325236e+00 0.000000e+00 -2.944418e-01 -1.182971e+00 -1.847823e+00
1.172000e+03 -3.321242e+00 0.000000e+00 -2.949733e-01 -1.180973e+00 -1.845295e+00
1.174000e+03 -3.317255e+00 0.000000e+00 -2.955048e-01 -1.178982e+00 -1.842768e+00
1.176000e+03 -3.313276e+00 0.000000e+00 -2.960363e-01 -1.176997e+00 -1.840243e+00
1.178000e+03 -3.309305e+00 0.000000e+00 -2.965677e-01 -1.175019e+00 -1.837719e+00
1.180000e+03 -3.305343e+00 0.000000e+00 -2.970991e-01 -1.173047e+00 -1.835197e+00
1.182000e+03 -3.301388e+00 0.000000e+00 -2.976304e-01 -1.171082e+00 -1.832676e+00
1.184000e+03 -3.297442e+00 0.000000e+00 -2.981617e-01 -1.169123e+00 -1.830157e+00
1.186000e+03 -3.293503e+00 0.000000e+00 -2.986930e-01 -1.167170e+00 -1.827640e+00
1.188000e+03 -3.289573e+00 0.000000e+00 -2.992242e-01 -1.165224e+00 -1.825125e+00
1.190000e+03 -3.285651e+00 0.000000e+00 -2.997553e-01 -1.163285e+00 -1.822611e+00
1.192000e+03 -3.281738e+00 0.000000e+00 -3.002864e-01 -1.161351e+00 -1.820100e+00
1.194000e+03 -3.277833e+00 0.000000e+00 -3.008175e-01 -1.159424e+00 -1.817591e+00
1.196000e+03 -3.273936e+00 0.000000e+00 -3.013486e-01 -1.157504e+00 -1.815083e+00
1.198000e+03 -3.270047e+00 0.000000e+00 -3.018796e-01 -1.155589e+00 -1.812578e+00
1.200000e+03 -3.266167e+00 0.000000e+00 -3.024105e-01 -1.153681e+00 -1.810075e+00
1.202000e+03 -3.262295e+00 0.000000e+00 -3.029415e-01 -1.151779e+00 -1.807574e+00
1.204000e+03 -3.258431e+00 0.000000e+00 -3.034723e-01 -1.149883e+00 -1.805076e+00
1.206000e+03 -3.254576e+00 0.000000e+00 -3.040032e-01 -1.147993e+00 -1.802580e+00
1.208000e+03 -3.250729e+00 0.000000e+00 -3.045340e-01 -1.146110e+00 -1.800086e+00
1.210000e+03 -3.246891e+00 0.000000e+00 -3.050647e-01 -1.144232e+00 -1.797594e+00
1.212000e+03 -3.243062e+00 0.000000e+00 -3.055955e-01 -1.142361e+00 -1.795106e+00
1.214000e+03 -3.239240e+00 0.000000e+00 -3.061262e-01 -1.140495e+00 -1.792619e+00
1.216000e+03 -3.235428e+00 0.000000e+00 -3.066568e-01 -1.138635e+00 -1.790136e+00
1.218000e+03 -3.231624e+00 0.000000e+00 -3.071874e-01 -1.136782e+00 -1.787654e+00
1.220000e+03 -3.227828e+00 0.000000e+00 -3.077180e-01 -1.134934e+00 -1.785176e+00
1.222000e+03 -3.224041e+00 0.000000e+00 -3.082485e-01 -1.133093e+00 -1.782700e+00
1.224000e+03 -3.220263e+00 0.000000e+00 -3.087790e-01 -1.131257e+00 -1.780227e+00
1.226000e+03 -3.216493e+00 0.000000e+00 -3.093094e-01 -1.129427e+00 -1.777757e+00
1.228000e+03 -3.212732e+00 0.000000e+00 -3.098399e-01 -1.127603e+00 -1.775290e+00
1.230000e+03 -3.208980e+00 0.000000e+00 -3.103702e-01 -1.125784e+00 -1.772825e+00
1.232000e+03 -3.205236e+00 0.000000e+00 -3.109006e-01 -1.123972e+00 -1.770364e+00
1.234000e+03 -3.201501e+00 0.000000e+00 -3.114309e-01 -1.122165e+00 -1.767905e+00
1.236000e+03 -3.197774e+00 0.000000e+00 -3.119612e-01 -1.120364e+00 -1.765449e+00
1.238000e+03 -3.194056e+00 0.000000e+00 -3.124914e-01 -1.118568e+00 -1.762997e+00
1.240000e+03 -3.190347e+00 0.000000e+00 -3.130216e-01 -1.116778e+00 -1.760547e+00
1.242000e+03 -3.186647e+00 0.000000e+00 -3.135517e-01 -1.114994e+00 -1.758101e+00
1.244000e+03 -3.182955e+00 0.000000e+00 -3.140818e-01 -1.113216e+00 -1.755658e+00
1.246000e+03 -3.179272e+00 0.000000e+00 -3.146119e-01 -1.111443e+00 -1.753217e+00
1.248000e+03 -3.175598e+00 0.000000e+00 -3.151420e-01 -1.109675e+00 -1.750781e+00
1.250000e+03 -3.171932e+00 0.000000e+00 -3.156720e-01 -1.107914e+00 -1.748347e+00
1.252000e+03 -3.168276e+00 0.000000e+00 -3.162020e-01 -1.106157e+00 -1.745917e+00
1.254000e+03 -3.164628e+00 0.000000e+00 -3.167319e-01 -1.104406e+00 -1.743489e+00
1.256000e+03 -3.160988e+00 0.000000e+00 -3.172618e-01 -1.102661e+00 -1.741066e+00
1.258000e+03 -3.157358e+00 0.000000e+00 -3.177917e-01 -1.100921e+00 -1.738645e+00
1.260000e+03 -3.153736e+00 0.000000e+00 -3.183215e-01 -1.099186e+00 -1.736228e+00
1.262000e+03 -3.150123e+00 0.000000e+00 -3.188513e-01 -1.097457e+00 -1.733815e+00
1.264000e+03 -3.146519e+00 0.000000e+00 -3.193811e-01 -1.095733e+00 -1.731405e+00
1.266000e+03 -3.142924e+00 0.000000e+00 -3.199108e-01 -1.094015e+00 -1.728998e+00
1.268000e+03 -3.139337e+00 0.000000e+00 -3.204405e-01 -1.092302e+00 -1.726595e+00
1.270000e+03 -3.135759e+00 0.000000e+00 -3.209701e-01 -1.090594e+00 -1.724195e+00
1.272000e+03 -3.132190e+00 0.000000e+00 -3.214998e-01 -1.088891e+00 -1.721799e+00
1.274000e+03 -3.128630e+00 0.000000e+00 -3.220294e-01 -1.087194e+00 -1.719407e+00
1.276000e+03 -3.125079e+00 0.000000e+00 -3.225589e-01 -1.085502e+00 -1.717018e+00
1.278000e+03 -3.121536e+00 0.000000e+00 -3.230884e-01 -1.083815e+00 -1.714633e+00
1.280000e+03 -3.118002e+00 0.000000e+00 -3.236179e-01 -1.082133e+00 -1.712251e+00
1.282000e+03 -3.114477e+00 0.000000e+00 -3.241474e-01 -1.080457e+00 -1.709873e+00
1.284000e+03 -3.110961e+00 0.000000e+00 -3.246768e-01 -1.078785e+00 -1.707499e+00
1.286000e+03 -3.107453e+00 0.000000e+00 -3.252062e-01 -1.077119e+00 -1.705128e+00
1.288000e+03 -3.103954e+00 0.000000e+00 -3.257355e-01 -1.075457e+00 -1.702762e+00
1.290000e+03 -3.100464e+00 0.000000e+00 -3.262649e-01 -1.073801e+00 -1.700399e+00
1.292000e+03 -3.096983e+00 0.000000e+00 -3.267941e-01 -1.072150e+00 -1.698039e+00
1.294000e+03 -3.093511e+00 0.000000e+00 -3.273234e-01 -1.070504e+00 -1.695684e+00
1.296000e+03 -3.090047e+00 0.000000e+00 -3.278526e-01 -1.068862e+00 -1.693332e+00
1.298000e+03 -3.086592e+00 0.000000e+00 -3.283818e-01 -1.067226e+00 -1.690984e+00
1.300000e+03 -3.083146e+00 0.000000e+00 -3.289110e-01 -1.065595e+00 -1.688641e+00
1.302000e+03 -3.079709e+00 0.000000e+00 -3.294401e-01 -1.063968e+00 -1.686300e+00
1.304000e+03 -3.076280e+00 0.000000e+00 -3.299692e-01 -1.062347e+00 -1.683964e+00
1.306000e+03 -3.072861e+00 0.000000e+00 -3.304982e-01 -1.060730e+00 -1.681632e+00
1.308000e+03 -3.069449e+00 0.000000e+00 -3.310273e-01 -1.059119e+00 -1.679304e+00
1.310000e+03 -3.066047e+00 0.000000e+00 -3.315563e-01 -1.057512e+00 -1.676979e+00
1.312000e+03 -3.062654e+00 0.000000e+00 -3.320852e-01 -1.055909e+00 -1.674659e+00
1.314000e+03 -3.059269e+00 0.000000e+00 -3.326142e-01 -1.054312e+00 -1.672342e+00
1.316000e+03 -3.055892e+00 0.000000e+00 -3.331431e-01 -1.052720e+00 -1.670030e+00
1.318000e+03 -3.052525e+00 0.000000e+00 -3.336719e-01 -1.051132e+00 -1.667721e+00
1.320000e+03 -3.049166e+00 0.000000e+00 -3.342008e-01 -1.049549e+00 -1.665417e+00
1.322000e+03 -3.045816e+00 0.000000e+00 -3.347296e-01 -1.047970e+00 -1.663116e+00
1.324000e+03 -3.042475e+00 0.000000e+00 -3.352584e-01 -1.046397e+00 -1.660820e+00
1.326000e+03 -3.039142e+00 0.000000e+00 -3.357871e-01 -1.044828e+00 -1.658527e+00
1.328000e+03 -3.035818e+00 0.000000e+00 -3.363158e-01 -1.043263e+00 -1.656239e+00
1.330000e+03 -3.032503e+00 0.000000e+00 -3.368445e-01 -1.041704e+00 -1.653955e+00
1.332000e+03 -3.029196e+00 0.000000e+00 -3.373732e-01 -1.040149e+00 -1.651675e+00
1.334000e+03 -3.025898e+00 0.000000e+00 -3.379018e-01 -1.038598e+00 -1.649398e+00
1.336000e+03 -3.022609e+00 0.000000e+00 -3.384304e-01 -1.037052e+00 -1.647126e+00
1.338000e+03 -3.019328e+00 0.000000e+00 -3.389589e-01 -1.035511e+00 -1.644859e+00
1.340000e+03 -3.016056e+00 0.000000e+00 -3.394875e-01 -1.033974e+00 -1.642595e+00
1.342000e+03 -3.012793e+00 0.000000e+00 -3.400160e-01 -1.032441e+00 -1.640335e+00
1.344000e+03 -3.009538e+00 0.000000e+00 -3.405445e-01 -1.030914e+00 -1.638080e+00
1.346000e+03 -3.006291e+00 0.000000e+00 -3.410729e-01 -1.029390e+00 -1.635828e+00
1.348000e+03 -3.003054e+00 0.000000e+00 -3.416013e-01 -1.027871e+00 -1.633581e+00
1.350000e+03 -2.999824e+00 0.000000e+00 -3.421297e-01 -1.026357e+00 -1.631338e+00
1.352000e+03 -2.996604e+00 0.000000e+00 -3.426581e-01 -1.024847e+00 -1.629099e+00
1.354000e+03 -2.993392e+00 0.000000e+00 -3.431864e-01 -1.023341e+00 -1.626864e+00
1.356000e+03 -2.990188e+00 0.000000e+00 -3.437147e-01 -1.021840e+00 -1.624634e+00
1.358000e+03 -2.986993e+00 0.000000e+00 -3.442430e-01 -1.020343e+00 -1.622408e+00
1.360000e+03 -2.983807e+00 0.000000e+00 -3.447712e-01 -1.018850e+00 -1.620186e+00
1.362000e+03 -2.980629e+00 0.000000e+00 -3.452994e-01 -1.017362e+00 -1.617968e+00
1.364000e+03 -2.977459e+00 0.000000e+00 -3.458276e-01 -1.015878e+00 -1.615754e+00
1.366000e+03 -2.974298e+00 0.000000e+00 -3.463558e-01 -1.014398e+00 -1.613544e+00
1.368000e+03 -2.971145e+00 0.000000e+00 -3.468839e-01 -1.012922e+00 -1.611339e+00
1.370000e+03 -2.968001e+00 0.000000e+00 -3.474120e-01 -1.011451e+00 -1.609138e+00
1.372000e+03 -2.964866e+00 0.000000e+00 -3.479401e-01 -1.009984e+00 -1.606941e+00
1.374000e+03 -2.961738e+00 0.000000e+00 -3.484681e-01 -1.008521e+00 -1.604749e+00
1.376000e+03 -2.958619e+00 0.000000e+00 -3.489961e-01 -1.007063e+00 -1.602561e+00
1.378000e+03 -2.955509e+00 0.000000e+00 -3.495241e-01 -1.005608e+00 -1.600376e+00
1.380000e+03 -2.952407e+00 0.000000e+00 -3.500521e-01 -1.004158e+00 -1.598197e+00
1.382000e+03 -2.949313e+00 0.000000e+00 -3.505800e-01 -1.002712e+00 -1.596021e+00
1.384000e+03 -2.946228e+00 0.000000e+00 -3.511079e-01 -1.001270e+00 -1.593850e+00
1.386000e+03 -2.943150e+00 0.000000e+00 -3.516358e-01 -9.998320e-01 -1.591683e+00
1.388000e+03 -2.940082e+00 0.000000e+00 -3.521636e-01 -9.983982e-01 -1.589520e+00
1.390000e+03 -2.937021e+00 0.000000e+00 -3.526915e-01 -9.969684e-01 -1.587361e+00
1.392000e+03 -2.933969e+00 0.000000e+00 -3.532193e-01 -9.955427e-01 -1.585207e+00
1.394000e+03 -2.930925e+00 0.000000e+00 -3.537470e-01 -9.941211e-01 -1.583057e+00
1.396000e+03 -2.927889e+00 0.000000e+00 -3.542748e-01 -9.927034e-01 -1.580911e+00
1.398000e+03 -2.924862e+00 0.000000e+00 -3.548025e-01 -9.912898e-01 -1.578770e+00
1.400000e+03 -2.921843e+00 0.000000e+00 -3.553302e-01 -9.898802e-01 -1.576633e+00
1.402000e+03 -2.918832e+00 0.000000e+00 -3.558579e-01 -9.884745e-01 -1.574500e+00
1.404000e+03 -2.915829e+00 0.000000e+00 -3.563855e-01 -9.870728e-01 -1.572371e+00
1.406000e+03 -2.912835e+00 0.000000e+00 -3.569131e-01 -9.856750e-01 -1.570247e+00
1.408000e+03 -2.909848e+00 0.000000e+00 -3.574407e-01 -9.842811e-01 -1.568126e+00
1.410000e+03 -2.906870e+00 0.000000e+00 -3.579683e-01 -9.828912e-01 -1.566011e+00
1.412000e+03 -2.903900e+00 0.000000e+00 -3.584958e-01 -9.815051e-01 -1.563899e+00
1.414000e+03 -2.900938e+00 0.000000e+00 -3.590233e-01 -9.801229e-01 -1.561792e+00
1.416000e+03 -2.897984e+00 0.000000e+00 -3.595508e-01 -9.787446e-01 -1.559689e+00
1.418000e+03 -2.895038e+00 0.000000e+00 -3.600782e-01 -9.773701e-01 -1.557590e+00
1.420000e+03 -2.892101e+00 0.000000e+00 -3.606057e-01 -9.759994e-01 -1.555496e+00
1.422000e+03 -2.889171e+00 0.000000e+00 -3.611331e-01 -9.746325e-01 -1.553405e+00
1.424000e+03 -2.886249e+00 0.000000e+00 -3.616605e-01 -9.732695e-01 -1.551319e+00
1.426000e+03 -2.883336e+00 0.000000e+00 -3.621878e-01 -9.719102e-01 -1.549238e+00
1.428000e+03 -2.880430e+00 0.000000e+00 -3.627152e-01 -9.705546e-01 -1.547160e+00
1.430000e+03 -2.877533e+00 0.000000e+00 -3.632425e-01 -9.692028e-01 -1.545087e+00
1.432000e+03 -2.874643e+00 0.000000e+00 -3.637697e-01 -9.678548e-01 -1.543018e+00
1.434000e+03 -2.871761e+00 0.000000e+00 -3.642970e-01 -9.665104e-01 -1.540954e+00
1.436000e+03 -2.868888e+00 0.000000e+00 -3.648242e-01 -9.651698e-01 -1.538894e+00
1.438000e+03 -2.866022e+00 0.000000e+00 -3.653514e-01 -9.638328e-01 -1.536837e+00
1.440000e+03 -2.863164e+00 0.000000e+00 -3.658786e-01 -9.624996e-01 -1.534786e+00
1.442000e+03 -2.860314e+00 0.000000e+00 -3.664058e-01 -9.611699e-01 -1.532738e+00
1.444000e+03 -2.857472e+00 0.000000e+00 -3.669329e-01 -9.598440e-01 -1.530695e+00
1.446000e+03 -2.854637e+00 0.000000e+00 -3.674600e-01 -9.585216e-01 -1.528656e+00
1.448000e+03 -2.851811e+00 0.000000e+00 -3.679871e-01 -9.572028e-01 -1.526621e+00
1.450000e+03 -2.848992e+00 0.000000e+00 -3.685142e-01 -9.558877e-01 -1.524590e+00
1.452000e+03 -2.846181e+00 0.000000e+00 -3.690412e-01 -9.545761e-01 -1.522564e+00
1.454000e+03 -2.843378e+00 0.000000e+00 -3.695682e-01 -9.532681e-01 -1.520542e+00
1.456000e+03 -2.840583e+00 0.000000e+00 -3.700952e-01 -9.519637e-01 -1.518524e+00
1.458000e+03 -2.837796e+00 0.000000e+00 -3.706222e-01 -9.506628e-01 -1.516511e+00
1.460000e+03 -2.835016e+00 0.000000e+00 -3.711491e-01 -9.493654e-01 -1.514501e+00
1.462000e+03 -2.832244e+00 0.000000e+00 -3.716760e-01 -9.480715e-01 -1.512496e+00
1.464000e+03 -2.829479e+00 0.000000e+00 -3.722029e-01 -9.467812e-01 -1.510495e+00
1.466000e+03 -2.826722e+00 0.000000e+00 -3.727298e-01 -9.454943e-01 -1.508498e+00
1.468000e+03 -2.823973e+00 0.000000e+00 -3.732567e-01 -9.442109e-01 -1.506506e+00
1.470000e+03 -2.821232e+00 0.000000e+00 -3.737835e-01 -9.429309e-01 -1.504517e+00
1.472000e+03 -2.818498e+00 0.000000e+00 -3.743103e-01 -9.416544e-01 -1.502533e+00
1.474000e+03 -2.815772e+00 0.000000e+00 -3.748371e-01 -9.403813e-01 -1.500553e+00
1.476000e+03 -2.813053e+00 0.000000e+00 -3.753638e-01 -9.391116e-01 -1.498578e+00
1.478000e+03 -2.810342e+00 0.000000e+00 -3.758906e-01 -9.378453e-01 -1.496606e+00
1.480000e+03 -2.807639e+00 0.000000e+00 -3.764173e-01 -9.365825e-01 -1.494639e+00
1.482000e+03 -2.804943e+00 0.000000e+00 -3.769440e-01 -9.353229e-01 -1.492676e+00
1.484000e+03 -2.802254e+00 0.000000e+00 -3.774706e-01 -9.340668e-01 -1.490717e+00
1.486000e+03 -2.799573e+00 0.000000e+00 -3.779973e-01 -9.328140e-01 -1.488762e+00
1.488000e+03 -2.796900e+00 0.000000e+00 -3.785239e-01 -9.315645e-01 -1.486811e+00
1.490000e+03 -2.794234e+00 0.000000e+00 -3.790505e-01 -9.303184e-01 -1.484865e+00
1.492000e+03 -2.791575e+00 0.000000e+00 -3.795771e-01 -9.290755e-01 -1.482923e+00
1.494000e+03 -2.788924e+00 0.000000e+00 -3.801036e-01 -9.278360e-01 -1.480984e+00
1.496000e+03 -2.786280e+00 0.000000e+00 -3.806302e-01 -9.265997e-01 -1.479050e+00
1.498000e+03 -2.783644e+00 0.000000e+00 -3.811567e-01 -9.253667e-01 -1.477120e+00
1.500000e+03 -2.781015e+00 0.000000e+00 -3.816832e-01 -9.241370e-01 -1.475195e+00
1.502000e+03 -2.778393e+00 0.000000e+00 -3.822096e-01 -9.229105e-01 -1.473273e+00
1.504000e+03 -2.775779e+00 0.000000e+00 -3.827361e-01 -9.216872e-01 -1.471355e+00
1.506000e+03 -2.773172e+00 0.000000e+00 -3.832625e-01 -9.204672e-01 -1.469442e+00
1.508000e+03 -2.770572e+00 0.000000e+00 -3.837889e-01 -9.192503e-01 -1.467533e+00
1.510000e+03 -2.767980e+00 0.000000e+00 -3.843153e-01 -9.180367e-01 -1.465628e+00
1.512000e+03 -2.765394e+00 0.000000e+00 -3.848416e-01 -9.168262e-01 -1.463727e+00
1.514000e+03 -2.762816e+00 0.000000e+00 -3.853680e-01 -9.156189e-01 -1.461830e+00
1.516000e+03 -2.760246e+00 0.000000e+00 -3.858943e-01 -9.144148e-01 -1.459937e+00
1.518000e+03 -2.757682e+00 0.000000e+00 -3.864206e-01 -9.132138e-01 -1.458048e+00
1.520000e+03 -2.755126e+00 0.000000e+00 -3.869469e-01 -9.120159e-01 -1.456163e+00
1.522000e+03 -2.752577e+00 0.000000e+00 -3.874731e-01 -9.108212e-01 -1.454282e+00
1.524000e+03 -2.750035e+00 0.000000e+00 -3.879994e-01 -9.096295e-01 -1.452406e+00
1.526000e+03 -2.747500e+00 0.000000e+00 -3.885256e-01 -9.084410e-01 -1.450533e+00
1.528000e+03 -2.744972e+00 0.000000e+00 -3.890518e-01 -9.072555e-01 -1.448665e+00
1.530000e+03 -2.742451e+00 0.000000e+00 -3.895779e-01 -9.060731e-01 -1.446800e+00
1.532000e+03 -2.739937e+00 0.000000e+00 -3.901041e-01 -9.048938e-01 -1.444940e+00
1.534000e+03 -2.737431e+00 0.000000e+00 -3.906302e-01 -9.037175e-01 -1.443083e+00
1.536000e+03 -2.734931e+00 0.000000e+00 -3.911563e-01 -9.025443e-01 -1.441231e+00
1.538000e+03 -2.732439e+00 0.000000e+00 -3.916824e-01 -9.013741e-01 -1.439382e+00
1.540000e+03 -2.729953e+00 0.000000e+00 -3.922085e-01 -9.002069e-01 -1.437538e+00
1.542000e+03 -2.727475e+00 0.000000e+00 -3.927345e-01 -8.990427e-01 -1.435697e+00
1.544000e+03 -2.725003e+00 0.000000e+00 -3.932606e-01 -8.978814e-01 -1.433861e+00
1.546000e+03 -2.722538e+00 0.000000e+00 -3.937866e-01 -8.967232e-01 -1.432029e+00
1.548000e+03 -2.720081e+00 0.000000e+00 -3.943125e-01 -8.955679e-01 -1.430200e+00
1.550000e+03 -2.717630e+00 0.000000e+00 -3.948385e-01 -8.944156e-01 -1.428376e+00
