1.000000e+02 2.087182e+00 2.554000e+00 -1.039470e-02 -4.005100e-01 -5.591291e-02
1.020000e+02 2.071525e+00 2.554000e+00 -1.072712e-02 -4.136147e-01 -5.813303e-02
1.040000e+02 2.055828e+00 2.554000e+00 -1.106063e-02 -4.267171e-01 -6.039388e-02
1.060000e+02 2.040109e+00 2.554000e+00 -1.139504e-02 -4.398008e-01 -6.269527e-02
1.080000e+02 2.024384e+00 2.554000e+00 -1.173018e-02 -4.528487e-01 -6.503697e-02
1.100000e+02 2.008672e+00 2.554000e+00 -1.206587e-02 -4.658435e-01 -6.741878e-02
1.120000e+02 1.992990e+00 2.554000e+00 -1.240194e-02 -4.787679e-01 -6.984047e-02
1.140000e+02 1.977356e+00 2.554000e+00 -1.273822e-02 -4.916039e-01 -7.230182e-02
1.160000e+02 1.961789e+00 2.554000e+00 -1.307457e-02 -5.043334e-01 -7.480259e-02
1.180000e+02 1.946309e+00 2.554000e+00 -1.341082e-02 -5.169381e-01 -7.734255e-02
1.200000e+02 1.930932e+00 2.554000e+00 -1.374683e-02 -5.293995e-01 -7.992145e-02
1.220000e+02 1.915680e+00 2.554000e+00 -1.408246e-02 -5.416988e-01 -8.253903e-02
1.240000e+02 1.900570e+00 2.554000e+00 -1.441757e-02 -5.538170e-01 -8.519505e-02
1.260000e+02 1.885624e+00 2.554000e+00 -1.475204e-02 -5.657350e-01 -8.788924e-02
1.280000e+02 1.870859e+00 2.554000e+00 -1.508572e-02 -5.774337e-01 -9.062134e-02
1.300000e+02 1.856297e+00 2.554000e+00 -1.541851e-02 -5.888937e-01 -9.339106e-02
1.320000e+02 1.841956e+00 2.554000e+00 -1.575029e-02 -6.000957e-01 -9.619812e-02
1.340000e+02 1.827857e+00 2.554000e+00 -1.608094e-02 -6.110202e-01 -9.904224e-02
1.360000e+02 1.814019e+00 2.554000e+00 -1.641036e-02 -6.216479e-01 -1.019231e-01
1.380000e+02 1.800462e+00 2.554000e+00 -1.673845e-02 -6.319594e-01 -1.048405e-01
1.400000e+02 1.787206e+00 2.554000e+00 -1.706512e-02 -6.419354e-01 -1.077940e-01
1.420000e+02 1.774270e+00 2.554000e+00 -1.739027e-02 -6.515567e-01 -1.107833e-01
1.440000e+02 1.761674e+00 2.554000e+00 -1.771381e-02 -6.608043e-01 -1.138082e-01
1.460000e+02 1.749437e+00 2.554000e+00 -1.803566e-02 -6.696594e-01 -1.168682e-01
1.480000e+02 1.737578e+00 2.554000e+00 -1.835575e-02 -6.781034e-01 -1.199631e-01
1.500000e+02 1.726116e+00 2.554000e+00 -1.867400e-02 -6.861180e-01 -1.230925e-01
1.520000e+02 1.715069e+00 2.554000e+00 -1.899034e-02 -6.936850e-01 -1.262560e-01
1.540000e+02 1.704455e+00 2.554000e+00 -1.930470e-02 -7.007868e-01 -1.294533e-01
1.560000e+02 1.694293e+00 2.554000e+00 -1.961703e-02 -7.074062e-01 -1.326841e-01
1.580000e+02 1.684599e+00 2.554000e+00 -1.992727e-02 -7.135263e-01 -1.359479e-01
1.600000e+02 1.675390e+00 2.554000e+00 -2.023536e-02 -7.191307e-01 -1.392444e-01
1.620000e+02 1.666682e+00 2.554000e+00 -2.054126e-02 -7.242035e-01 -1.425732e-01
1.640000e+02 1.658492e+00 2.554000e+00 -2.084491e-02 -7.287294e-01 -1.459338e-01
1.660000e+02 1.650834e+00 2.554000e+00 -2.114627e-02 -7.326937e-01 -1.493260e-01
1.680000e+02 1.643723e+00 2.554000e+00 -2.144531e-02 -7.360823e-01 -1.527492e-01
1.700000e+02 1.637173e+00 2.554000e+00 -2.174198e-02 -7.388819e-01 -1.562030e-01
1.720000e+02 1.631197e+00 2.554000e+00 -2.203626e-02 -7.410795e-01 -1.596871e-01
1.740000e+02 1.625808e+00 2.554000e+00 -2.232811e-02 -7.426634e-01 -1.632009e-01
1.760000e+02 1.621016e+00 2.554000e+00 -2.261750e-02 -7.436223e-01 -1.667441e-01
1.780000e+02 1.616834e+00 2.554000e+00 -2.290441e-02 -7.439457e-01 -1.703161e-01
1.800000e+02 1.613270e+00 2.554000e+00 -2.318882e-02 -7.436241e-01 -1.739166e-01
1.820000e+02 1.610336e+00 2.554000e+00 -2.347071e-02 -7.426488e-01 -1.775450e-01
1.840000e+02 1.608037e+00 2.554000e+00 -2.375005e-02 -7.410119e-01 -1.812008e-01
1.860000e+02 1.606383e+00 2.554000e+00 -2.402684e-02 -7.387064e-01 -1.848836e-01
1.880000e+02 1.605380e+00 2.554000e+00 -2.430106e-02 -7.357265e-01 -1.885929e-01
1.900000e+02 1.605032e+00 2.554000e+00 -2.457270e-02 -7.320669e-01 -1.923281e-01
1.920000e+02 1.605346e+00 2.554000e+00 -2.484175e-02 -7.277235e-01 -1.960887e-01
1.940000e+02 1.606324e+00 2.554000e+00 -2.510821e-02 -7.226931e-01 -1.998742e-01
1.960000e+02 1.607970e+00 2.554000e+00 -2.537206e-02 -7.169736e-01 -2.036842e-01
1.980000e+02 1.610285e+00 2.554000e+00 -2.563332e-02 -7.105637e-01 -2.075179e-01
2.000000e+02 1.613270e+00 2.554000e+00 -2.589197e-02 -7.034631e-01 -2.113749e-01
2.020000e+02 1.616925e+00 2.554000e+00 -2.614801e-02 -6.956724e-01 -2.152545e-01
2.040000e+02 1.621249e+00 2.554000e+00 -2.640145e-02 -6.871935e-01 -2.191563e-01
2.060000e+02 1.626239e+00 2.554000e+00 -2.665229e-02 -6.780288e-01 -2.230797e-01
2.080000e+02 1.631894e+00 2.554000e+00 -2.690054e-02 -6.681820e-01 -2.270239e-01
2.100000e+02 1.638208e+00 2.554000e+00 -2.714619e-02 -6.576575e-01 -2.309885e-01
2.120000e+02 1.645177e+00 2.554000e+00 -2.738927e-02 -6.464608e-01 -2.349728e-01
2.140000e+02 1.652796e+00 2.554000e+00 -2.762977e-02 -6.345981e-01 -2.389762e-01
2.160000e+02 1.661058e+00 2.554000e+00 -2.786770e-02 -6.220768e-01 -2.429980e-01
2.180000e+02 1.669955e+00 2.554000e+00 -2.810308e-02 -6.089047e-01 -2.470377e-01
2.200000e+02 1.679479e+00 2.554000e+00 -2.833592e-02 -5.950908e-01 -2.510945e-01
2.220000e+02 1.689621e+00 2.554000e+00 -2.856623e-02 -5.806447e-01 -2.551677e-01
2.240000e+02 1.700372e+00 2.554000e+00 -2.879402e-02 -5.655768e-01 -2.592568e-01
2.260000e+02 1.711721e+00 2.554000e+00 -2.901931e-02 -5.498983e-01 -2.633610e-01
2.280000e+02 1.723657e+00 2.554000e+00 -2.924210e-02 -5.336211e-01 -2.674796e-01
2.300000e+02 1.736168e+00 2.554000e+00 -2.946243e-02 -5.167577e-01 -2.716119e-01
2.320000e+02 1.749241e+00 2.554000e+00 -2.968030e-02 -4.993211e-01 -2.757572e-01
2.340000e+02 1.762864e+00 2.554000e+00 -2.989573e-02 -4.813251e-01 -2.799147e-01
2.360000e+02 1.777023e+00 2.554000e+00 -3.010873e-02 -4.627840e-01 -2.840838e-01
2.380000e+02 1.791705e+00 2.554000e+00 -3.031933e-02 -4.437125e-01 -2.882636e-01
2.400000e+02 1.806893e+00 2.554000e+00 -3.052755e-02 -4.241259e-01 -2.924534e-01
2.420000e+02 1.822574e+00 2.554000e+00 -3.073339e-02 -4.040398e-01 -2.966525e-01
2.440000e+02 1.838733e+00 2.554000e+00 -3.093689e-02 -3.834703e-01 -3.008600e-01
2.460000e+02 1.855353e+00 2.554000e+00 -3.113806e-02 -3.624337e-01 -3.050751e-01
2.480000e+02 1.872419e+00 2.554000e+00 -3.133692e-02 -3.409468e-01 -3.092971e-01
2.500000e+02 1.889915e+00 2.554000e+00 -3.153349e-02 -3.190263e-01 -3.135250e-01
2.520000e+02 1.907824e+00 2.554000e+00 -3.172780e-02 -2.966896e-01 -3.177582e-01
2.540000e+02 1.926131e+00 2.554000e+00 -3.191985e-02 -2.739538e-01 -3.219958e-01
2.560000e+02 1.944817e+00 2.554000e+00 -3.210969e-02 -2.508365e-01 -3.262369e-01
2.580000e+02 1.963867e+00 2.554000e+00 -3.229731e-02 -2.273553e-01 -3.304806e-01
2.600000e+02 1.983264e+00 2.554000e+00 -3.248275e-02 -2.035276e-01 -3.347261e-01
2.620000e+02 2.002990e+00 2.554000e+00 -3.266604e-02 -1.793713e-01 -3.389725e-01
2.640000e+02 2.023030e+00 2.554000e+00 -3.284718e-02 -1.549039e-01 -3.432189e-01
2.660000e+02 2.043366e+00 2.554000e+00 -3.302620e-02 -1.301431e-01 -3.474644e-01
2.680000e+02 2.063982e+00 2.554000e+00 -3.320313e-02 -1.051063e-01 -3.517081e-01
2.700000e+02 2.084862e+00 2.554000e+00 -3.337798e-02 -7.981093e-02 -3.559491e-01
2.720000e+02 2.105988e+00 2.554000e+00 -3.355078e-02 -5.427431e-02 -3.601865e-01
2.740000e+02 2.127346e+00 2.554000e+00 -3.372155e-02 -2.851354e-02 -3.644192e-01
2.760000e+02 2.148918e+00 2.554000e+00 -3.389031e-02 -2.545530e-03 -3.686464e-01
2.780000e+02 2.170689e+00 2.554000e+00 -3.405708e-02 2.361300e-02 -3.728671e-01
2.800000e+02 2.192643e+00 2.554000e+00 -3.422190e-02 4.994558e-02 -3.770803e-01
2.820000e+02 2.214766e+00 2.554000e+00 -3.438477e-02 7.643601e-02 -3.812850e-01
2.840000e+02 2.237042e+00 2.554000e+00 -3.454571e-02 1.030683e-01 -3.854802e-01
2.860000e+02 2.259457e+00 2.554000e+00 -3.470477e-02 1.298269e-01 -3.896650e-01
2.880000e+02 2.281996e+00 2.554000e+00 -3.486194e-02 1.566965e-01 -3.938383e-01
2.900000e+02 2.304646e+00 2.554000e+00 -3.501726e-02 1.836620e-01 -3.979992e-01
2.920000e+02 2.327392e+00 2.554000e+00 -3.517075e-02 2.107088e-01 -4.021464e-01
2.940000e+02 2.350221e+00 2.554000e+00 -3.532242e-02 2.378227e-01 -4.062791e-01
2.960000e+02 2.373121e+00 2.554000e+00 -3.547231e-02 2.649895e-01 -4.103962e-01
2.980000e+02 2.396079e+00 2.554000e+00 -3.562043e-02 2.921960e-01 -4.144967e-01
3.000000e+02 2.419083e+00 2.554000e+00 -3.576680e-02 3.194287e-01 -4.185793e-01
3.020000e+02 2.442120e+00 2.554000e+00 -3.591144e-02 3.466750e-01 -4.226432e-01
3.040000e+02 2.465181e+00 2.554000e+00 -3.605438e-02 3.739224e-01 -4.266872e-01
3.060000e+02 2.488253e+00 2.554000e+00 -3.619563e-02 4.011590e-01 -4.307102e-01
3.080000e+02 2.511327e+00 2.554000e+00 -3.633522e-02 4.283731e-01 -4.347111e-01
3.100000e+02 2.534392e+00 2.554000e+00 -3.647317e-02 4.555536e-01 -4.386888e-01
3.120000e+02 2.557438e+00 2.554000e+00 -3.660950e-02 4.826895e-01 -4.426422e-01
3.140000e+02 2.580456e+00 2.554000e+00 -3.674422e-02 5.097707e-01 -4.465702e-01
3.160000e+02 2.603438e+00 2.554000e+00 -3.687735e-02 5.367869e-01 -4.504716e-01
3.180000e+02 2.626374e+00 2.554000e+00 -3.700893e-02 5.637287e-01 -4.543454e-01
3.200000e+02 2.649258e+00 2.554000e+00 -3.713896e-02 5.905868e-01 -4.581903e-01
3.220000e+02 2.672080e+00 2.554000e+00 -3.726747e-02 6.173525e-01 -4.620053e-01
3.240000e+02 2.694834e+00 2.554000e+00 -3.739447e-02 6.440172e-01 -4.657891e-01
3.260000e+02 2.717512e+00 2.554000e+00 -3.751999e-02 6.705730e-01 -4.695407e-01
3.280000e+02 2.740109e+00 2.554000e+00 -3.764404e-02 6.970121e-01 -4.732588e-01
3.300000e+02 2.762618e+00 2.554000e+00 -3.776665e-02 7.233273e-01 -4.769423e-01
3.320000e+02 2.785034e+00 2.554000e+00 -3.788782e-02 7.495116e-01 -4.805901e-01
3.340000e+02 2.807350e+00 2.554000e+00 -3.800758e-02 7.755585e-01 -4.842009e-01
3.360000e+02 2.829562e+00 2.554000e+00 -3.812595e-02 8.014617e-01 -4.877736e-01
3.380000e+02 2.851665e+00 2.554000e+00 -3.824295e-02 8.272153e-01 -4.913070e-01
3.400000e+02 2.873655e+00 2.554000e+00 -3.835858e-02 8.528138e-01 -4.947998e-01
3.420000e+02 2.895528e+00 2.554000e+00 -3.847288e-02 8.782520e-01 -4.982510e-01
3.440000e+02 2.917280e+00 2.554000e+00 -3.858586e-02 9.035249e-01 -5.016594e-01
3.460000e+02 2.938907e+00 2.554000e+00 -3.869753e-02 9.286279e-01 -5.050236e-01
3.480000e+02 2.960406e+00 2.554000e+00 -3.880791e-02 9.535568e-01 -5.083426e-01
3.500000e+02 2.981775e+00 2.554000e+00 -3.891702e-02 9.783075e-01 -5.116151e-01
3.520000e+02 3.003011e+00 2.554000e+00 -3.902488e-02 1.002876e+00 -5.148400e-01
3.540000e+02 3.024112e+00 2.554000e+00 -3.913150e-02 1.027260e+00 -5.180161e-01
3.560000e+02 3.045076e+00 2.554000e+00 -3.923689e-02 1.051455e+00 -5.211421e-01
3.580000e+02 3.065900e+00 2.554000e+00 -3.934108e-02 1.075458e+00 -5.242168e-01
3.600000e+02 3.086584e+00 2.554000e+00 -3.944408e-02 1.099267e+00 -5.272392e-01
3.620000e+02 3.107126e+00 2.554000e+00 -3.954590e-02 1.122880e+00 -5.302079e-01
3.640000e+02 3.127526e+00 2.554000e+00 -3.964656e-02 1.146294e+00 -5.331218e-01
3.660000e+02 3.147782e+00 2.554000e+00 -3.974608e-02 1.169507e+00 -5.359797e-01
3.680000e+02 3.167893e+00 2.554000e+00 -3.984447e-02 1.192518e+00 -5.387804e-01
3.700000e+02 3.187860e+00 2.554000e+00 -3.994175e-02 1.215324e+00 -5.415227e-01
3.720000e+02 3.207682e+00 2.554000e+00 -4.003792e-02 1.237925e+00 -5.442055e-01
3.740000e+02 3.227359e+00 2.554000e+00 -4.013301e-02 1.260319e+00 -5.468275e-01
3.760000e+02 3.246891e+00 2.554000e+00 -4.022703e-02 1.282506e+00 -5.493877e-01
3.780000e+02 3.266279e+00 2.554000e+00 -4.031999e-02 1.304484e+00 -5.518848e-01
3.800000e+02 3.285523e+00 2.554000e+00 -4.041190e-02 1.326253e+00 -5.543177e-01
3.820000e+02 3.304624e+00 2.554000e+00 -4.050279e-02 1.347812e+00 -5.566852e-01
3.840000e+02 3.323582e+00 2.554000e+00 -4.059266e-02 1.369161e+00 -5.589862e-01
3.860000e+02 3.342398e+00 2.554000e+00 -4.068153e-02 1.390299e+00 -5.612196e-01
3.880000e+02 3.361074e+00 2.554000e+00 -4.076941e-02 1.411228e+00 -5.633842e-01
3.900000e+02 3.379611e+00 2.554000e+00 -4.085631e-02 1.431946e+00 -5.654789e-01
3.920000e+02 3.398009e+00 2.554000e+00 -4.094225e-02 1.452454e+00 -5.675026e-01
3.940000e+02 3.416271e+00 2.554000e+00 -4.102723e-02 1.472752e+00 -5.694541e-01
3.960000e+02 3.434397e+00 2.554000e+00 -4.111128e-02 1.492841e+00 -5.713325e-01
3.980000e+02 3.452389e+00 2.554000e+00 -4.119440e-02 1.512720e+00 -5.731366e-01
4.000000e+02 3.470250e+00 2.554000e+00 -4.127661e-02 1.532392e+00 -5.748654e-01
4.020000e+02 3.487980e+00 2.554000e+00 -4.135791e-02 1.551856e+00 -5.765177e-01
4.040000e+02 3.505582e+00 2.554000e+00 -4.143833e-02 1.571113e+00 -5.780926e-01
4.060000e+02 3.523058e+00 2.554000e+00 -4.151786e-02 1.590165e+00 -5.795889e-01
4.080000e+02 3.540409e+00 2.554000e+00 -4.159653e-02 1.609011e+00 -5.810058e-01
4.100000e+02 3.557637e+00 2.554000e+00 -4.167434e-02 1.627653e+00 -5.823421e-01
4.120000e+02 3.574745e+00 2.554000e+00 -4.175130e-02 1.646093e+00 -5.835970e-01
4.140000e+02 3.591734e+00 2.554000e+00 -4.182743e-02 1.664331e+00 -5.847693e-01
4.160000e+02 3.608608e+00 2.554000e+00 -4.190274e-02 1.682369e+00 -5.858582e-01
4.180000e+02 3.625368e+00 2.554000e+00 -4.197724e-02 1.700208e+00 -5.868628e-01
4.200000e+02 3.642016e+00 2.554000e+00 -4.205093e-02 1.717848e+00 -5.877819e-01
4.220000e+02 3.658554e+00 2.554000e+00 -4.212383e-02 1.735293e+00 -5.886149e-01
4.240000e+02 3.674986e+00 2.554000e+00 -4.219595e-02 1.752542e+00 -5.893607e-01
4.260000e+02 3.691313e+00 2.554000e+00 -4.226730e-02 1.769599e+00 -5.900186e-01
4.280000e+02 3.707537e+00 2.554000e+00 -4.233789e-02 1.786463e+00 -5.905875e-01
4.300000e+02 3.723662e+00 2.554000e+00 -4.240773e-02 1.803137e+00 -5.910668e-01
4.320000e+02 3.739689e+00 2.554000e+00 -4.247682e-02 1.819622e+00 -5.914556e-01
4.340000e+02 3.755621e+00 2.554000e+00 -4.254519e-02 1.835920e+00 -5.917530e-01
4.360000e+02 3.771461e+00 2.554000e+00 -4.261283e-02 1.852032e+00 -5.919584e-01
4.380000e+02 3.787210e+00 2.554000e+00 -4.267975e-02 1.867960e+00 -5.920709e-01
4.400000e+02 3.802871e+00 2.554000e+00 -4.274598e-02 1.883707e+00 -5.920898e-01
4.420000e+02 3.818447e+00 2.554000e+00 -4.281150e-02 1.899273e+00 -5.920144e-01
4.440000e+02 3.833939e+00 2.554000e+00 -4.287634e-02 1.914660e+00 -5.918440e-01
4.460000e+02 3.849351e+00 2.554000e+00 -4.294051e-02 1.929870e+00 -5.915780e-01
4.480000e+02 3.864685e+00 2.554000e+00 -4.300400e-02 1.944905e+00 -5.912157e-01
4.500000e+02 3.879943e+00 2.554000e+00 -4.306684e-02 1.959766e+00 -5.907565e-01
4.520000e+02 3.895127e+00 2.554000e+00 -4.312902e-02 1.974456e+00 -5.901997e-01
4.540000e+02 3.910240e+00 2.554000e+00 -4.319056e-02 1.988976e+00 -5.895449e-01
4.560000e+02 3.925284e+00 2.554000e+00 -4.325146e-02 2.003327e+00 -5.887914e-01
4.580000e+02 3.940262e+00 2.554000e+00 -4.331173e-02 2.017513e+00 -5.879387e-01
4.600000e+02 3.955176e+00 2.554000e+00 -4.337139e-02 2.031533e+00 -5.869864e-01
4.620000e+02 3.970027e+00 2.554000e+00 -4.343043e-02 2.045391e+00 -5.859340e-01
4.640000e+02 3.984819e+00 2.554000e+00 -4.348887e-02 2.059088e+00 -5.847810e-01
4.660000e+02 3.999553e+00 2.554000e+00 -4.354672e-02 2.072626e+00 -5.835271e-01
4.680000e+02 4.014231e+00 2.554000e+00 -4.360397e-02 2.086007e+00 -5.821717e-01
4.700000e+02 4.028857e+00 2.554000e+00 -4.366065e-02 2.099232e+00 -5.807146e-01
4.720000e+02 4.043431e+00 2.554000e+00 -4.371674e-02 2.112303e+00 -5.791554e-01
4.740000e+02 4.057956e+00 2.554000e+00 -4.377228e-02 2.125222e+00 -5.774939e-01
4.760000e+02 4.072434e+00 2.554000e+00 -4.382725e-02 2.137991e+00 -5.757296e-01
4.780000e+02 4.086868e+00 2.554000e+00 -4.388167e-02 2.150612e+00 -5.738625e-01
4.800000e+02 4.101258e+00 2.554000e+00 -4.393554e-02 2.163085e+00 -5.718922e-01
4.820000e+02 4.115607e+00 2.554000e+00 -4.398888e-02 2.175414e+00 -5.698185e-01
4.840000e+02 4.129917e+00 2.554000e+00 -4.404168e-02 2.187600e+00 -5.676413e-01
4.860000e+02 4.144189e+00 2.554000e+00 -4.409395e-02 2.199644e+00 -5.653605e-01
4.880000e+02 4.158426e+00 2.554000e+00 -4.414571e-02 2.211548e+00 -5.629760e-01
4.900000e+02 4.172629e+00 2.554000e+00 -4.419695e-02 2.223314e+00 -5.604876e-01
4.920000e+02 4.186801e+00 2.554000e+00 -4.424769e-02 2.234944e+00 -5.578952e-01
4.940000e+02 4.200942e+00 2.554000e+00 -4.429792e-02 2.246439e+00 -5.551990e-01
4.960000e+02 4.215054e+00 2.554000e+00 -4.434767e-02 2.257801e+00 -5.523989e-01
4.980000e+02 4.229139e+00 2.554000e+00 -4.439692e-02 2.269031e+00 -5.494949e-01
5.000000e+02 4.243199e+00 2.554000e+00 -4.444569e-02 2.280132e+00 -5.464870e-01
5.020000e+02 4.257235e+00 2.554000e+00 -4.449398e-02 2.291105e+00 -5.433755e-01
5.040000e+02 4.271248e+00 2.554000e+00 -4.454181e-02 2.301951e+00 -5.401604e-01
5.060000e+02 4.285241e+00 2.554000e+00 -4.458917e-02 2.312672e+00 -5.368418e-01
5.080000e+02 4.299214e+00 2.554000e+00 -4.463607e-02 2.323270e+00 -5.334199e-01
5.100000e+02 4.313168e+00 2.554000e+00 -4.468251e-02 2.333746e+00 -5.298950e-01
5.120000e+02 4.327106e+00 2.554000e+00 -4.472851e-02 2.344102e+00 -5.262673e-01
5.140000e+02 4.341028e+00 2.554000e+00 -4.477407e-02 2.354339e+00 -5.225370e-01
5.160000e+02 4.354935e+00 2.554000e+00 -4.481919e-02 2.364459e+00 -5.187045e-01
5.180000e+02 4.368829e+00 2.554000e+00 -4.486387e-02 2.374463e+00 -5.147701e-01
5.200000e+02 4.382711e+00 2.554000e+00 -4.490813e-02 2.384353e+00 -5.107340e-01
5.220000e+02 4.396582e+00 2.554000e+00 -4.495197e-02 2.394130e+00 -5.065968e-01
5.240000e+02 4.410442e+00 2.554000e+00 -4.499539e-02 2.403797e+00 -5.023588e-01
5.260000e+02 4.424294e+00 2.554000e+00 -4.503840e-02 2.413353e+00 -4.980204e-01
5.280000e+02 4.438138e+00 2.554000e+00 -4.508100e-02 2.422801e+00 -4.935822e-01
5.300000e+02 4.451974e+00 2.554000e+00 -4.512320e-02 2.432142e+00 -4.890445e-01
5.320000e+02 4.465804e+00 2.554000e+00 -4.516500e-02 2.441377e+00 -4.844080e-01
5.340000e+02 4.479629e+00 2.554000e+00 -4.520641e-02 2.450508e+00 -4.796731e-01
5.360000e+02 4.493448e+00 2.554000e+00 -4.524743e-02 2.459536e+00 -4.748404e-01
5.380000e+02 4.507264e+00 2.554000e+00 -4.528807e-02 2.468463e+00 -4.699106e-01
5.400000e+02 4.521077e+00 2.554000e+00 -4.532833e-02 2.477290e+00 -4.648842e-01
5.420000e+02 4.534887e+00 2.554000e+00 -4.536821e-02 2.486017e+00 -4.597620e-01
5.440000e+02 4.548695e+00 2.554000e+00 -4.540773e-02 2.494647e+00 -4.545444e-01
5.460000e+02 4.562502e+00 2.554000e+00 -4.544688e-02 2.503181e+00 -4.492324e-01
5.480000e+02 4.576307e+00 2.554000e+00 -4.548566e-02 2.511619e+00 -4.438265e-01
5.500000e+02 4.590113e+00 2.554000e+00 -4.552410e-02 2.519964e+00 -4.383275e-01
5.520000e+02 4.603918e+00 2.554000e+00 -4.556217e-02 2.528217e+00 -4.327362e-01
5.540000e+02 4.617724e+00 2.554000e+00 -4.559990e-02 2.536377e+00 -4.270534e-01
5.560000e+02 4.631531e+00 2.554000e+00 -4.563729e-02 2.544448e+00 -4.212799e-01
5.580000e+02 4.645339e+00 2.554000e+00 -4.567433e-02 2.552430e+00 -4.154165e-01
5.600000e+02 4.659148e+00 2.554000e+00 -4.571103e-02 2.560324e+00 -4.094641e-01
5.620000e+02 4.672960e+00 2.554000e+00 -4.574741e-02 2.568131e+00 -4.034235e-01
5.640000e+02 4.686773e+00 2.554000e+00 -4.578345e-02 2.575852e+00 -3.972956e-01
5.660000e+02 4.700589e+00 2.554000e+00 -4.581917e-02 2.583489e+00 -3.910814e-01
5.680000e+02 4.714407e+00 2.554000e+00 -4.585457e-02 2.591043e+00 -3.847818e-01
5.700000e+02 4.728228e+00 2.554000e+00 -4.588964e-02 2.598515e+00 -3.783978e-01
5.720000e+02 4.742051e+00 2.554000e+00 -4.592441e-02 2.605905e+00 -3.719302e-01
5.740000e+02 4.755877e+00 2.554000e+00 -4.595886e-02 2.613216e+00 -3.653802e-01
5.760000e+02 4.769706e+00 2.554000e+00 -4.599301e-02 2.620447e+00 -3.587486e-01
5.780000e+02 4.783537e+00 2.554000e+00 -4.602685e-02 2.627601e+00 -3.520366e-01
5.800000e+02 4.797371e+00 2.554000e+00 -4.606039e-02 2.634677e+00 -3.452451e-01
5.820000e+02 4.811208e+00 2.554000e+00 -4.609364e-02 2.641677e+00 -3.383753e-01
5.840000e+02 4.825048e+00 2.554000e+00 -4.612659e-02 2.648603e+00 -3.314281e-01
5.860000e+02 4.838890e+00 2.554000e+00 -4.615925e-02 2.655454e+00 -3.244047e-01
5.880000e+02 4.852735e+00 2.554000e+00 -4.619162e-02 2.662232e+00 -3.173062e-01
5.900000e+02 4.866581e+00 2.554000e+00 -4.622371e-02 2.668939e+00 -3.101336e-01
5.920000e+02 4.880430e+00 2.554000e+00 -4.625552e-02 2.675574e+00 -3.028882e-01
5.940000e+02 4.894280e+00 2.554000e+00 -4.628705e-02 2.682138e+00 -2.955709e-01
5.960000e+02 4.908133e+00 2.554000e+00 -4.631831e-02 2.688634e+00 -2.881831e-01
5.980000e+02 4.921986e+00 2.554000e+00 -4.634929e-02 2.695061e+00 -2.807257e-01
6.000000e+02 4.935840e+00 2.554000e+00 -4.638001e-02 2.701420e+00 -2.732001e-01
6.020000e+02 4.949696e+00 2.554000e+00 -4.641046e-02 2.707713e+00 -2.656073e-01
6.040000e+02 4.963551e+00 2.554000e+00 -4.644065e-02 2.713940e+00 -2.579486e-01
6.060000e+02 4.977407e+00 2.554000e+00 -4.647058e-02 2.720102e+00 -2.502251e-01
6.080000e+02 4.991262e+00 2.554000e+00 -4.650025e-02 2.726200e+00 -2.424381e-01
6.100000e+02 5.005117e+00 2.554000e+00 -4.652967e-02 2.732235e+00 -2.345887e-01
6.120000e+02 5.018970e+00 2.554000e+00 -4.655883e-02 2.738207e+00 -2.266782e-01
6.140000e+02 5.032822e+00 2.554000e+00 -4.658775e-02 2.744118e+00 -2.187078e-01
6.160000e+02 5.046672e+00 2.554000e+00 -4.661642e-02 2.749967e+00 -2.106786e-01
6.180000e+02 5.060520e+00 2.554000e+00 -4.664485e-02 2.755757e+00 -2.025921e-01
6.200000e+02 5.074364e+00 2.554000e+00 -4.667304e-02 2.761487e+00 -1.944493e-01
6.220000e+02 5.088206e+00 2.554000e+00 -4.670099e-02 2.767158e+00 -1.862515e-01
6.240000e+02 5.102043e+00 2.554000e+00 -4.672871e-02 2.772772e+00 -1.780000e-01
6.260000e+02 5.115876e+00 2.554000e+00 -4.675619e-02 2.778329e+00 -1.696960e-01
6.280000e+02 5.129705e+00 2.554000e+00 -4.678344e-02 2.783829e+00 -1.613407e-01
6.300000e+02 5.143527e+00 2.554000e+00 -4.681047e-02 2.789273e+00 -1.529354e-01
6.320000e+02 5.157344e+00 2.554000e+00 -4.683727e-02 2.794663e+00 -1.444814e-01
6.340000e+02 5.171155e+00 2.554000e+00 -4.686384e-02 2.799998e+00 -1.359799e-01
6.360000e+02 5.184958e+00 2.554000e+00 -4.689020e-02 2.805280e+00 -1.274321e-01
6.380000e+02 5.198753e+00 2.554000e+00 -4.691634e-02 2.810509e+00 -1.188393e-01
6.400000e+02 5.212540e+00 2.554000e+00 -4.694226e-02 2.815686e+00 -1.102028e-01
6.420000e+02 5.226319e+00 2.554000e+00 -4.696797e-02 2.820811e+00 -1.015238e-01
6.440000e+02 5.240088e+00 2.554000e+00 -4.699346e-02 2.825885e+00 -9.280349e-02
6.460000e+02 5.253847e+00 2.554000e+00 -4.701875e-02 2.830908e+00 -8.404318e-02
6.480000e+02 5.267595e+00 2.554000e+00 -4.704383e-02 2.835883e+00 -7.524409e-02
6.500000e+02 5.281332e+00 2.554000e+00 -4.706871e-02 2.840808e+00 -6.640746e-02
6.520000e+02 5.295057e+00 2.554000e+00 -4.709338e-02 2.845684e+00 -5.753453e-02
6.540000e+02 5.308769e+00 2.554000e+00 -4.711786e-02 2.850513e+00 -4.862651e-02
6.560000e+02 5.322468e+00 2.554000e+00 -4.714213e-02 2.855295e+00 -3.968464e-02
6.580000e+02 5.336153e+00 2.554000e+00 -4.716621e-02 2.860030e+00 -3.071013e-02
6.600000e+02 5.349824e+00 2.554000e+00 -4.719009e-02 2.864719e+00 -2.170420e-02
6.620000e+02 5.363480e+00 2.554000e+00 -4.721378e-02 2.869362e+00 -1.266805e-02
6.640000e+02 5.377120e+00 2.554000e+00 -4.723728e-02 2.873960e+00 -3.602890e-03
6.660000e+02 5.390744e+00 2.554000e+00 -4.726060e-02 2.878514e+00 5.490092e-03
6.680000e+02 5.404351e+00 2.554000e+00 -4.728372e-02 2.883025e+00 1.460971e-02
6.700000e+02 5.417940e+00 2.554000e+00 -4.730667e-02 2.887491e+00 2.375477e-02
6.720000e+02 5.431510e+00 2.554000e+00 -4.732943e-02 2.891916e+00 3.292412e-02
6.740000e+02 5.445062e+00 2.554000e+00 -4.735201e-02 2.896297e+00 4.211658e-02
6.760000e+02 5.458594e+00 2.554000e+00 -4.737441e-02 2.900637e+00 5.133100e-02
6.780000e+02 5.472106e+00 2.554000e+00 -4.739663e-02 2.904936e+00 6.056623e-02
6.800000e+02 5.485597e+00 2.554000e+00 -4.741868e-02 2.909194e+00 6.982113e-02
6.820000e+02 5.499066e+00 2.554000e+00 -4.744055e-02 2.913412e+00 7.909458e-02
6.840000e+02 5.512513e+00 2.554000e+00 -4.746225e-02 2.917590e+00 8.838545e-02
6.860000e+02 5.525938e+00 2.554000e+00 -4.748379e-02 2.921729e+00 9.769264e-02
6.880000e+02 5.539339e+00 2.554000e+00 -4.750515e-02 2.925829e+00 1.070150e-01
6.900000e+02 5.552716e+00 2.554000e+00 -4.752635e-02 2.929891e+00 1.163516e-01
6.920000e+02 5.566068e+00 2.554000e+00 -4.754738e-02 2.933914e+00 1.257011e-01
6.940000e+02 5.579395e+00 2.554000e+00 -4.756825e-02 2.937901e+00 1.350627e-01
6.960000e+02 5.592696e+00 2.554000e+00 -4.758896e-02 2.941850e+00 1.444352e-01
6.980000e+02 5.605971e+00 2.554000e+00 -4.760951e-02 2.945763e+00 1.538175e-01
7.000000e+02 5.619218e+00 2.554000e+00 -4.762990e-02 2.949639e+00 1.632087e-01
7.020000e+02 5.632438e+00 2.554000e+00 -4.765013e-02 2.953480e+00 1.726077e-01
7.040000e+02 5.645629e+00 2.554000e+00 -4.767021e-02 2.957286e+00 1.820135e-01
7.060000e+02 5.658792e+00 2.554000e+00 -4.769014e-02 2.961057e+00 1.914251e-01
7.080000e+02 5.671925e+00 2.554000e+00 -4.770991e-02 2.964793e+00 2.008416e-01
7.100000e+02 5.685028e+00 2.554000e+00 -4.772953e-02 2.968496e+00 2.102618e-01
7.120000e+02 5.698101e+00 2.554000e+00 -4.774900e-02 2.972165e+00 2.196850e-01
7.140000e+02 5.711142e+00 2.554000e+00 -4.776833e-02 2.975800e+00 2.291101e-01
7.160000e+02 5.724152e+00 2.554000e+00 -4.778751e-02 2.979403e+00 2.385362e-01
7.180000e+02 5.737129e+00 2.554000e+00 -4.780654e-02 2.982973e+00 2.479624e-01
7.200000e+02 5.750074e+00 2.554000e+00 -4.782543e-02 2.986511e+00 2.573877e-01
7.220000e+02 5.762985e+00 2.554000e+00 -4.784418e-02 2.990018e+00 2.668113e-01
7.240000e+02 5.775862e+00 2.554000e+00 -4.786279e-02 2.993493e+00 2.762322e-01
7.260000e+02 5.788705e+00 2.554000e+00 -4.788125e-02 2.996937e+00 2.856497e-01
7.280000e+02 5.801514e+00 2.554000e+00 -4.789958e-02 3.000350e+00 2.950628e-01
7.300000e+02 5.814287e+00 2.554000e+00 -4.791778e-02 3.003734e+00 3.044707e-01
7.320000e+02 5.827024e+00 2.554000e+00 -4.793584e-02 3.007087e+00 3.138726e-01
7.340000e+02 5.839724e+00 2.554000e+00 -4.795376e-02 3.010411e+00 3.232676e-01
7.360000e+02 5.852388e+00 2.554000e+00 -4.797155e-02 3.013705e+00 3.326549e-01
7.380000e+02 5.865015e+00 2.554000e+00 -4.798921e-02 3.016971e+00 3.420338e-01
7.400000e+02 5.877604e+00 2.554000e+00 -4.800674e-02 3.020207e+00 3.514034e-01
7.420000e+02 5.890155e+00 2.554000e+00 -4.802415e-02 3.023416e+00 3.607631e-01
7.440000e+02 5.902667e+00 2.554000e+00 -4.804142e-02 3.026597e+00 3.701120e-01
7.460000e+02 5.915141e+00 2.554000e+00 -4.805857e-02 3.029750e+00 3.794493e-01
7.480000e+02 5.927575e+00 2.554000e+00 -4.807559e-02 3.032876e+00 3.887745e-01
7.500000e+02 5.939969e+00 2.554000e+00 -4.809249e-02 3.035975e+00 3.980867e-01
7.520000e+02 5.952323e+00 2.554000e+00 -4.810926e-02 3.039047e+00 4.073853e-01
7.540000e+02 5.964636e+00 2.554000e+00 -4.812591e-02 3.042092e+00 4.166696e-01
7.560000e+02 5.976908e+00 2.554000e+00 -4.814245e-02 3.045112e+00 4.259388e-01
7.580000e+02 5.989139e+00 2.554000e+00 -4.815886e-02 3.048106e+00 4.351924e-01
7.600000e+02 6.001329e+00 2.554000e+00 -4.817516e-02 3.051074e+00 4.444297e-01
7.620000e+02 6.013476e+00 2.554000e+00 -4.819133e-02 3.054017e+00 4.536501e-01
7.640000e+02 6.025580e+00 2.554000e+00 -4.820740e-02 3.056935e+00 4.628529e-01
7.660000e+02 6.037642e+00 2.554000e+00 -4.822334e-02 3.059828e+00 4.720375e-01
7.680000e+02 6.049661e+00 2.554000e+00 -4.823917e-02 3.062697e+00 4.812033e-01
7.700000e+02 6.061637e+00 2.554000e+00 -4.825489e-02 3.065542e+00 4.903499e-01
7.720000e+02 6.073569e+00 2.554000e+00 -4.827050e-02 3.068363e+00 4.994765e-01
7.740000e+02 6.085457e+00 2.554000e+00 -4.828600e-02 3.071160e+00 5.085826e-01
7.760000e+02 6.097300e+00 2.554000e+00 -4.830139e-02 3.073934e+00 5.176677e-01
7.780000e+02 6.109099e+00 2.554000e+00 -4.831666e-02 3.076685e+00 5.267313e-01
7.800000e+02 6.120854e+00 2.554000e+00 -4.833183e-02 3.079413e+00 5.357728e-01
7.820000e+02 6.132563e+00 2.554000e+00 -4.834690e-02 3.082118e+00 5.447917e-01
7.840000e+02 6.144227e+00 2.554000e+00 -4.836186e-02 3.084801e+00 5.537876e-01
7.860000e+02 6.155845e+00 2.554000e+00 -4.837671e-02 3.087462e+00 5.627599e-01
7.880000e+02 6.167417e+00 2.554000e+00 -4.839146e-02 3.090101e+00 5.717082e-01
7.900000e+02 6.178944e+00 2.554000e+00 -4.840610e-02 3.092718e+00 5.806320e-01
7.920000e+02 6.190424e+00 2.554000e+00 -4.842065e-02 3.095314e+00 5.895309e-01
7.940000e+02 6.201858e+00 2.554000e+00 -4.843509e-02 3.097888e+00 5.984044e-01
7.960000e+02 6.213245e+00 2.554000e+00 -4.844943e-02 3.100442e+00 6.072521e-01
7.980000e+02 6.224585e+00 2.554000e+00 -4.846368e-02 3.102975e+00 6.160737e-01
8.000000e+02 6.235878e+00 2.554000e+00 -4.847782e-02 3.105488e+00 6.248686e-01
8.020000e+02 6.247124e+00 2.554000e+00 -4.849187e-02 3.107980e+00 6.336366e-01
8.040000e+02 6.258323e+00 2.554000e+00 -4.850582e-02 3.110452e+00 6.423772e-01
8.060000e+02 6.269474e+00 2.554000e+00 -4.851967e-02 3.112904e+00 6.510901e-01
8.080000e+02 6.280578e+00 2.554000e+00 -4.853343e-02 3.115337e+00 6.597748e-01
8.100000e+02 6.291634e+00 2.554000e+00 -4.854710e-02 3.117750e+00 6.684312e-01
8.120000e+02 6.302642e+00 2.554000e+00 -4.856067e-02 3.120143e+00 6.770588e-01
8.140000e+02 6.313601e+00 2.554000e+00 -4.857415e-02 3.122518e+00 6.856573e-01
8.160000e+02 6.324513e+00 2.554000e+00 -4.858754e-02 3.124874e+00 6.942264e-01
8.180000e+02 6.335376e+00 2.554000e+00 -4.860084e-02 3.127211e+00 7.027657e-01
8.200000e+02 6.346191e+00 2.554000e+00 -4.861405e-02 3.129530e+00 7.112751e-01
8.220000e+02 6.356958e+00 2.554000e+00 -4.862716e-02 3.131831e+00 7.197542e-01
8.240000e+02 6.367676e+00 2.554000e+00 -4.864019e-02 3.134113e+00 7.282027e-01
8.260000e+02 6.378345e+00 2.554000e+00 -4.865314e-02 3.136378e+00 7.366204e-01
8.280000e+02 6.388965e+00 2.554000e+00 -4.866599e-02 3.138624e+00 7.450070e-01
8.300000e+02 6.399537e+00 2.554000e+00 -4.867876e-02 3.140854e+00 7.533623e-01
8.320000e+02 6.410060e+00 2.554000e+00 -4.869145e-02 3.143066e+00 7.616861e-01
8.340000e+02 6.420534e+00 2.554000e+00 -4.870405e-02 3.145260e+00 7.699780e-01
8.360000e+02 6.430960e+00 2.554000e+00 -4.871656e-02 3.147438e+00 7.782380e-01
8.380000e+02 6.441336e+00 2.554000e+00 -4.872900e-02 3.149599e+00 7.864657e-01
8.400000e+02 6.451663e+00 2.554000e+00 -4.874135e-02 3.151744e+00 7.946610e-01
8.420000e+02 6.461941e+00 2.554000e+00 -4.875361e-02 3.153871e+00 8.028237e-01
8.440000e+02 6.472171e+00 2.554000e+00 -4.876580e-02 3.155983e+00 8.109536e-01
8.460000e+02 6.482351e+00 2.554000e+00 -4.877791e-02 3.158078e+00 8.190505e-01
8.480000e+02 6.492482e+00 2.554000e+00 -4.878994e-02 3.160158e+00 8.271143e-01
8.500000e+02 6.502564e+00 2.554000e+00 -4.880189e-02 3.162221e+00 8.351448e-01
8.520000e+02 6.512597e+00 2.554000e+00 -4.881376e-02 3.164269e+00 8.431419e-01
8.540000e+02 6.522581e+00 2.554000e+00 -4.882555e-02 3.166301e+00 8.511053e-01
8.560000e+02 6.532516e+00 2.554000e+00 -4.883726e-02 3.168318e+00 8.590351e-01
8.580000e+02 6.542402e+00 2.554000e+00 -4.884890e-02 3.170320e+00 8.669310e-01
8.600000e+02 6.552239e+00 2.554000e+00 -4.886047e-02 3.172307e+00 8.747929e-01
8.620000e+02 6.562028e+00 2.554000e+00 -4.887196e-02 3.174279e+00 8.826207e-01
8.640000e+02 6.571767e+00 2.554000e+00 -4.888337e-02 3.176236e+00 8.904144e-01
8.660000e+02 6.581457e+00 2.554000e+00 -4.889471e-02 3.178178e+00 8.981737e-01
8.680000e+02 6.591099e+00 2.554000e+00 -4.890598e-02 3.180106e+00 9.058987e-01
8.700000e+02 6.600692e+00 2.554000e+00 -4.891718e-02 3.182020e+00 9.135892e-01
8.720000e+02 6.610236e+00 2.554000e+00 -4.892830e-02 3.183920e+00 9.212451e-01
8.740000e+02 6.619732e+00 2.554000e+00 -4.893935e-02 3.185805e+00 9.288665e-01
8.760000e+02 6.629179e+00 2.554000e+00 -4.895033e-02 3.187677e+00 9.364531e-01
8.780000e+02 6.638578e+00 2.554000e+00 -4.896125e-02 3.189534e+00 9.440049e-01
8.800000e+02 6.647928e+00 2.554000e+00 -4.897209e-02 3.191378e+00 9.515220e-01
8.820000e+02 6.657230e+00 2.554000e+00 -4.898286e-02 3.193209e+00 9.590042e-01
8.840000e+02 6.666484e+00 2.554000e+00 -4.899357e-02 3.195026e+00 9.664515e-01
8.860000e+02 6.675690e+00 2.554000e+00 -4.900420e-02 3.196830e+00 9.738639e-01
8.880000e+02 6.684848e+00 2.554000e+00 -4.901477e-02 3.198621e+00 9.812413e-01
8.900000e+02 6.693958e+00 2.554000e+00 -4.902528e-02 3.200399e+00 9.885837e-01
8.920000e+02 6.703020e+00 2.554000e+00 -4.903571e-02 3.202164e+00 9.958911e-01
8.940000e+02 6.712034e+00 2.554000e+00 -4.904608e-02 3.203916e+00 1.003164e+00
8.960000e+02 6.721000e+00 2.554000e+00 -4.905639e-02 3.205656e+00 1.010401e+00
8.980000e+02 6.729920e+00 2.554000e+00 -4.906663e-02 3.207383e+00 1.017603e+00
9.000000e+02 6.738791e+00 2.554000e+00 -4.907681e-02 3.209098e+00 1.024770e+00
9.020000e+02 6.747616e+00 2.554000e+00 -4.908693e-02 3.210800e+00 1.031903e+00
9.040000e+02 6.756394e+00 2.554000e+00 -4.909698e-02 3.212491e+00 1.039000e+00
9.060000e+02 6.765124e+00 2.554000e+00 -4.910697e-02 3.214169e+00 1.046062e+00
9.080000e+02 6.773808e+00 2.554000e+00 -4.911689e-02 3.215835e+00 1.053089e+00
9.100000e+02 6.782445e+00 2.554000e+00 -4.912676e-02 3.217490e+00 1.060081e+00
9.120000e+02 6.791035e+00 2.554000e+00 -4.913656e-02 3.219133e+00 1.067038e+00
9.140000e+02 6.799579e+00 2.554000e+00 -4.914631e-02 3.220764e+00 1.073961e+00
9.160000e+02 6.808076e+00 2.554000e+00 -4.915599e-02 3.222384e+00 1.080848e+00
9.180000e+02 6.816528e+00 2.554000e+00 -4.916562e-02 3.223992e+00 1.087701e+00
9.200000e+02 6.824933e+00 2.554000e+00 -4.917519e-02 3.225590e+00 1.094519e+00
9.220000e+02 6.833292e+00 2.554000e+00 -4.918469e-02 3.227176e+00 1.101302e+00
9.240000e+02 6.841606e+00 2.554000e+00 -4.919414e-02 3.228750e+00 1.108050e+00
9.260000e+02 6.849874e+00 2.554000e+00 -4.920353e-02 3.230314e+00 1.114764e+00
9.280000e+02 6.858097e+00 2.554000e+00 -4.921287e-02 3.231868e+00 1.121443e+00
9.300000e+02 6.866275e+00 2.554000e+00 -4.922215e-02 3.233410e+00 1.128087e+00
9.320000e+02 6.874407e+00 2.554000e+00 -4.923137e-02 3.234942e+00 1.134697e+00
9.340000e+02 6.882495e+00 2.554000e+00 -4.924054e-02 3.236463e+00 1.141273e+00
9.360000e+02 6.890538e+00 2.554000e+00 -4.924965e-02 3.237973e+00 1.147814e+00
9.380000e+02 6.898536e+00 2.554000e+00 -4.925870e-02 3.239474e+00 1.154321e+00
9.400000e+02 6.906490e+00 2.554000e+00 -4.926771e-02 3.240964e+00 1.160794e+00
9.420000e+02 6.914400e+00 2.554000e+00 -4.927665e-02 3.242444e+00 1.167233e+00
9.440000e+02 6.922265e+00 2.554000e+00 -4.928555e-02 3.243913e+00 1.173637e+00
9.460000e+02 6.930087e+00 2.554000e+00 -4.929439e-02 3.245373e+00 1.180008e+00
9.480000e+02 6.937865e+00 2.554000e+00 -4.930318e-02 3.246823e+00 1.186345e+00
9.500000e+02 6.945599e+00 2.554000e+00 -4.931191e-02 3.248263e+00 1.192648e+00
9.520000e+02 6.953290e+00 2.554000e+00 -4.932060e-02 3.249693e+00 1.198918e+00
9.540000e+02 6.960938e+00 2.554000e+00 -4.932923e-02 3.251114e+00 1.205154e+00
9.560000e+02 6.968543e+00 2.554000e+00 -4.933781e-02 3.252525e+00 1.211356e+00
9.580000e+02 6.976105e+00 2.554000e+00 -4.934634e-02 3.253927e+00 1.217525e+00
9.600000e+02 6.983625e+00 2.554000e+00 -4.935482e-02 3.255319e+00 1.223661e+00
9.620000e+02 6.991102e+00 2.554000e+00 -4.936325e-02 3.256702e+00 1.229763e+00
9.640000e+02 6.998537e+00 2.554000e+00 -4.937163e-02 3.258076e+00 1.235833e+00
9.660000e+02 7.005930e+00 2.554000e+00 -4.937996e-02 3.259440e+00 1.241869e+00
9.680000e+02 7.013280e+00 2.554000e+00 -4.938825e-02 3.260796e+00 1.247873e+00
9.700000e+02 7.020590e+00 2.554000e+00 -4.939648e-02 3.262142e+00 1.253844e+00
9.720000e+02 7.027857e+00 2.554000e+00 -4.940467e-02 3.263480e+00 1.259782e+00
9.740000e+02 7.035084e+00 2.554000e+00 -4.941281e-02 3.264809e+00 1.265688e+00
9.760000e+02 7.042269e+00 2.554000e+00 -4.942090e-02 3.266129e+00 1.271561e+00
9.780000e+02 7.049414e+00 2.554000e+00 -4.942894e-02 3.267440e+00 1.277402e+00
9.800000e+02 7.056517e+00 2.554000e+00 -4.943694e-02 3.268743e+00 1.283211e+00
9.820000e+02 7.063580e+00 2.554000e+00 -4.944489e-02 3.270037e+00 1.288988e+00
9.840000e+02 7.070603e+00 2.554000e+00 -4.945280e-02 3.271323e+00 1.294733e+00
9.860000e+02 7.077586e+00 2.554000e+00 -4.946066e-02 3.272601e+00 1.300446e+00
9.880000e+02 7.084529e+00 2.554000e+00 -4.946847e-02 3.273870e+00 1.306127e+00
9.900000e+02 7.091432e+00 2.554000e+00 -4.947624e-02 3.275131e+00 1.311777e+00
9.920000e+02 7.098295e+00 2.554000e+00 -4.948397e-02 3.276384e+00 1.317396e+00
9.940000e+02 7.105120e+00 2.554000e+00 -4.949165e-02 3.277629e+00 1.322983e+00
9.960000e+02 7.111905e+00 2.554000e+00 -4.949928e-02 3.278865e+00 1.328539e+00
9.980000e+02 7.118651e+00 2.554000e+00 -4.950688e-02 3.280094e+00 1.334064e+00
1.000000e+03 7.125358e+00 2.554000e+00 -4.951443e-02 3.281315e+00 1.339558e+00
1.002000e+03 7.132027e+00 2.554000e+00 -4.952194e-02 3.282528e+00 1.345021e+00
1.004000e+03 7.138657e+00 2.554000e+00 -4.952940e-02 3.283733e+00 1.350453e+00
1.006000e+03 7.145250e+00 2.554000e+00 -4.953682e-02 3.284931e+00 1.355856e+00
1.008000e+03 7.151804e+00 2.554000e+00 -4.954420e-02 3.286121e+00 1.361227e+00
1.010000e+03 7.158321e+00 2.554000e+00 -4.955154e-02 3.287303e+00 1.366569e+00
1.012000e+03 7.164800e+00 2.554000e+00 -4.955884e-02 3.288478e+00 1.371880e+00
1.014000e+03 7.171242e+00 2.554000e+00 -4.956610e-02 3.289646e+00 1.377162e+00
1.016000e+03 7.177646e+00 2.554000e+00 -4.957331e-02 3.290806e+00 1.382413e+00
1.018000e+03 7.184014e+00 2.554000e+00 -4.958049e-02 3.291959e+00 1.387635e+00
1.020000e+03 7.190345e+00 2.554000e+00 -4.958763e-02 3.293105e+00 1.392827e+00
1.022000e+03 7.196639e+00 2.554000e+00 -4.959472e-02 3.294243e+00 1.397990e+00
1.024000e+03 7.202897e+00 2.554000e+00 -4.960178e-02 3.295375e+00 1.403124e+00
1.026000e+03 7.209119e+00 2.554000e+00 -4.960880e-02 3.296499e+00 1.408229e+00
1.028000e+03 7.215305e+00 2.554000e+00 -4.961577e-02 3.297616e+00 1.413304e+00
1.030000e+03 7.221455e+00 2.554000e+00 -4.962271e-02 3.298727e+00 1.418351e+00
1.032000e+03 7.227570e+00 2.554000e+00 -4.962962e-02 3.299830e+00 1.423369e+00
1.034000e+03 7.233649e+00 2.554000e+00 -4.963648e-02 3.300927e+00 1.428358e+00
1.036000e+03 7.239693e+00 2.554000e+00 -4.964330e-02 3.302017e+00 1.433320e+00
1.038000e+03 7.245702e+00 2.554000e+00 -4.965009e-02 3.303100e+00 1.438252e+00
1.040000e+03 7.251677e+00 2.554000e+00 -4.965684e-02 3.304177e+00 1.443157e+00
1.042000e+03 7.257617e+00 2.554000e+00 -4.966355e-02 3.305247e+00 1.448034e+00
1.044000e+03 7.263522e+00 2.554000e+00 -4.967023e-02 3.306310e+00 1.452882e+00
1.046000e+03 7.269393e+00 2.554000e+00 -4.967687e-02 3.307367e+00 1.457703e+00
1.048000e+03 7.275231e+00 2.554000e+00 -4.968348e-02 3.308417e+00 1.462497e+00
1.050000e+03 7.281034e+00 2.554000e+00 -4.969004e-02 3.309461e+00 1.467263e+00
1.052000e+03 7.286804e+00 2.554000e+00 -4.969658e-02 3.310499e+00 1.472002e+00
1.054000e+03 7.292541e+00 2.554000e+00 -4.970307e-02 3.311530e+00 1.476714e+00
1.056000e+03 7.298244e+00 2.554000e+00 -4.970953e-02 3.312556e+00 1.481398e+00
1.058000e+03 7.303915e+00 2.554000e+00 -4.971596e-02 3.313575e+00 1.486056e+00
1.060000e+03 7.309552e+00 2.554000e+00 -4.972235e-02 3.314587e+00 1.490687e+00
1.062000e+03 7.315157e+00 2.554000e+00 -4.972871e-02 3.315594e+00 1.495292e+00
1.064000e+03 7.320730e+00 2.554000e+00 -4.973503e-02 3.316595e+00 1.499870e+00
1.066000e+03 7.326270e+00 2.554000e+00 -4.974132e-02 3.317590e+00 1.504422e+00
1.068000e+03 7.331779e+00 2.554000e+00 -4.974758e-02 3.318578e+00 1.508948e+00
1.070000e+03 7.337255e+00 2.554000e+00 -4.975380e-02 3.319561e+00 1.513448e+00
1.072000e+03 7.342700e+00 2.554000e+00 -4.975999e-02 3.320538e+00 1.517922e+00
1.074000e+03 7.348114e+00 2.554000e+00 -4.976615e-02 3.321509e+00 1.522370e+00
1.076000e+03 7.353496e+00 2.554000e+00 -4.977227e-02 3.322475e+00 1.526793e+00
1.078000e+03 7.358847e+00 2.554000e+00 -4.977836e-02 3.323435e+00 1.531190e+00
1.080000e+03 7.364167e+00 2.554000e+00 -4.978442e-02 3.324389e+00 1.535562e+00
1.082000e+03 7.369456e+00 2.554000e+00 -4.979044e-02 3.325337e+00 1.539909e+00
1.084000e+03 7.374715e+00 2.554000e+00 -4.979644e-02 3.326280e+00 1.544231e+00
1.086000e+03 7.379944e+00 2.554000e+00 -4.980240e-02 3.327218e+00 1.548529e+00
1.088000e+03 7.385142e+00 2.554000e+00 -4.980833e-02 3.328149e+00 1.552801e+00
1.090000e+03 7.390310e+00 2.554000e+00 -4.981423e-02 3.329076e+00 1.557049e+00
1.092000e+03 7.395449e+00 2.554000e+00 -4.982010e-02 3.329997e+00 1.561272e+00
1.094000e+03 7.400558e+00 2.554000e+00 -4.982594e-02 3.330912e+00 1.565472e+00
1.096000e+03 7.405638e+00 2.554000e+00 -4.983175e-02 3.331823e+00 1.569647e+00
1.098000e+03 7.410688e+00 2.554000e+00 -4.983752e-02 3.332728e+00 1.573798e+00
1.100000e+03 7.415709e+00 2.554000e+00 -4.984327e-02 3.333628e+00 1.577925e+00
1.102000e+03 7.420702e+00 2.554000e+00 -4.984899e-02 3.334522e+00 1.582028e+00
1.104000e+03 7.425665e+00 2.554000e+00 -4.985468e-02 3.335412e+00 1.586108e+00
1.106000e+03 7.430601e+00 2.554000e+00 -4.986033e-02 3.336296e+00 1.590165e+00
1.108000e+03 7.435507e+00 2.554000e+00 -4.986596e-02 3.337175e+00 1.594198e+00
1.110000e+03 7.440386e+00 2.554000e+00 -4.987156e-02 3.338049e+00 1.598208e+00
1.112000e+03 7.445237e+00 2.554000e+00 -4.987713e-02 3.338919e+00 1.602195e+00
1.114000e+03 7.450059e+00 2.554000e+00 -4.988267e-02 3.339783e+00 1.606159e+00
1.116000e+03 7.454855e+00 2.554000e+00 -4.988819e-02 3.340642e+00 1.610101e+00
1.118000e+03 7.459622e+00 2.554000e+00 -4.989367e-02 3.341497e+00 1.614019e+00
1.120000e+03 7.464363e+00 2.554000e+00 -4.989913e-02 3.342346e+00 1.617916e+00
1.122000e+03 7.469076e+00 2.554000e+00 -4.990456e-02 3.343191e+00 1.621789e+00
1.124000e+03 7.473762e+00 2.554000e+00 -4.990996e-02 3.344031e+00 1.625641e+00
1.126000e+03 7.478421e+00 2.554000e+00 -4.991533e-02 3.344866e+00 1.629471e+00
1.128000e+03 7.483054e+00 2.554000e+00 -4.992068e-02 3.345697e+00 1.633278e+00
1.130000e+03 7.487661e+00 2.554000e+00 -4.992600e-02 3.346522e+00 1.637064e+00
1.132000e+03 7.492241e+00 2.554000e+00 -4.993129e-02 3.347344e+00 1.640828e+00
1.134000e+03 7.496795e+00 2.554000e+00 -4.993655e-02 3.348160e+00 1.644571e+00
1.136000e+03 7.501323e+00 2.554000e+00 -4.994179e-02 3.348972e+00 1.648292e+00
1.138000e+03 7.505825e+00 2.554000e+00 -4.994700e-02 3.349780e+00 1.651992e+00
1.140000e+03 7.510302e+00 2.554000e+00 -4.995219e-02 3.350583e+00 1.655671e+00
1.142000e+03 7.514753e+00 2.554000e+00 -4.995735e-02 3.351381e+00 1.659329e+00
1.144000e+03 7.519178e+00 2.554000e+00 -4.996248e-02 3.352176e+00 1.662965e+00
1.146000e+03 7.523579e+00 2.554000e+00 -4.996759e-02 3.352965e+00 1.666581e+00
1.148000e+03 7.527955e+00 2.554000e+00 -4.997267e-02 3.353751e+00 1.670177e+00
1.150000e+03 7.532306e+00 2.554000e+00 -4.997772e-02 3.354532e+00 1.673752e+00
1.152000e+03 7.536632e+00 2.554000e+00 -4.998276e-02 3.355308e+00 1.677306e+00
1.154000e+03 7.540933e+00 2.554000e+00 -4.998776e-02 3.356081e+00 1.680840e+00
1.156000e+03 7.545211e+00 2.554000e+00 -4.999274e-02 3.356849e+00 1.684355e+00
1.158000e+03 7.549464e+00 2.554000e+00 -4.999770e-02 3.357613e+00 1.687849e+00
1.160000e+03 7.553693e+00 2.554000e+00 -5.000263e-02 3.358373e+00 1.691323e+00
1.162000e+03 7.557898e+00 2.554000e+00 -5.000754e-02 3.359128e+00 1.694777e+00
1.164000e+03 7.562080e+00 2.554000e+00 -5.001242e-02 3.359880e+00 1.698212e+00
1.166000e+03 7.566237e+00 2.554000e+00 -5.001728e-02 3.360627e+00 1.701627e+00
1.168000e+03 7.570372e+00 2.554000e+00 -5.002211e-02 3.361371e+00 1.705023e+00
1.170000e+03 7.574483e+00 2.554000e+00 -5.002692e-02 3.362110e+00 1.708400e+00
1.172000e+03 7.578571e+00 2.554000e+00 -5.003171e-02 3.362846e+00 1.711757e+00
1.174000e+03 7.582636e+00 2.554000e+00 -5.003647e-02 3.363577e+00 1.715096e+00
1.176000e+03 7.586678e+00 2.554000e+00 -5.004121e-02 3.364304e+00 1.718415e+00
1.178000e+03 7.590698e+00 2.554000e+00 -5.004593e-02 3.365028e+00 1.721716e+00
1.180000e+03 7.594695e+00 2.554000e+00 -5.005062e-02 3.365748e+00 1.724998e+00
1.182000e+03 7.598669e+00 2.554000e+00 -5.005529e-02 3.366464e+00 1.728261e+00
1.184000e+03 7.602622e+00 2.554000e+00 -5.005994e-02 3.367175e+00 1.731506e+00
1.186000e+03 7.606552e+00 2.554000e+00 -5.006457e-02 3.367884e+00 1.734733e+00
1.188000e+03 7.610460e+00 2.554000e+00 -5.006917e-02 3.368588e+00 1.737941e+00
1.190000e+03 7.614347e+00 2.554000e+00 -5.007375e-02 3.369289e+00 1.741132e+00
1.192000e+03 7.618211e+00 2.554000e+00 -5.007831e-02 3.369986e+00 1.744304e+00
1.194000e+03 7.622055e+00 2.554000e+00 -5.008285e-02 3.370679e+00 1.747459e+00
1.196000e+03 7.625876e+00 2.554000e+00 -5.008736e-02 3.371368e+00 1.750595e+00
1.198000e+03 7.629677e+00 2.554000e+00 -5.009185e-02 3.372054e+00 1.753715e+00
1.200000e+03 7.633456e+00 2.554000e+00 -5.009632e-02 3.372737e+00 1.756816e+00
1.202000e+03 7.637215e+00 2.554000e+00 -5.010077e-02 3.373415e+00 1.759900e+00
1.204000e+03 7.640952e+00 2.554000e+00 -5.010520e-02 3.374091e+00 1.762967e+00
1.206000e+03 7.644669e+00 2.554000e+00 -5.010961e-02 3.374762e+00 1.766017e+00
1.208000e+03 7.648366e+00 2.554000e+00 -5.011399e-02 3.375430e+00 1.769049e+00
1.210000e+03 7.652041e+00 2.554000e+00 -5.011836e-02 3.376095e+00 1.772065e+00
1.212000e+03 7.655697e+00 2.554000e+00 -5.012270e-02 3.376756e+00 1.775064e+00
1.214000e+03 7.659332e+00 2.554000e+00 -5.012702e-02 3.377414e+00 1.778046e+00
1.216000e+03 7.662948e+00 2.554000e+00 -5.013133e-02 3.378068e+00 1.781011e+00
1.218000e+03 7.666543e+00 2.554000e+00 -5.013561e-02 3.378719e+00 1.783960e+00
1.220000e+03 7.670119e+00 2.554000e+00 -5.013987e-02 3.379366e+00 1.786892e+00
1.222000e+03 7.673674e+00 2.554000e+00 -5.014411e-02 3.380010e+00 1.789808e+00
1.224000e+03 7.677211e+00 2.554000e+00 -5.014833e-02 3.380651e+00 1.792708e+00
1.226000e+03 7.680728e+00 2.554000e+00 -5.015254e-02 3.381289e+00 1.795592e+00
1.228000e+03 7.684225e+00 2.554000e+00 -5.015672e-02 3.381923e+00 1.798459e+00
1.230000e+03 7.687704e+00 2.554000e+00 -5.016088e-02 3.382554e+00 1.801311e+00
1.232000e+03 7.691163e+00 2.554000e+00 -5.016502e-02 3.383182e+00 1.804147e+00
1.234000e+03 7.694604e+00 2.554000e+00 -5.016915e-02 3.383806e+00 1.806967e+00
1.236000e+03 7.698026e+00 2.554000e+00 -5.017325e-02 3.384428e+00 1.809771e+00
1.238000e+03 7.701429e+00 2.554000e+00 -5.017733e-02 3.385046e+00 1.812560e+00
1.240000e+03 7.704813e+00 2.554000e+00 -5.018140e-02 3.385661e+00 1.815334e+00
1.242000e+03 7.708179e+00 2.554000e+00 -5.018545e-02 3.386273e+00 1.818092e+00
1.244000e+03 7.711527e+00 2.554000e+00 -5.018947e-02 3.386882e+00 1.820835e+00
1.246000e+03 7.714857e+00 2.554000e+00 -5.019348e-02 3.387487e+00 1.823563e+00
1.248000e+03 7.718168e+00 2.554000e+00 -5.019747e-02 3.388090e+00 1.826276e+00
1.250000e+03 7.721462e+00 2.554000e+00 -5.020145e-02 3.388690e+00 1.828974e+00
1.252000e+03 7.724738e+00 2.554000e+00 -5.020540e-02 3.389286e+00 1.831657e+00
1.254000e+03 7.727996e+00 2.554000e+00 -5.020933e-02 3.389880e+00 1.834325e+00
1.256000e+03 7.731236e+00 2.554000e+00 -5.021325e-02 3.390470e+00 1.836979e+00
1.258000e+03 7.734459e+00 2.554000e+00 -5.021715e-02 3.391058e+00 1.839618e+00
1.260000e+03 7.737665e+00 2.554000e+00 -5.022103e-02 3.391643e+00 1.842243e+00
1.262000e+03 7.740853e+00 2.554000e+00 -5.022489e-02 3.392225e+00 1.844853e+00
1.264000e+03 7.744024e+00 2.554000e+00 -5.022874e-02 3.392803e+00 1.847449e+00
1.266000e+03 7.747178e+00 2.554000e+00 -5.023257e-02 3.393379e+00 1.850031e+00
1.268000e+03 7.750315e+00 2.554000e+00 -5.023638e-02 3.393953e+00 1.852599e+00
1.270000e+03 7.753436e+00 2.554000e+00 -5.024017e-02 3.394523e+00 1.855153e+00
1.272000e+03 7.756539e+00 2.554000e+00 -5.024395e-02 3.395090e+00 1.857693e+00
1.274000e+03 7.759626e+00 2.554000e+00 -5.024770e-02 3.395655e+00 1.860219e+00
1.276000e+03 7.762697e+00 2.554000e+00 -5.025144e-02 3.396217e+00 1.862731e+00
1.278000e+03 7.765751e+00 2.554000e+00 -5.025517e-02 3.396776e+00 1.865230e+00
1.280000e+03 7.768789e+00 2.554000e+00 -5.025888e-02 3.397332e+00 1.867715e+00
1.282000e+03 7.771810e+00 2.554000e+00 -5.026257e-02 3.397886e+00 1.870187e+00
1.284000e+03 7.774816e+00 2.554000e+00 -5.026624e-02 3.398437e+00 1.872645e+00
1.286000e+03 7.777805e+00 2.554000e+00 -5.026990e-02 3.398985e+00 1.875090e+00
1.288000e+03 7.780779e+00 2.554000e+00 -5.027354e-02 3.399531e+00 1.877522e+00
1.290000e+03 7.783737e+00 2.554000e+00 -5.027716e-02 3.400073e+00 1.879941e+00
1.292000e+03 7.786679e+00 2.554000e+00 -5.028077e-02 3.400614e+00 1.882346e+00
1.294000e+03 7.789606e+00 2.554000e+00 -5.028436e-02 3.401151e+00 1.884739e+00
1.296000e+03 7.792517e+00 2.554000e+00 -5.028794e-02 3.401686e+00 1.887119e+00
1.298000e+03 7.795413e+00 2.554000e+00 -5.029150e-02 3.402219e+00 1.889486e+00
1.300000e+03 7.798294e+00 2.554000e+00 -5.029504e-02 3.402748e+00 1.891840e+00
1.302000e+03 7.801159e+00 2.554000e+00 -5.029857e-02 3.403276e+00 1.894182e+00
1.304000e+03 7.804010e+00 2.554000e+00 -5.030208e-02 3.403800e+00 1.896511e+00
1.306000e+03 7.806845e+00 2.554000e+00 -5.030558e-02 3.404323e+00 1.898828e+00
1.308000e+03 7.809666e+00 2.554000e+00 -5.030906e-02 3.404842e+00 1.901132e+00
1.310000e+03 7.812471e+00 2.554000e+00 -5.031253e-02 3.405359e+00 1.903424e+00
1.312000e+03 7.815262e+00 2.554000e+00 -5.031598e-02 3.405874e+00 1.905704e+00
1.314000e+03 7.818039e+00 2.554000e+00 -5.031941e-02 3.406386e+00 1.907972e+00
1.316000e+03 7.820801e+00 2.554000e+00 -5.032283e-02 3.406896e+00 1.910227e+00
1.318000e+03 7.823548e+00 2.554000e+00 -5.032624e-02 3.407404e+00 1.912471e+00
1.320000e+03 7.826281e+00 2.554000e+00 -5.032963e-02 3.407909e+00 1.914703e+00
1.322000e+03 7.829000e+00 2.554000e+00 -5.033300e-02 3.408411e+00 1.916922e+00
1.324000e+03 7.831705e+00 2.554000e+00 -5.033636e-02 3.408911e+00 1.919130e+00
1.326000e+03 7.834396e+00 2.554000e+00 -5.033971e-02 3.409409e+00 1.921327e+00
1.328000e+03 7.837073e+00 2.554000e+00 -5.034304e-02 3.409904e+00 1.923512e+00
1.330000e+03 7.839736e+00 2.554000e+00 -5.034635e-02 3.410398e+00 1.925685e+00
1.332000e+03 7.842385e+00 2.554000e+00 -5.034965e-02 3.410888e+00 1.927847e+00
1.334000e+03 7.845021e+00 2.554000e+00 -5.035294e-02 3.411377e+00 1.929997e+00
1.336000e+03 7.847643e+00 2.554000e+00 -5.035621e-02 3.411863e+00 1.932136e+00
1.338000e+03 7.850251e+00 2.554000e+00 -5.035947e-02 3.412347e+00 1.934264e+00
1.340000e+03 7.852846e+00 2.554000e+00 -5.036272e-02 3.412828e+00 1.936380e+00
1.342000e+03 7.855428e+00 2.554000e+00 -5.036595e-02 3.413308e+00 1.938486e+00
1.344000e+03 7.857996e+00 2.554000e+00 -5.036916e-02 3.413785e+00 1.940580e+00
1.346000e+03 7.860551e+00 2.554000e+00 -5.037236e-02 3.414260e+00 1.942664e+00
1.348000e+03 7.863094e+00 2.554000e+00 -5.037555e-02 3.414732e+00 1.944737e+00
1.350000e+03 7.865623e+00 2.554000e+00 -5.037873e-02 3.415203e+00 1.946798e+00
1.352000e+03 7.868139e+00 2.554000e+00 -5.038189e-02 3.415671e+00 1.948850e+00
1.354000e+03 7.870642e+00 2.554000e+00 -5.038504e-02 3.416137e+00 1.950890e+00
1.356000e+03 7.873133e+00 2.554000e+00 -5.038817e-02 3.416601e+00 1.952920e+00
1.358000e+03 7.875611e+00 2.554000e+00 -5.039129e-02 3.417063e+00 1.954939e+00
1.360000e+03 7.878076e+00 2.554000e+00 -5.039440e-02 3.417523e+00 1.956948e+00
1.362000e+03 7.880529e+00 2.554000e+00 -5.039749e-02 3.417980e+00 1.958946e+00
1.364000e+03 7.882969e+00 2.554000e+00 -5.040057e-02 3.418436e+00 1.960934e+00
1.366000e+03 7.885397e+00 2.554000e+00 -5.040364e-02 3.418889e+00 1.962912e+00
1.368000e+03 7.887813e+00 2.554000e+00 -5.040669e-02 3.419341e+00 1.964879e+00
1.370000e+03 7.890216e+00 2.554000e+00 -5.040974e-02 3.419790e+00 1.966836e+00
1.372000e+03 7.892608e+00 2.554000e+00 -5.041276e-02 3.420237e+00 1.968783e+00
1.374000e+03 7.894987e+00 2.554000e+00 -5.041578e-02 3.420682e+00 1.970721e+00
1.376000e+03 7.897354e+00 2.554000e+00 -5.041878e-02 3.421125e+00 1.972648e+00
1.378000e+03 7.899710e+00 2.554000e+00 -5.042177e-02 3.421566e+00 1.974565e+00
1.380000e+03 7.902053e+00 2.554000e+00 -5.042475e-02 3.422006e+00 1.976473e+00
1.382000e+03 7.904385e+00 2.554000e+00 -5.042771e-02 3.422443e+00 1.978370e+00
1.384000e+03 7.906706e+00 2.554000e+00 -5.043067e-02 3.422878e+00 1.980258e+00
1.386000e+03 7.909014e+00 2.554000e+00 -5.043361e-02 3.423311e+00 1.982137e+00
1.388000e+03 7.911311e+00 2.554000e+00 -5.043653e-02 3.423742e+00 1.984005e+00
1.390000e+03 7.913597e+00 2.554000e+00 -5.043945e-02 3.424172e+00 1.985865e+00
1.392000e+03 7.915871e+00 2.554000e+00 -5.044235e-02 3.424599e+00 1.987714e+00
1.394000e+03 7.918134e+00 2.554000e+00 -5.044524e-02 3.425024e+00 1.989555e+00
1.396000e+03 7.920385e+00 2.554000e+00 -5.044812e-02 3.425448e+00 1.991386e+00
1.398000e+03 7.922626e+00 2.554000e+00 -5.045099e-02 3.425869e+00 1.993207e+00
1.400000e+03 7.924855e+00 2.554000e+00 -5.045384e-02 3.426289e+00 1.995020e+00
1.402000e+03 7.927073e+00 2.554000e+00 -5.045669e-02 3.426707e+00 1.996823e+00
1.404000e+03 7.929281e+00 2.554000e+00 -5.045952e-02 3.427123e+00 1.998617e+00
1.406000e+03 7.931477e+00 2.554000e+00 -5.046234e-02 3.427537e+00 2.000402e+00
1.408000e+03 7.933663e+00 2.554000e+00 -5.046515e-02 3.427949e+00 2.002178e+00
1.410000e+03 7.935837e+00 2.554000e+00 -5.046794e-02 3.428360e+00 2.003945e+00
1.412000e+03 7.938001e+00 2.554000e+00 -5.047073e-02 3.428769e+00 2.005704e+00
1.414000e+03 7.940155e+00 2.554000e+00 -5.047350e-02 3.429175e+00 2.007453e+00
1.416000e+03 7.942298e+00 2.554000e+00 -5.047626e-02 3.429580e+00 2.009194e+00
1.418000e+03 7.944430e+00 2.554000e+00 -5.047901e-02 3.429984e+00 2.010925e+00
1.420000e+03 7.946552e+00 2.554000e+00 -5.048175e-02 3.430385e+00 2.012649e+00
1.422000e+03 7.948664e+00 2.554000e+00 -5.048448e-02 3.430785e+00 2.014363e+00
1.424000e+03 7.950765e+00 2.554000e+00 -5.048719e-02 3.431183e+00 2.016069e+00
1.426000e+03 7.952856e+00 2.554000e+00 -5.048990e-02 3.431579e+00 2.017767e+00
1.428000e+03 7.954937e+00 2.554000e+00 -5.049259e-02 3.431974e+00 2.019456e+00
1.430000e+03 7.957007e+00 2.554000e+00 -5.049528e-02 3.432366e+00 2.021136e+00
1.432000e+03 7.959068e+00 2.554000e+00 -5.049795e-02 3.432757e+00 2.022809e+00
1.434000e+03 7.961119e+00 2.554000e+00 -5.050061e-02 3.433147e+00 2.024473e+00
1.436000e+03 7.963159e+00 2.554000e+00 -5.050326e-02 3.433534e+00 2.026128e+00
1.438000e+03 7.965190e+00 2.554000e+00 -5.050590e-02 3.433920e+00 2.027776e+00
1.440000e+03 7.967211e+00 2.554000e+00 -5.050853e-02 3.434305e+00 2.029415e+00
1.442000e+03 7.969223e+00 2.554000e+00 -5.051115e-02 3.434687e+00 2.031046e+00
1.444000e+03 7.971224e+00 2.554000e+00 -5.051376e-02 3.435068e+00 2.032670e+00
1.446000e+03 7.973216e+00 2.554000e+00 -5.051635e-02 3.435448e+00 2.034285e+00
1.448000e+03 7.975198e+00 2.554000e+00 -5.051894e-02 3.435825e+00 2.035892e+00
1.450000e+03 7.977171e+00 2.554000e+00 -5.052152e-02 3.436201e+00 2.037491e+00
1.452000e+03 7.979135e+00 2.554000e+00 -5.052408e-02 3.436576e+00 2.039083e+00
1.454000e+03 7.981089e+00 2.554000e+00 -5.052664e-02 3.436949e+00 2.040667e+00
1.456000e+03 7.983033e+00 2.554000e+00 -5.052918e-02 3.437320e+00 2.042243e+00
1.458000e+03 7.984969e+00 2.554000e+00 -5.053172e-02 3.437689e+00 2.043811e+00
1.460000e+03 7.986895e+00 2.554000e+00 -5.053424e-02 3.438058e+00 2.045371e+00
1.462000e+03 7.988812e+00 2.554000e+00 -5.053676e-02 3.438424e+00 2.046924e+00
1.464000e+03 7.990719e+00 2.554000e+00 -5.053926e-02 3.438789e+00 2.048470e+00
1.466000e+03 7.992618e+00 2.554000e+00 -5.054176e-02 3.439152e+00 2.050007e+00
1.468000e+03 7.994508e+00 2.554000e+00 -5.054424e-02 3.439514e+00 2.051538e+00
1.470000e+03 7.996389e+00 2.554000e+00 -5.054672e-02 3.439874e+00 2.053061e+00
1.472000e+03 7.998260e+00 2.554000e+00 -5.054918e-02 3.440233e+00 2.054576e+00
1.474000e+03 8.000123e+00 2.554000e+00 -5.055164e-02 3.440590e+00 2.056085e+00
1.476000e+03 8.001978e+00 2.554000e+00 -5.055408e-02 3.440946e+00 2.057585e+00
1.478000e+03 8.003823e+00 2.554000e+00 -5.055652e-02 3.441300e+00 2.059079e+00
1.480000e+03 8.005660e+00 2.554000e+00 -5.055895e-02 3.441653e+00 2.060566e+00
1.482000e+03 8.007488e+00 2.554000e+00 -5.056136e-02 3.442004e+00 2.062045e+00
1.484000e+03 8.009308e+00 2.554000e+00 -5.056377e-02 3.442354e+00 2.063517e+00
1.486000e+03 8.011119e+00 2.554000e+00 -5.056617e-02 3.442703e+00 2.064982e+00
1.488000e+03 8.012921e+00 2.554000e+00 -5.056856e-02 3.443049e+00 2.066440e+00
1.490000e+03 8.014715e+00 2.554000e+00 -5.057094e-02 3.443395e+00 2.067891e+00
1.492000e+03 8.016501e+00 2.554000e+00 -5.057331e-02 3.443739e+00 2.069335e+00
1.494000e+03 8.018278e+00 2.554000e+00 -5.057567e-02 3.444081e+00 2.070773e+00
1.496000e+03 8.020047e+00 2.554000e+00 -5.057802e-02 3.444422e+00 2.072203e+00
1.498000e+03 8.021808e+00 2.554000e+00 -5.058036e-02 3.444762e+00 2.073627e+00
1.500000e+03 8.023561e+00 2.554000e+00 -5.058269e-02 3.445100e+00 2.075043e+00
1.502000e+03 8.025305e+00 2.554000e+00 -5.058501e-02 3.445437e+00 2.076453e+00
1.504000e+03 8.027042e+00 2.554000e+00 -5.058733e-02 3.445773e+00 2.077857e+00
1.506000e+03 8.028770e+00 2.554000e+00 -5.058963e-02 3.446107e+00 2.079253e+00
1.508000e+03 8.030491e+00 2.554000e+00 -5.059193e-02 3.446439e+00 2.080643e+00
1.510000e+03 8.032203e+00 2.554000e+00 -5.059422e-02 3.446771e+00 2.082027e+00
1.512000e+03 8.033908e+00 2.554000e+00 -5.059650e-02 3.447101e+00 2.083404e+00
1.514000e+03 8.035605e+00 2.554000e+00 -5.059877e-02 3.447429e+00 2.084774e+00
1.516000e+03 8.037293e+00 2.554000e+00 -5.060103e-02 3.447757e+00 2.086138e+00
1.518000e+03 8.038975e+00 2.554000e+00 -5.060328e-02 3.448082e+00 2.087495e+00
1.520000e+03 8.040648e+00 2.554000e+00 -5.060553e-02 3.448407e+00 2.088847e+00
1.522000e+03 8.042314e+00 2.554000e+00 -5.060776e-02 3.448730e+00 2.090191e+00
1.524000e+03 8.043972e+00 2.554000e+00 -5.060999e-02 3.449052e+00 2.091530e+00
1.526000e+03 8.045623e+00 2.554000e+00 -5.061220e-02 3.449373e+00 2.092862e+00
1.528000e+03 8.047266e+00 2.554000e+00 -5.061441e-02 3.449692e+00 2.094188e+00
1.530000e+03 8.048901e+00 2.554000e+00 -5.061662e-02 3.450010e+00 2.095508e+00
1.532000e+03 8.050529e+00 2.554000e+00 -5.061881e-02 3.450327e+00 2.096821e+00
1.534000e+03 8.052150e+00 2.554000e+00 -5.062099e-02 3.450642e+00 2.098129e+00
1.536000e+03 8.053763e+00 2.554000e+00 -5.062317e-02 3.450956e+00 2.099430e+00
1.538000e+03 8.055369e+00 2.554000e+00 -5.062534e-02 3.451269e+00 2.100725e+00
1.540000e+03 8.056968e+00 2.554000e+00 -5.062750e-02 3.451581e+00 2.102015e+00
1.542000e+03 8.058560e+00 2.554000e+00 -5.062965e-02 3.451891e+00 2.103298e+00
1.544000e+03 8.060144e+00 2.554000e+00 -5.063179e-02 3.452200e+00 2.104575e+00
1.546000e+03 8.061721e+00 2.554000e+00 -5.063392e-02 3.452508e+00 2.105847e+00
1.548000e+03 8.063291e+00 2.554000e+00 -5.063605e-02 3.452815e+00 2.107112e+00
1.550000e+03 8.064854e+00 2.554000e+00 -5.063817e-02 3.453120e+00 2.108372e+00
