0	0	2.372322639569e+14	-5.101976472314e+13	-1.020395294463e+14	0	1	1	1	-1
20000	0	2.386398508555e+14	2.104089983371e+13	4.208179966743e+13	0.003907381861095	1	-1	1	1
40000	0	2.372449056529e+14	-5.095992718219e+13	-1.019198543644e+14	0.008539862376235	1	1	1	-1
60000	0	2.386751618521e+14	2.099521222658e+13	4.199042445315e+13	0.01173928067694	1	-1	1	1
80000	0	2.372828330012e+14	-5.07800606763e+13	-1.015601213526e+14	0.01712486858811	1	1	1	-1
100000	0	2.387459701144e+14	2.090296375684e+13	4.180592751368e+13	0.01962316714404	1	-1	1	1
120000	0	2.373460522474e+14	-5.047908893222e+13	-1.009581778644e+14	0.02580162997454	1	1	1	-1
140000	0	2.38852658307e+14	2.076238180717e+13	4.152476361433e+13	0.02759568965859	1	-1	1	1
160000	0	2.374345720425e+14	-5.00551682446e+13	-1.001103364892e+14	0.03461981669189	1	1	1	-1
180000	0	2.389958269523e+14	2.05707401387e+13	4.114148027739e+13	0.0356966594323	1	-1	1	1
200000	0	2.390813470465e+14	2.045463862015e+13	4.09092772403e+13	0.03980901529059	1	-1	1	1
220000	0	2.376148080819e+14	-4.918261295968e+13	-9.836522591936e+13	0.04823357618796	1	1	1	-1
240000	0	2.376875439611e+14	-4.882675240918e+13	-9.765350481835e+13	0.05290603558938	1	1	1	-1
260000	0	2.377666080351e+14	-4.843739046213e+13	-9.687478092426e+13	0.05766074179438	1	1	1	-1
280000	0	2.395197288177e+14	1.984061649082e+13	3.968123298164e+13	0.05682157460484	1	-1	1	1
300000	0	2.396543699538e+14	1.964577704489e+13	3.929155408978e+13	0.06125388450069	1	-1	1	1
320000	0	2.39799524794e+14	1.943249028355e+13	3.88649805671e+13	0.0657761004806	1	-1	1	1
340000	0	2.38146110031e+14	-4.652900361956e+13	-9.305800723912e+13	0.07772356808183	1	1	1	-1
360000	0	2.382567804289e+14	-4.595923244384e+13	-9.191846488768e+13	0.08306706064712	1	1	1	-1
380000	0	2.403014760066e+14	1.866971283762e+13	3.733942567524e+13	0.07999961147455	1	-1	1	1
400000	0	2.384970403054e+14	-4.469965145858e+13	-8.939930291716e+13	0.0942660164941	1	1	1	-1
420000	0	2.406959484524e+14	1.804389925192e+13	3.608779850385e+13	0.09017699647885	1	-1	1	1
440000	0	2.409128764523e+14	1.769038416885e+13	3.538076833771e+13	0.09553083308449	1	-1	1	1
460000	0	2.389046392809e+14	-4.248434351384e+13	-8.496868702767e+13	0.1127004190544	1	1	1	-1
480000	0	2.390530774741e+14	-4.165031994376e+13	-8.330063988751e+13	0.1194055028815	1	1	1	-1
500000	0	2.392078029749e+14	-4.076392788781e+13	-8.152785577561e+13	0.1264593792765	1	1	1	-1
520000	0	2.419324935296e+14	1.594895509486e+13	3.189791018971e+13	0.1193732119548	1	-1	1	1
540000	0	2.42231727423e+14	1.541616240706e+13	3.083232481412e+13	0.1261430522906	1	-1	1	1
560000	0	2.425522588841e+14	1.483653233981e+13	2.967306467961e+13	0.1333507186876	1	-1	1	-1
580000	0	2.398899984152e+14	-3.661751007692e+13	-7.323502015384e+13	0.1594274222263	1	1	1	-1
600000	0	2.400766521462e+14	-3.540491317362e+13	-7.080982634724e+13	0.1693157166744	1	1	1	-1
620000	0	2.436706144204e+14	1.276217733171e+13	2.552435466342e+13	0.1585431297049	1	-1	1	-1
640000	0	2.404702497137e+14	-3.271661534777e+13	-6.543323069553e+13	0.1920892058438	1	1	1	-1
660000	0	2.445921691919e+14	1.102705954045e+13	2.205411908091e+13	0.1798240453855	1	-1	1	-1
680000	0	2.408931038781e+14	-2.95993135782e+13	-5.919862715639e+13	0.2205886647333	1	1	1	-1
700000	0	2.411169653266e+14	-2.783757062116e+13	-5.567514124233e+13	0.2379961539511	1	1	1	-1
720000	0	2.413504309004e+14	-2.590664143018e+13	-5.181328286035e+13	0.2583679382027	1	1	1	-1
740000	0	2.472159021497e+14	6295363933151	1.25907278663e+13	0.2459011047431	1	-1	1	-1
760000	0	2.418520987213e+14	-2.136948316984e+13	-4.273896633967e+13	0.3122879005008	1	1	1	-1
780000	0	2.493488720803e+14	2999352257604	5998704515209	0.3077372307931	1	-1	1	-1
800000	0	2.5086190019e+14	1050540538337	2101081076673	0.3563132814424	1	-1	1	-1
820000	0	2.441758348067e+14	-9085631508214	-1.817126301643e+13	0.4666815032496	1	1	1	-1
840000	1	2.538582977522e+14	-1465419306734	-2930838613469	0.6360533174149	1	1	1	-1
860000	1	2.575717500011e+14	-2909241002765	-5818482005529	0.5922891860601	1	1	1	-1
880000	1	2.609341000891e+14	-3711564680498	-7423129360995	0.5307497197271	1	1	1	-1
900000	1	2.639627693306e+14	-4205155715399	-8410311430798	0.481766521305	1	1	1	-1
920000	1	2.667351995595e+14	-4535390645989	-9070781291978	0.4447117497963	1	1	1	-1
940000	1	2.693127140923e+14	-4769641186096	-9539282372191	0.4162446995106	1	1	1	-1
960000	1	2.717387166123e+14	-4942684214151	-9885368428301	0.3938280906433	1	1	1	-1
980000	1	2.74044036828e+14	-5074205043029	-1.014841008606e+13	0.3757604359213	1	1	1	-1
1000000	1	2.762511173074e+14	-5176188013291	-1.035237602658e+13	0.3609041379789	1	1	1	-1
1020000	1	2.783767391803e+14	-5256360547895	-1.051272109579e+13	0.3484814462888	1	1	1	-1
1040000	1	2.804337637013e+14	-5319939818693	-1.063987963739e+13	0.3379460321792	1	1	1	-1
1060000	1	2.824322638639e+14	-5370582754536	-1.074116550907e+13	0.328903923025	1	1	1	-1
1080000	1	2.843802786474e+14	-5410933496867	-1.082186699373e+13	0.3210641467356	1	1	1	-1
1100000	1	2.862843291852e+14	-5442954461221	-1.088590892244e+13	0.3142071812604	1	1	1	-1
1120000	1	2.881497809164e+14	-5468134849318	-1.093626969864e+13	0.3081642600883	1	1	1	-1
1140000	1	2.899811035202e+14	-5487626612494	-1.097525322499e+13	0.3028034553996	1	1	1	-1
1160000	1	2.917820613491e+14	-5502335800483	-1.100467160097e+13	0.2980200991443	1	1	1	-1
1180000	1	2.935558555348e+14	-5512985553817	-1.102597110763e+13	0.2937300481409	1	1	1	-1
1200000	1	2.953052318003e+14	-5520160546041	-1.104032109208e+13	0.2898648562691	1	1	1	-1
1220000	1	2.970325634786e+14	-5524338978483	-1.104867795697e+13	0.2863682523913	1	1	1	-1
1240000	1	2.987399163053e+14	-5525916032131	-1.105183206426e+13	0.2831935295133	1	1	1	-1
1260000	1	3.004290996045e+14	-5525221337066	-1.105044267413e+13	0.2803015811099	1	1	1	-1
1280000	1	3.021017071749e+14	-5522532176034	-1.104506435207e+13	0.2776594044961	1	1	1	-1
1300000	1	3.037591502806e+14	-5518083596004	-1.103616719201e+13	0.2752389462513	1	1	1	-1
1320000	1	3.054026845165e+14	-5512076245117	-1.102415249023e+13	0.2730162015615	1	1	1	-1
1340000	1	3.070334318724e+14	-5504682513508	-1.100936502702e+13	0.2709705044136	1	1	1	-1
1360000	1	3.086523989962e+14	-5496051393633	-1.099210278727e+13	0.2690839628971	1	1	1	-1
1380000	1	3.102604924191e+14	-5486312362830	-1.097262472566e+13	0.2673410060125	1	1	1	-1
1400000	1	3.118585313349e+14	-5475578511386	-1.095115702277e+13	0.2657280170101	1	1	1	-1
1420000	1	3.134472583904e+14	-5463949082748	-1.09278981655e+13	0.2642330345016	1	1	1	-1
1440000	1	3.150273488522e+14	-5451511551554	-1.090302310311e+13	0.262845507101	1	1	1	-1
1460000	1	3.165994184336e+14	-5438343335248	-1.08766866705e+13	0.2615560906878	1	1	1	-1
1480000	1	3.181640300128e+14	-5424513212940	-1.084902642588e+13	0.2603564798588	1	1	1	-1
1500000	1	3.197216994259e+14	-5410082508618	-1.082016501724e+13	0.2592392669967	1	1	1	-1
1520000	1	3.212729004846e+14	-5395106083425	-1.079021216685e+13	0.2581978237929	1	1	1	-1
1540000	1	3.228180693407e+14	-5379633172189	-1.075926634438e+13	0.2572262011415	1	1	1	-1
1560000	1	3.243576082962e+14	-5363708092177	-1.072741618435e+13	0.2563190441482	1	1	1	-1
1580000	1	3.258918891437e+14	-5347370846408	-1.069474169282e+13	0.2554715196482	1	1	1	-1
1600000	1	3.274212561036e+14	-5330657639480	-1.066131527896e+13	0.2546792541248	1	1	1	-1
1620000	1	3.289460284161e+14	-5313601320463	-1.062720264093e+13	0.2539382803229	1	1	1	-1
1640000	1	3.304665026352e+14	-5296231764670	-1.059246352934e+13	0.2532449911618	1	1	1	-1
1660000	1	3.319829546663e+14	-5278576203994	-1.055715240799e+13	0.2525960998057	1	1	1	-1
1680000	1	3.334956415796e+14	-5260659513759	-1.052131902752e+13	0.2519886049476	1	1	1	-1
1700000	1	3.350048032291e+14	-5242504462668	-1.048500892534e+13	0.2514197605276	1	1	1	-1
1720000	1	3.365106637021e+14	-5224131931298	-1.04482638626e+13	0.2508870492358	1	1	1	-1
1740000	1	3.380134326195e+14	-5205561103692	-1.041112220738e+13	0.2503881592565	1	1	1	-1
1760000	1	3.395133063049e+14	-5186809635871	-1.037361927174e+13	0.2499209638002	1	1	1	-1
1780000	1	3.410104688394e+14	-5167893804446	-1.033578760889e+13	0.2494835030385	1	1	1	-1
1800000	1	3.425050930131e+14	-5148828638057	-1.029765727611e+13	0.2490739681188	1	1	1	-1
1820000	1	3.439973411874e+14	-5129628033911	-1.025925606782e+13	0.2486906869836	1	1	1	-1
1840000	1	3.454873660765e+14	-5110304861374	-1.022060972275e+13	0.2483321117608	1	1	1	-1
1860000	1	3.469753114578e+14	-5090871054265	-1.018174210853e+13	0.2479968075243	1	1	1	-1
1880000	1	3.48461312818e+14	-5071337693291	-1.014267538658e+13	0.2476834422547	1	1	1	-1
1900000	1	3.499454979435e+14	-5051715079818	-1.010343015964e+13	0.2473907778523	1	1	1	-1
1920000	1	3.514279874582e+14	-5032012802048	-1.00640256041e+13	0.2471176620754	1	1	1	-1
1940000	1	3.529088953163e+14	-5012239794487	-1.002447958897e+13	0.2468630212958	1	1	1	-1
1960000	1	3.543883292542e+14	-4992404391506	-9984808783013	0.2466258539739	1	1	1	-1
1980000	1	3.558663912044e+14	-4972514375664	-9945028751327	0.2464052247735	1	1	1	-1
2000000	1	3.573431776761e+14	-4952577021383	-9905154042766	0.2462002592428	1	1	1	-1
2020000	1	3.588187801061e+14	-4932599134508	-9865198269015	0.2460101389998	1	1	1	-1
2040000	1	3.602932851812e+14	-4912587088173	-9825174176346	0.2458340973662	1	1	1	-1
2060000	1	3.617667751364e+14	-4892546855404	-9785093710808	0.2456714154023	1	1	1	-1
2080000	1	3.6323932803e+14	-4872484038777	-9744968077554	0.245521418301	1	1	1	-1
2100000	1	3.647110179984e+14	-4852403897453	-9704807794906	0.2453834721025	1	1	1	-1
2120000	1	3.661819154916e+14	-4832311371856	-9664622743712	0.2452569806972	1	1	1	-1
2140000	1	3.676520874921e+14	-4812211106229	-9624422212457	0.2451413830883	1	1	1	-1
2160000	1	3.691215977178e+14	-4792107469283	-9584214938566	0.2450361508876	1	1	1	-1
2180000	1	3.705905068102e+14	-4772004573126	-9544009146253	0.2449407860217	1	1	1	-1
2200000	1	3.720588725102e+14	-4751906290637	-9503812581274	0.2448548186285	1	1	1	-1
2220000	1	3.735267498212e+14	-4731816271430	-9463632542860	0.2447778051261	1	1	1	-1
2240000	1	3.74994191161e+14	-4711737956548	-9423475913097	0.2447093264363	1	1	1	-1
2260000	1	3.764612465044e+14	-4691674592003	-9383349184005	0.2446489863511	1	1	1	-1
2280000	1	3.779279635151e+14	-4671629241254	-9343258482509	0.2445964100265	1	1	1	-1
2300000	1	3.793943876699e+14	-4651604796748	-9303209593496	0.2445512425936	1	1	1	-1
2320000	1	3.808605623745e+14	-4631603990570	-9263207981139	0.2445131478755	1	1	1	-1
2340000	1	3.823265290721e+14	-4611629404314	-9223258808628	0.2444818072023	1	1	1	-1
2360000	1	3.837923273449e+14	-4591683478223	-9183366956446	0.2444569183133	1	1	1	-1
2380000	1	3.852579950091e+14	-4571768519663	-9143537039326	0.2444381943415	1	1	1	-1
2400000	1	3.867235682052e+14	-4551886710996	-9103773421991	0.244425362871	1	1	1	-1
2420000	1	3.881890814811e+14	-4532040116888	-9064080233777	0.2444181650633	1	1	1	-1
2440000	1	3.896545678715e+14	-4512230691119	-9024461382238	0.244416354845	1	1	1	-1
2460000	1	3.911200589721e+14	-4492460282907	-8984920565814	0.2444196981529	1	1	1	-1
2480000	1	3.925855850092e+14	-4472730642815	-8945461285630	0.2444279722324	1	1	1	-1
2500000	1	3.940511749062e+14	-4453043428253	-8906086856506	0.2444409649826	1	1	1	-1
2520000	1	3.955168563447e+14	-4433400208618	-8866800417236	0.2444584743476	1	1	1	-1
2540000	1	3.969826558238e+14	-4413802470092	-8827604940183	0.2444803077474	1	1	1	-1
2560000	1	3.984485987149e+14	-4394251620131	-8788503240262	0.2445062815478	1	1	1	-1
2580000	1	3.999147093139e+14	-4374748991668	-8749497983336	0.2445362205644	1	1	1	-1
2600000	1	4.013810108905e+14	-4355295847044	-8710591694088	0.2445699575993	1	1	1	-1
2620000	1	4.028475257348e+14	-4335893381695	-8671786763391	0.2446073330074	1	1	1	-1
2640000	1	4.043142752013e+14	-4316542727614	-8633085455228	0.2446481942909	1	1	1	-1
2660000	1	4.057812797505e+14	-4297244956592	-8594489913184	0.2446923957184	1	1	1	-1
2680000	1	4.072485589887e+14	-4278001083271	-8556002166543	0.2447397979693	1	1	1	-1
2700000	1	4.087161317052e+14	-4258812068010	-8517624136020	0.2447902677985	1	1	1	-1
2720000	1	4.101840159076e+14	-4239678819578	-8479357639157	0.2448436777232	1	1	1	-1
2740000	1	4.116522288559e+14	-4220602197696	-8441204395392	0.2448999057273	1	1	1	-1
2760000	1	4.131207870941e+14	-4201583015424	-8403166030847	0.2449588349849	1	1	1	-1
2780000	1	4.145897064807e+14	-4182622041414	-8365244082828	0.2450203535993	1	1	1	-1
2800000	1	4.160590022173e+14	-4163720002038	-8327440004076	0.2450843543576	1	1	1	-1
2820000	1	4.175286888763e+14	-4144877583389	-8289755166778	0.2451507345	1	1	1	-1
2840000	1	4.189987804267e+14	-4126095433176	-8252190866353	0.2452193955017	1	1	1	-1
2860000	1	4.204692902588e+14	-4107374162513	-8214748325027	0.2452902428683	1	1	1	-1
2880000	1	4.219402312082e+14	-4088714347609	-8177428695218	0.2453631859421	1	1	1	-1
2900000	1	4.234116155779e+14	-4070116531367	-8140233062734	0.2454381377191	1	1	1	-1
2920000	1	4.248834551595e+14	-4051581224900	-8103162449800	0.2455150146772	1	1	1	-1
2940000	1	4.263557612541e+14	-4033108908963	-8066217817927	0.2455937366129	1	1	1	-1
2960000	1	4.278285446914e+14	-4014700035312	-8029400070624	0.2456742264876	1	1	1	-1
2980000	1	4.293018158484e+14	-3996355027989	-7992710055978	0.2457564102815	1	1	1	-1
3000000	1	4.307755846669e+14	-3978074284547	-7956148569093	0.2458402168565	1	1	1	-1
3020000	1	4.322498606704e+14	-3959858177205	-7919716354411	0.2459255778254	1	1	1	-1
3040000	1	4.337246529804e+14	-3941707053953	-7883414107907	0.2460124274285	1	1	1	-1
3060000	1	4.351999703317e+14	-3923621239592	-7847242479184	0.2461007024166	1	1	1	-1
3080000	1	4.366758210871e+14	-3905601036728	-7811202073457	0.24619034194	1	1	1	-1
3100000	1	4.381522132515e+14	-3887646726721	-7775293453442	0.2462812874435	1	1	1	-1
3120000	1	4.396291544854e+14	-3869758570576	-7739517141152	0.2463734825664	1	1	1	-1
3140000	1	4.411066521175e+14	-3851936809803	-7703873619605	0.2464668730481	1	1	1	-1
3160000	1	4.425847131573e+14	-3834181667228	-7668363334457	0.2465614066375	1	1	1	-1
3180000	1	4.440633443071e+14	-3816493347772	-7632986695543	0.2466570330084	1	1	1	-1
3200000	1	4.455425519727e+14	-3798872039182	-7597744078365	0.2467537036777	1	1	1	-1
3220000	1	4.470223422747e+14	-3781317912745	-7562635825490	0.2468513719283	1	1	1	-1
3240000	1	4.485027210585e+14	-3763831123950	-7527662247901	0.246949992736	1	1	1	-1
3260000	1	4.499836939046e+14	-3746411813136	-7492823626272	0.2470495226991	1	1	1	-1
3280000	1	4.514652661381e+14	-3729060106099	-7458120212198	0.2471499199722	1	1	1	-1
3300000	1	4.529474428374e+14	-3711776114678	-7423552229356	0.247251144203	1	1	1	-1
3320000	1	4.544302288435e+14	-3694559937311	-7389119874622	0.2473531564717	1	1	1	-1
3340000	1	4.559136287682e+14	-3677411659571	-7354823319143	0.2474559192335	1	1	1	-1
3360000	1	4.573976470019e+14	-3660331354673	-7320662709345	0.2475593962641	1	1	1	-1
3380000	1	4.588822877221e+14	-3643319083959	-7286638167918	0.2476635526071	1	1	1	-1
3400000	1	4.603675548998e+14	-3626374897371	-7252749794742	0.2477683545243	1	1	1	-1
3420000	1	4.618534523079e+14	-3609498833890	-7218997667781	0.2478737694483	1	1	1	-1
3440000	1	4.633399835268e+14	-3592690921967	-7185381843934	0.2479797659367	1	1	1	-1
3460000	1	4.64827151952e+14	-3575951179930	-7151902359859	0.2480863136289	1	1	1	-1
3480000	1	4.663149608001e+14	-3559279616375	-7118559232750	0.248193383205	1	1	1	-1
3500000	1	4.678034131148e+14	-3542676230545	-7085352461089	0.2483009463456	1	1	1	-1
3520000	1	4.69292511773e+14	-3526141012685	-7052282025370	0.2484089756946	1	1	1	-1
3540000	1	4.707822594902e+14	-3509673944392	-7019347888783	0.2485174448223	1	1	1	-1
3560000	1	4.722726588264e+14	-3493274998939	-6986549997878	0.2486263281915	1	1	1	-1
3580000	1	4.737637121908e+14	-3476944141601	-6953888283202	0.2487356011241	1	1	1	-1
3600000	1	4.752554218474e+14	-3460681329952	-6921362659903	0.2488452397694	1	1	1	-1
3620000	1	4.767477899193e+14	-3444486514162	-6888973028323	0.2489552210737	1	1	1	-1
3640000	1	4.782408183939e+14	-3428359637276	-6856719274552	0.2490655227513	1	1	1	-1
3660000	1	4.797345091272e+14	-3412300635487	-6824601270973	0.2491761232569	1	1	1	-1
3680000	1	4.812288638481e+14	-3396309438388	-6792618876777	0.2492870017587	1	1	1	-1
3700000	1	4.827238841627e+14	-3380385969231	-6760771938463	0.249398138113	1	1	1	-1
3720000	1	4.842195715583e+14	-3364530145159	-6729060290318	0.2495095128394	1	1	1	-1
3740000	1	4.857159274074e+14	-3348741877438	-6697483754877	0.2496211070977	1	1	1	-1
3760000	1	4.872129529712e+14	-3333021071682	-6666042143364	0.2497329026654	1	1	1	-1
3780000	1	4.887106494038e+14	-3317367628062	-6634735256123	0.2498448819156	1	1	1	-1
3800000	1	4.90209017755e+14	-3301781441512	-6603562883025	0.2499570277968	1	1	1	-1
3820000	1	4.917080589741e+14	-3286262401931	-6572524803863	0.2500693238126	1	1	1	-1
3840000	1	4.932077739133e+14	-3270810394367	-6541620788734	0.2501817540028	1	1	1	-1
3860000	1	4.947081633306e+14	-3255425299203	-6510850598406	0.2502943029251	1	1	1	-1
3880000	1	4.962092278926e+14	-3240106992334	-6480213984668	0.2504069556373	1	1	1	-1
3900000	1	4.977109681783e+14	-3224855345336	-6449710690672	0.2505196976802	1	1	1	-1
3920000	1	4.99213384681e+14	-3209670225630	-6419340451261	0.2506325150618	1	1	1	-1
3940000	1	5.007164778116e+14	-3194551496642	-6389102993283	0.2507453942411	1	1	1	-1
3960000	1	5.022202479011e+14	-3179499017950	-6358998035900	0.2508583221135	1	1	1	-1
3980000	1	5.037246952034e+14	-3164512645438	-6329025290875	0.250971285996	1	1	1	-1
4000000	1	5.052298198972e+14	-3149592231431	-6299184462862	0.2510842736133	1	1	1	-1
4020000	1	5.067356220891e+14	-3134737624838	-6269475249676	0.2511972730847	1	1	1	-1
4040000	1	5.082421018155e+14	-3119948671278	-6239897342556	0.2513102729106	1	1	1	-1
4060000	1	5.09749259045e+14	-3105225213211	-6210450426422	0.251423261961	1	1	1	-1
4080000	1	5.112570936805e+14	-3090567090061	-6181134180121	0.2515362294624	1	1	1	-1
4100000	1	5.127656055613e+14	-3075974138331	-6151948276662	0.2516491649871	1	1	1	-1
4120000	1	5.142747944654e+14	-3061446191723	-6122892383447	0.2517620584421	1	1	1	-1
4140000	1	5.15784660111e+14	-3046983081245	-6093966162490	0.2518749000578	1	1	1	-1
4160000	1	5.172952021587e+14	-3032584635318	-6065169270637	0.2519876803784	1	1	1	-1
4180000	1	5.188064202136e+14	-3018250679882	-6036501359765	0.2521003902513	1	1	1	-1
4200000	1	5.203183138265e+14	-3003981038493	-6007962076986	0.2522130208182	1	1	1	-1
4220000	1	5.21830882496e+14	-2989775532420	-5979551064841	0.2523255635055	1	1	1	-1
4240000	1	5.233441256702e+14	-2975633980742	-5951267961484	0.2524380100152	1	1	1	-1
4260000	1	5.248580427483e+14	-2961556200432	-5923112400863	0.2525503523167	1	1	1	-1
4280000	1	5.26372633082e+14	-2947542006449	-5895084012897	0.2526625826386	1	1	1	-1
4300000	1	5.278878959772e+14	-2933591211821	-5867182423642	0.25277469346	1	1	1	-1
4320000	1	5.294038306955e+14	-2919703627728	-5839407255455	0.2528866775037	1	1	1	-1
4340000	1	5.309204364555e+14	-2905879063577	-5811758127154	0.2529985277281	1	1	1	-1
4360000	1	5.324377124343e+14	-2892117327083	-5784234654166	0.2531102373201	1	1	1	-1
4380000	1	5.339556577689e+14	-2878418224341	-5756836448682	0.2532217996884	1	1	1	-1
4400000	1	5.354742715572e+14	-2864781559898	-5729563119795	0.2533332084568	1	1	1	-1
4420000	1	5.369935528598e+14	-2851207136821	-5702414273641	0.2534444574573	1	1	1	-1
4440000	1	5.385135007007e+14	-2837694756765	-5675389513531	0.2535555407243	1	1	1	-1
4460000	1	5.400341140688e+14	-2824244220042	-5648488440083	0.2536664524882	1	1	1	-1
4480000	1	5.415553919189e+14	-2810855325674	-5621710651349	0.2537771871699	1	1	1	-1
4500000	1	5.430773331731e+14	-2797527871467	-5595055742933	0.2538877393748	1	1	1	-1
4520000	1	5.445999367215e+14	-2784261654057	-5568523308114	0.2539981038874	1	1	1	-1
4540000	1	5.461232014235e+14	-2771056468978	-5542112937956	0.2541082756665	1	1	1	-1
4560000	1	5.47647126109e+14	-2757912110710	-5515824221421	0.2542182498391	1	1	1	-1
4580000	1	5.491717095787e+14	-2744828372738	-5489656745476	0.2543280216966	1	1	1	-1
4600000	1	5.50696950606e+14	-2731805047600	-5463610095200	0.2544375866891	1	1	1	-1
4620000	1	5.522228479373e+14	-2718841926940	-5437683853879	0.2545469404213	1	1	1	-1
4640000	1	5.537494002931e+14	-2705938801554	-5411877603109	0.2546560786476	1	1	1	-1
4660000	1	5.552766063689e+14	-2693095461444	-5386190922887	0.2547649972682	1	1	1	-1
4680000	1	5.56804464836e+14	-2680311695854	-5360623391708	0.2548736923246	1	1	1	-1
4700000	1	5.583329743425e+14	-2667587293324	-5335174586648	0.2549821599958	1	1	1	-1
4720000	1	5.598621335138e+14	-2654922041727	-5309844083454	0.255090396594	1	1	1	-1
4740000	1	5.613919409538e+14	-2642315728314	-5284631456629	0.255198398561	1	1	1	-1
4760000	1	5.629223952453e+14	-2629768139754	-5259536279509	0.2553061624646	1	1	1	-1
4780000	1	5.644534949509e+14	-2617279062173	-5234558124346	0.2554136849948	1	1	1	-1
4800000	1	5.659852386138e+14	-2604848281191	-5209696562382	0.2555209629604	1	1	1	-1
4820000	1	5.675176247582e+14	-2592475581962	-5184951163925	0.2556279932859	1	1	1	-1
4840000	1	5.690506518905e+14	-2580160749209	-5160321498418	0.2557347730077	1	1	1	-1
4860000	1	5.705843184995e+14	-2567903567257	-5135807134513	0.2558412992715	1	1	1	-1
4880000	1	5.721186230571e+14	-2555703820068	-5111407640135	0.2559475693289	1	1	1	-1
4900000	1	5.736535640193e+14	-2543561291275	-5087122582549	0.2560535805345	1	1	1	-1
4920000	1	5.751891398262e+14	-2531475764213	-5062951528425	0.2561593303432	1	1	1	-1
4940000	1	5.767253489033e+14	-2519447021949	-5038894043898	0.2562648163071	1	1	1	-1
4960000	1	5.782621896614e+14	-2507474847315	-5014949694629	0.2563700360731	1	1	1	-1
4980000	1	5.797996604976e+14	-2495559022932	-4991118045863	0.2564749873799	1	1	1	-1
5000000	1	5.813377597958e+14	-2483699331244	-4967398662487	0.256579668056	1	1	1	-1
5020000	1	5.828764859269e+14	-2471895554541	-4943791109081	0.2566840760167	1	1	1	-1
5040000	1	5.844158372498e+14	-2460147474988	-4920294949977	0.2567882092619	1	1	1	-1
5060000	1	5.859558121116e+14	-2448454874652	-4896909749304	0.2568920658738	1	1	1	-1
5080000	1	5.87496408848e+14	-2436817535523	-4873635071046	0.2569956440147	1	1	1	-1
5100000	1	5.890376257841e+14	-2425235239541	-4850470479082	0.2570989419248	1	1	1	-1
5120000	1	5.905794612345e+14	-2413707768620	-4827415537241	0.2572019579197	1	1	1	-1
5140000	1	5.921219135041e+14	-2402234904672	-4804469809343	0.2573046903888	1	1	1	-1
5160000	1	5.936649808883e+14	-2390816429623	-4781632859247	0.2574071377933	1	1	1	-1
5180000	1	5.952086616733e+14	-2379452125445	-4758904250890	0.2575092986636	1	1	1	-1
5200000	1	5.96752954137e+14	-2368141774167	-4736283548334	0.2576111715984	1	1	1	-1
5220000	1	5.982978565488e+14	-2356885157901	-4713770315802	0.257712755262	1	1	1	-1
5240000	1	5.998433671706e+14	-2345682058861	-4691364117721	0.2578140483829	1	1	1	-1
5260000	1	6.013894842566e+14	-2334532259380	-4669064518760	0.257915049752	1	1	1	-1
5280000	1	6.02936206054e+14	-2323435541932	-4646871083865	0.258015758221	1	1	1	-1
5300000	1	6.044835308034e+14	-2312391689148	-4624783378296	0.2581161727005	1	1	1	-1
5320000	1	6.060314567389e+14	-2301400483833	-4602800967666	0.2582162921589	1	1	1	-1
5340000	1	6.075799820887e+14	-2290461708985	-4580923417969	0.2583161156201	1	1	1	-1
5360000	1	6.091291050752e+14	-2279575147809	-4559150295617	0.2584156421626	1	1	1	-1
5380000	1	6.106788239155e+14	-2268740583736	-4537481167471	0.2585148709181	1	1	1	-1
5400000	1	6.122291368217e+14	-2257957800437	-4515915600873	0.2586138010694	1	1	1	-1
5420000	1	6.13780042001e+14	-2247226581837	-4494453163675	0.2587124318497	1	1	1	-1
5440000	1	6.153315376563e+14	-2236546712134	-4473093424268	0.258810762541	1	1	1	-1
5460000	1	6.168836219862e+14	-2225917975806	-4451835951613	0.2589087924726	1	1	1	-1
5480000	1	6.184362931857e+14	-2215340157633	-4430680315266	0.2590065210202	1	1	1	-1
5500000	1	6.199895494457e+14	-2204813042704	-4409626085407	0.2591039476043	1	1	1	-1
5520000	1	6.215433889543e+14	-2194336416432	-4388672832864	0.2592010716893	1	1	1	-1
5540000	1	6.230978098961e+14	-2183910064570	-4367820129140	0.259297892782	1	1	1	-1
5560000	1	6.24652810453e+14	-2173533773217	-4347067546435	0.259394410431	1	1	1	-1
5580000	1	6.262083888046e+14	-2163207328837	-4326414657673	0.2594906242247	1	1	1	-1
5600000	1	6.277645431276e+14	-2152930518262	-4305861036525	0.2595865337912	1	1	1	-1
5620000	1	6.29321271597e+14	-2142703128713	-4285406257426	0.2596821387966	1	1	1	-1
5640000	1	6.308785723858e+14	-2132524947802	-4265049895603	0.2597774389441	1	1	1	-1
5660000	1	6.324364436653e+14	-2122395763547	-4244791527095	0.2598724339732	1	1	1	-1
5680000	1	6.339948836054e+14	-2112315364384	-4224630728768	0.2599671236586	1	1	1	-1
5700000	1	6.355538903747e+14	-2102283539171	-4204567078342	0.2600615078091	1	1	1	-1
5720000	1	6.371134621408e+14	-2092300077203	-4184600154406	0.2601555862669	1	1	1	-1
5740000	1	6.386735970703e+14	-2082364768219	-4164729536437	0.2602493589067	1	1	1	-1
5760000	1	6.402342933294e+14	-2072477402410	-4144954804820	0.2603428256347	1	1	1	-1
5780000	1	6.417955490836e+14	-2062637770430	-4125275540861	0.2604359863878	1	1	1	-1
5800000	1	6.433573624982e+14	-2052845663404	-4105691326809	0.2605288411327	1	1	1	-1
5820000	1	6.449197317385e+14	-2043100872935	-4086201745870	0.2606213898653	1	1	1	-1
5840000	1	6.464826549696e+14	-2033403191111	-4066806382221	0.2607136326098	1	1	1	-1
5860000	1	6.480461303572e+14	-2023752410515	-4047504821031	0.2608055694177	1	1	1	-1
5880000	1	6.49610156067e+14	-2014148324234	-4028296648467	0.2608972003676	1	1	1	-1
5900000	1	6.511747302654e+14	-2004590725859	-4009181451719	0.2609885255637	1	1	1	-1
5920000	1	6.527398511197e+14	-1995079409502	-3990158819004	0.2610795451359	1	1	1	-1
5940000	1	6.543055167977e+14	-1985614169793	-3971228339586	0.2611702592386	1	1	1	-1
5960000	1	6.558717254685e+14	-1976194801893	-3952389603786	0.2612606680502	1	1	1	-1
5980000	1	6.574384753021e+14	-1966821101498	-3933642202995	0.2613507717724	1	1	1	-1
6000000	1	6.5900576447e+14	-1957492864844	-3914985729689	0.2614405706295	1	1	1	-1
6020000	1	6.605735911449e+14	-1948209888717	-3896419777435	0.261530064868	1	1	1	-1
6040000	1	6.621419535012e+14	-1938971970454	-3877943940907	0.2616192547556	1	1	1	-1
6060000	1	6.637108497149e+14	-1929778907948	-3859557815896	0.261708140581	1	1	1	-1
6080000	1	6.652802779638e+14	-1920630499660	-3841260999320	0.2617967226533	1	1	1	-1
6100000	1	6.668502364277e+14	-1911526544617	-3823053089234	0.2618850013011	1	1	1	-1
6120000	1	6.684207232882e+14	-1902466842420	-3804933684840	0.2619729768722	1	1	1	-1
6140000	1	6.699917367293e+14	-1893451193249	-3786902386497	0.2620606497329	1	1	1	-1
6160000	1	6.715632749371e+14	-1884479397865	-3768958795731	0.262148020268	1	1	1	-1
6180000	1	6.731353361001e+14	-1875551257620	-3751102515240	0.2622350888794	1	1	1	-1
6200000	1	6.747079184093e+14	-1866666574453	-3733333148907	0.2623218559864	1	1	1	-1
6220000	1	6.762810200582e+14	-1857825150903	-3715650301807	0.2624083220248	1	1	1	-1
6240000	1	6.778546392429e+14	-1849026790106	-3698053580213	0.2624944874466	1	1	1	-1
6260000	1	6.794287741624e+14	-1840271295802	-3680542591604	0.2625803527194	1	1	1	-1
6280000	1	6.810034230185e+14	-1831558472338	-3663116944676	0.2626659183259	1	1	1	-1
6300000	1	6.82578584016e+14	-1822888124671	-3645776249343	0.262751184764	1	1	1	-1
6320000	1	6.841542553625e+14	-1814260058374	-3628520116748	0.2628361525455	1	1	1	-1
6340000	1	6.85730435269e+14	-1805674079635	-3611348159269	0.2629208221964	1	1	1	-1
6360000	1	6.873071219496e+14	-1797129995261	-3594259990523	0.2630051942561	1	1	1	-1
6380000	1	6.888843136215e+14	-1788627612687	-3577255225374	0.2630892692773	1	1	1	-1
6400000	1	6.904620085055e+14	-1780166739969	-3560333479937	0.2631730478252	1	1	1	-1
6420000	1	6.920402048256e+14	-1771747185793	-3543494371586	0.2632565304777	1	1	1	-1
6440000	1	6.936189008095e+14	-1763368759478	-3526737518957	0.2633397178243	1	1	1	-1
6460000	1	6.951980946884e+14	-1755031270976	-3510062541952	0.2634226104665	1	1	1	-1
6480000	1	6.967777846971e+14	-1746734530873	-3493469061747	0.2635052090169	1	1	1	-1
6500000	1	6.983579690742e+14	-1738478350396	-3476956700793	0.2635875140991	1	1	1	-1
6520000	1	6.999386460618e+14	-1730262541412	-3460525082823	0.2636695263472	1	1	1	-1
6540000	1	7.015198139063e+14	-1722086916428	-3444173832855	0.2637512464058	1	1	1	-1
6560000	1	7.031014708576e+14	-1713951288598	-3427902577196	0.2638326749292	1	1	1	-1
6580000	1	7.046836151697e+14	-1705855471722	-3411710943443	0.2639138125816	1	1	1	-1
6600000	1	7.062662451006e+14	-1697799280246	-3395598560492	0.2639946600364	1	1	1	-1
6620000	1	7.078493589123e+14	-1689782529268	-3379565058537	0.2640752179761	1	1	1	-1
6640000	1	7.094329548711e+14	-1681805034536	-3363610069073	0.2641554870919	1	1	1	-1
6660000	1	7.110170312472e+14	-1673866612450	-3347733224901	0.2642354680835	1	1	1	-1
6680000	1	7.126015863153e+14	-1665967080065	-3331934160130	0.2643151616589	1	1	1	-1
6700000	1	7.141866183542e+14	-1658106255089	-3316212510178	0.2643945685339	1	1	1	-1
6720000	1	7.157721256471e+14	-1650283955889	-3300567911778	0.2644736894322	1	1	1	-1
6740000	1	7.173581064814e+14	-1642500001487	-3285000002974	0.2645525250845	1	1	1	-1
6760000	1	7.189445591491e+14	-1634754211566	-3269508423131	0.264631076229	1	1	1	-1
6780000	1	7.205314819465e+14	-1627046406465	-3254092812929	0.2647093436108	1	1	1	-1
6800000	1	7.221188731745e+14	-1619376407186	-3238752814371	0.2647873279815	1	1	1	-1
6820000	1	7.237067311385e+14	-1611744035390	-3223488070780	0.2648650300993	1	1	1	-1
6840000	1	7.252950541484e+14	-1604149113401	-3208298226802	0.2649424507285	1	1	1	-1
6860000	1	7.268838405187e+14	-1596591464205	-3193182928411	0.2650195906396	1	1	1	-1
6880000	1	7.284730885687e+14	-1589070911451	-3178141822901	0.2650964506085	1	1	1	-1
6900000	1	7.300627966222e+14	-1581587279449	-3163174558898	0.2651730314171	1	1	1	-1
6920000	1	7.316529630077e+14	-1574140393176	-3148280786352	0.2652493338523	1	1	1	-1
6940000	1	7.332435860586e+14	-1566730078271	-3133460156542	0.2653253587065	1	1	1	-1
6960000	1	7.348346641128e+14	-1559356161039	-3118712322078	0.2654011067767	1	1	1	-1
6980000	1	7.364261955132e+14	-1552018468447	-3104036936895	0.2654765788649	1	1	1	-1
7000000	1	7.380181786076e+14	-1544716828130	-3089433656261	0.2655517757776	1	1	1	-1
7020000	1	7.396106117484e+14	-1537451068386	-3074902136772	0.2656266983256	1	1	1	-1
7040000	1	7.412034932929e+14	-1530221018177	-3060442036354	0.2657013473242	1	1	1	-1
7060000	1	7.427968216036e+14	-1523026507132	-3046053014265	0.2657757235924	1	1	1	-1
7080000	1	7.443905950476e+14	-1515867365545	-3031734731089	0.2658498279533	1	1	1	-1
7100000	1	7.459848119971e+14	-1508743424371	-3017486848743	0.2659236612335	1	1	1	-1
7120000	1	7.475794708291e+14	-1501654515235	-3003309030470	0.2659972242634	1	1	1	-1
7140000	1	7.491745699259e+14	-1494600470422	-2989200940845	0.2660705178765	1	1	1	-1
7160000	1	7.507701076746e+14	-1487581122884	-2975162245768	0.2661435429097	1	1	1	-1
7180000	1	7.523660824672e+14	-1480596306235	-2961192612469	0.2662163002029	1	1	1	-1
7200000	1	7.53962492701e+14	-1473645854752	-2947291709504	0.2662887905989	1	1	1	-1
7220000	1	7.555593367783e+14	-1466729603377	-2933459206754	0.2663610149433	1	1	1	-1
7240000	1	7.571566131064e+14	-1459847387713	-2919694775426	0.2664329740843	1	1	1	-1
7260000	1	7.587543200977e+14	-1452999044026	-2905998088052	0.2665046688728	1	1	1	-1
7280000	1	7.603524561698e+14	-1446184409242	-2892368818485	0.2665761001616	1	1	1	-1
7300000	1	7.619510197452e+14	-1439403320950	-2878806641900	0.2666472688062	1	1	1	-1
7320000	1	7.635500092519e+14	-1432655617398	-2865311234795	0.266718175664	1	1	1	-1
7340000	1	7.651494231228e+14	-1425941137492	-2851882274985	0.2667888215943	1	1	1	-1
7360000	1	7.667492597959e+14	-1419259720801	-2838519441602	0.2668592074584	1	1	1	-1
7380000	1	7.683495177145e+14	-1412611207548	-2825222415096	0.2669293341192	1	1	1	-1
7400000	1	7.699501953271e+14	-1405995438616	-2811990877231	0.2669992024413	1	1	1	-1
7420000	1	7.715512910872e+14	-1399412255543	-2798824511086	0.2670688132907	1	1	1	-1
7440000	1	7.731528034539e+14	-1392861500523	-2785723001047	0.2671381675349	1	1	1	-1
7460000	1	7.74754730891e+14	-1386343016407	-2772686032814	0.2672072660426	1	1	1	-1
7480000	1	7.763570718678e+14	-1379856646696	-2759713293391	0.2672761096837	1	1	1	-1
7500000	1	7.779598248588e+14	-1373402235546	-2746804471092	0.2673446993291	1	1	1	-1
7520000	1	7.795629883437e+14	-1366979627765	-2733959255531	0.2674130358508	1	1	1	-1
7540000	1	7.811665608074e+14	-1360588668813	-2721177337625	0.2674811201216	1	1	1	-1
7560000	1	7.827705407401e+14	-1354229204796	-2708458409592	0.2675489530149	1	1	1	-1
7580000	1	7.843749266371e+14	-1347901082473	-2695802164946	0.2676165354051	1	1	1	-1
7600000	1	7.859797169992e+14	-1341604149248	-2683208298497	0.267683868167	1	1	1	-1
7620000	1	7.875849103321e+14	-1335338253173	-2670676506347	0.2677509521757	1	1	1	-1
7640000	1	7.891905051472e+14	-1329103242945	-2658206485890	0.2678177883072	1	1	1	-1
7660000	1	7.907964999606e+14	-1322898967904	-2645797935808	0.2678843774372	1	1	1	-1
7680000	1	7.924028932941e+14	-1316725278034	-2633450556067	0.2679507204422	1	1	1	-1
7700000	1	7.940096836746e+14	-1310582023960	-2621164047920	0.2680168181985	1	1	1	-1
7720000	1	7.956168696342e+14	-1304469056949	-2608938113898	0.2680826715826	1	1	1	-1
7740000	1	7.972244497104e+14	-1298386228906	-2596772457811	0.268148281471	1	1	1	-1
7760000	1	7.988324224458e+14	-1292333392372	-2584666784745	0.26821364874	1	1	1	-1
7780000	1	8.004407863882e+14	-1286310400529	-2572620801058	0.2682787742659	1	1	1	-1
7800000	1	8.02049540091e+14	-1280317107189	-2560634214379	0.2683436589247	1	1	1	-1
7820000	1	8.036586821125e+14	-1274353366802	-2548706733604	0.2684083035922	1	1	1	-1
7840000	1	8.052682110164e+14	-1268419034447	-2536838068894	0.2684727091435	1	1	1	-1
7860000	1	8.068781253715e+14	-1262513965836	-2525027931672	0.2685368764538	1	1	1	-1
7880000	1	8.084884237522e+14	-1256638017309	-2513276034619	0.2686008063973	1	1	1	-1
7900000	1	8.100991047377e+14	-1250791045836	-2501582091673	0.268664499848	1	1	1	-1
7920000	1	8.117101669127e+14	-1244972909012	-2489945818024	0.268727957679	1	1	1	-1
7940000	1	8.133216088672e+14	-1239183465056	-2478366930113	0.2687911807629	1	1	1	-1
7960000	1	8.149334291961e+14	-1233422572814	-2466845145627	0.2688541699714	1	1	1	-1
7980000	1	8.165456264999e+14	-1227690091749	-2455380183498	0.2689169261756	1	1	1	-1
8000000	1	8.18158199384e+14	-1221985881948	-2443971763897	0.2689794502456	1	1	1	-1
8020000	1	8.197711464593e+14	-1216309804117	-2432619608234	0.2690417430505	1	1	1	-1
8040000	1	8.213844663417e+14	-1210661719577	-2421323439155	0.2691038054587	1	1	1	-1
8060000	1	8.229981576524e+14	-1205041490266	-2410082980533	0.2691656383373	1	1	1	-1
8080000	1	8.246122190177e+14	-1199448978736	-2398897957472	0.2692272425525	1	1	1	-1
8100000	1	8.262266490693e+14	-1193884048151	-2387768096302	0.2692886189694	1	1	1	-1
8120000	1	8.278414464438e+14	-1188346562285	-2376693124571	0.2693497684517	1	1	1	-1
8140000	1	8.294566097833e+14	-1182836385524	-2365672771047	0.2694106918622	1	1	1	-1
8160000	1	8.310721377347e+14	-1177353382857	-2354706765714	0.2694713900622	1	1	1	-1
8180000	1	8.326880289504e+14	-1171897419882	-2343794839765	0.2695318639118	1	1	1	-1
8200000	1	8.343042820877e+14	-1166468362801	-2332936725602	0.2695921142696	1	1	1	-1
8220000	1	8.359208958092e+14	-1161066078417	-2322132156833	0.2696521419932	1	1	1	-1
8240000	1	8.375378687826e+14	-1155690434133	-2311380868266	0.2697119479382	1	1	1	-1
8260000	1	8.391551996806e+14	-1150341297953	-2300682595906	0.2697715329592	1	1	1	-1
8280000	1	8.407728871813e+14	-1145018538477	-2290037076953	0.2698308979091	1	1	1	-1
8300000	1	8.423909299677e+14	-1139722024900	-2279444049799	0.2698900436392	1	1	1	-1
8320000	1	8.440093267278e+14	-1134451627011	-2268903254021	0.2699489709993	1	1	1	-1
8340000	1	8.456280761549e+14	-1129207215191	-2258414430382	0.2700076808376	1	1	1	-1
8360000	1	8.472471769474e+14	-1123988660411	-2247977320822	0.2700661740005	1	1	1	-1
8380000	1	8.488666278086e+14	-1118795834230	-2237591668460	0.2701244513328	1	1	1	-1
8400000	1	8.50486427447e+14	-1113628608794	-2227257217588	0.2701825136776	1	1	1	-1
8420000	1	8.52106574576e+14	-1108486856833	-2216973713666	0.2702403618762	1	1	1	-1
8440000	1	8.537270679142e+14	-1103370451660	-2206740903321	0.2702979967681	1	1	1	-1
8460000	1	8.553479061851e+14	-1098279267170	-2196558534340	0.270355419191	1	1	1	-1
8480000	1	8.569690881173e+14	-1093213177835	-2186426355670	0.2704126299807	1	1	1	-1
8500000	1	8.585906124444e+14	-1088172058707	-2176344117413	0.2704696299713	1	1	1	-1
8520000	1	8.60212477905e+14	-1083155785410	-2166311570821	0.2705264199947	1	1	1	-1
8540000	1	8.618346832426e+14	-1078164234146	-2156328468293	0.2705830008811	1	1	1	-1
8560000	1	8.634572272058e+14	-1073197281686	-2146394563372	0.2706393734587	1	1	1	-1
8580000	1	8.65080108548e+14	-1068254805371	-2136509610742	0.2706955385536	1	1	1	-1
8600000	1	8.667033260276e+14	-1063336683111	-2126673366221	0.27075149699	1	1	1	-1
8620000	1	8.683268784082e+14	-1058442793380	-2116885586761	0.27080724959	1	1	1	-1
8640000	1	8.699507644578e+14	-1053573015221	-2107146030441	0.2708627971737	1	1	1	-1
8660000	1	8.715749829499e+14	-1048727228233	-2097454456466	0.270918140559	1	1	1	-1
8680000	1	8.731995326624e+14	-1043905312581	-2087810625162	0.270973280562	1	1	1	-1
8700000	1	8.748244123783e+14	-1039107148985	-2078214297970	0.2710282179963	1	1	1	-1
8720000	1	8.764496208855e+14	-1034332618724	-2068665237449	0.2710829536735	1	1	1	-1
8740000	1	8.780751569768e+14	-1029581603631	-2059163207262	0.2711374884031	1	1	1	-1
8760000	1	8.797010194497e+14	-1024853986091	-2049707972181	0.2711918229923	1	1	1	-1
8780000	1	8.813272071066e+14	-1020149649040	-2040299298081	0.2712459582463	1	1	1	-1
8800000	1	8.829537187547e+14	-1015468475966	-2030936951931	0.2712998949678	1	1	1	-1
8820000	1	8.845805532061e+14	-1010810350899	-2021620701798	0.2713536339575	1	1	1	-1
8840000	1	8.862077092776e+14	-1006175158419	-2012350316838	0.2714071760136	1	1	1	-1
8860000	1	8.878351857907e+14	-1001562783646	-2003125567292	0.2714605219324	1	1	1	-1
8880000	1	8.89462981572e+14	-996973112243.5	-1993946224487	0.2715136725075	1	1	1	-1
8900000	1	8.910910954524e+14	-992406030412.9	-1984812060826	0.2715666285304	1	1	1	-1
8920000	1	8.927195262678e+14	-987861424893.7	-1975722849787	0.2716193907904	1	1	1	-1
8940000	1	8.943482728589e+14	-983339182960.8	-1966678365922	0.2716719600741	1	1	1	-1
8960000	1	8.959773340709e+14	-978839192422.8	-1957678384846	0.2717243371662	1	1	1	-1
8980000	1	8.976067087539e+14	-974361341619.7	-1948722683239	0.2717765228488	1	1	1	-1
9000000	1	8.992363957624e+14	-969905519421.4	-1939811038843	0.2718285179015	1	1	1	-1
9020000	1	9.008663939559e+14	-965471615225.3	-1930943230451	0.2718803231018	1	1	1	-1
9040000	1	9.024967021983e+14	-961059518955	-1922119037910	0.2719319392247	1	1	1	-1
9060000	1	9.041273193583e+14	-956669121057.5	-1913338242115	0.2719833670426	1	1	1	-1
9080000	1	9.057582443091e+14	-952300312502.1	-1904600625004	0.2720346073259	1	1	1	-1
9100000	1	9.073894759286e+14	-947952984777.7	-1895905969555	0.2720856608421	1	1	1	-1
9120000	1	9.090210130994e+14	-943627029891.3	-1887254059783	0.2721365283566	1	1	1	-1
9140000	1	9.106528547083e+14	-939322340366.3	-1878644680733	0.2721872106322	1	1	1	-1
9160000	1	9.122849996471e+14	-935038809239.6	-1870077618479	0.2722377084293	1	1	1	-1
9180000	1	9.13917446812e+14	-930776330060.7	-1861552660121	0.2722880225058	1	1	1	-1
9200000	1	9.155501951035e+14	-926534796889.2	-1853069593778	0.2723381536172	1	1	1	-1
9220000	1	9.17183243427e+14	-922314104292.9	-1844628208586	0.2723881025164	1	1	1	-1
9240000	1	9.188165906922e+14	-918114147345.8	-1836228294692	0.2724378699539	1	1	1	-1
9260000	1	9.204502358132e+14	-913934821626.4	-1827869643253	0.2724874566776	1	1	1	-1
9280000	1	9.220841777089e+14	-909776023215.5	-1819552046431	0.2725368634332	1	1	1	-1
9300000	1	9.237184153024e+14	-905637648694.4	-1811275297389	0.2725860909634	1	1	1	-1
9320000	1	9.253529475213e+14	-901519595142.9	-1803039190286	0.2726351400088	1	1	1	-1
9340000	1	9.269877732976e+14	-897421760137.3	-1794843520275	0.2726840113073	1	1	1	-1
9360000	1	9.286228915678e+14	-893344041748.6	-1786688083497	0.2727327055944	1	1	1	-1
9380000	1	9.302583012727e+14	-889286338540.2	-1778572677080	0.2727812236028	1	1	1	-1
9400000	1	9.318940013577e+14	-885248549566.5	-1770497099133	0.272829566063	1	1	1	-1
9420000	1	9.335299907723e+14	-881230574370.6	-1762461148741	0.2728777337027	1	1	1	-1
9440000	1	9.351662684706e+14	-877232312982.2	-1754464625964	0.2729257272472	1	1	1	-1
9460000	1	9.368028334108e+14	-873253665916.2	-1746507331832	0.2729735474191	1	1	1	-1
9480000	1	9.384396845555e+14	-869294534170.3	-1738589068341	0.2730211949388	1	1	1	-1
9500000	1	9.400768208718e+14	-865354819223.2	-1730709638446	0.2730686705237	1	1	1	-1
9520000	1	9.417142413309e+14	-861434423032.5	-1722868846065	0.2731159748889	1	1	1	-1
9540000	1	9.433519449083e+14	-857533248033.4	-1715066496067	0.2731631087469	1	1	1	-1
9560000	1	9.449899305838e+14	-853651197135.8	-1707302394272	0.2732100728077	1	1	1	-1
9580000	1	9.466281973414e+14	-849788173723.3	-1699576347447	0.2732568677785	1	1	1	-1
9600000	1	9.482667441695e+14	-845944081650.4	-1691888163301	0.2733034943642	1	1	1	-1
9620000	1	9.499055700605e+14	-842118825241.5	-1684237650483	0.273349953267	1	1	1	-1
9640000	1	9.515446740111e+14	-838312309288.2	-1676624618576	0.2733962451866	1	1	1	-1
9660000	1	9.531840550222e+14	-834524439047.8	-1669048878096	0.2734423708201	1	1	1	-1
9680000	1	9.548237120989e+14	-830755120241.2	-1661510240482	0.2734883308619	1	1	1	-1
9700000	1	9.564636442504e+14	-827004259051.1	-1654008518102	0.273534126004	1	1	1	-1
9720000	1	9.5810385049e+14	-823271762120.1	-1646543524240	0.2735797569358	1	1	1	-1
9740000	1	9.597443298352e+14	-819557536548.6	-1639115073097	0.2736252243441	1	1	1	-1
9760000	1	9.613850813076e+14	-815861489893.2	-1631722979786	0.2736705289131	1	1	1	-1
9780000	1	9.630261039329e+14	-812183530164.4	-1624367060329	0.2737156713244	1	1	1	-1
9800000	1	9.646673967409e+14	-808523565825.1	-1617047131650	0.2737606522573	1	1	1	-1
9820000	1	9.663089587653e+14	-804881505788.6	-1609763011577	0.2738054723881	1	1	1	-1
9840000	1	9.679507890441e+14	-801257259416.3	-1602514518833	0.2738501323908	1	1	1	-1
9860000	1	9.695928866191e+14	-797650736516.6	-1595301473033	0.2738946329368	1	1	1	-1
9880000	1	9.712352505364e+14	-794061847342.3	-1588123694685	0.2739389746949	1	1	1	-1
9900000	1	9.728778798457e+14	-790490502588.9	-1580981005178	0.2739831583314	1	1	1	-1
9920000	1	9.745207736012e+14	-786936613392.9	-1573873226786	0.2740271845099	1	1	1	-1
9940000	1	9.761639308605e+14	-783400091330	-1566800182660	0.2740710538915	1	1	1	-1
9960000	1	9.778073506856e+14	-779880848412.8	-1559761696826	0.2741147671348	1	1	1	-1
9980000	1	9.794510321423e+14	-776378797089.3	-1552757594179	0.2741583248958	1	1	1	-1
10000000	1	9.810949743002e+14	-772893850240.8	-1545787700482	0.2742017278279	1	1	1	-1
10020000	1	9.827391762331e+14	-769425921180.3	-1538851842361	0.274244976582	1	1	1	-1
10040000	1	9.843836370183e+14	-765974923650.5	-1531949847301	0.2742880718064	1	1	1	-1
10060000	1	9.860283557374e+14	-762540771821.8	-1525081543644	0.274331014147	1	1	1	-1
10080000	1	9.876733314755e+14	-759123380290.7	-1518246760581	0.274373804247	1	1	1	-1
10100000	1	9.893185633218e+14	-755722664078	-1511445328156	0.274416442747	1	1	1	-1
10120000	1	9.909640503693e+14	-752338538626.5	-1504677077253	0.2744589302852	1	1	1	-1
10140000	1	9.926097917146e+14	-748970919799.7	-1497941839599	0.2745012674973	1	1	1	-1
10160000	1	9.942557864584e+14	-745619723879.6	-1491239447759	0.2745434550162	1	1	1	-1
10180000	1	9.95902033705e+14	-742284867565.2	-1484569735130	0.2745854934727	1	1	1	-1
10200000	1	9.975485325625e+14	-738966267970.4	-1477932535941	0.2746273834947	1	1	1	-1
10220000	1	9.991952821428e+14	-735663842622.1	-1471327685244	0.2746691257077	1	1	1	-1
10240000	1	1.000842281562e+15	-732377509458.8	-1464755018918	0.2747107207348	1	1	1	-1
10260000	1	1.002489529938e+15	-729107186828.4	-1458214373657	0.2747521691964	1	1	1	-1
10280000	1	1.004137026396e+15	-725852793486.7	-1451705586973	0.2747934717104	1	1	1	-1
10300000	1	1.005784770061e+15	-722614248595.2	-1445228497190	0.2748346288924	1	1	1	-1
10320000	1	1.007432760064e+15	-719391471719.8	-1438782943440	0.2748756413553	1	1	1	-1
10340000	1	1.009080995539e+15	-716184382828.5	-1432368765657	0.2749165097097	1	1	1	-1
10360000	1	1.010729475625e+15	-712992902290	-1425985804580	0.2749572345633	1	1	1	-1
10380000	1	1.012378199462e+15	-709816950871.8	-1419633901744	0.2749978165219	1	1	1	-1
10400000	1	1.014027166195e+15	-706656449738.3	-1413312899477	0.2750382561883	1	1	1	-1
10420000	1	1.015676374973e+15	-703511320449.1	-1407022640898	0.2750785541632	1	1	1	-1
10440000	1	1.017325824949e+15	-700381484957.5	-1400762969915	0.2751187110445	1	1	1	-1
10460000	1	1.018975515277e+15	-697266865608.1	-1394533731216	0.2751587274279	1	1	1	-1
10480000	1	1.020625445119e+15	-694167385135.7	-1388334770271	0.2751986039066	1	1	1	-1
10500000	1	1.022275613635e+15	-691082966663.3	-1382165933327	0.2752383410711	1	1	1	-1
10520000	1	1.023926019993e+15	-688013533700.1	-1376027067400	0.2752779395098	1	1	1	-1
10540000	1	1.025576663364e+15	-684959010140.2	-1369918020280	0.2753173998084	1	1	1	-1
10560000	1	1.027227542919e+15	-681919320260.6	-1363838640521	0.2753567225503	1	1	1	-1
10580000	1	1.028878657837e+15	-678894388719.3	-1357788777439	0.2753959083164	1	1	1	-1
10600000	1	1.030530007298e+15	-675884140554	-1351768281108	0.2754349576851	1	1	1	-1
10620000	1	1.032181590485e+15	-672888501180.2	-1345777002360	0.2754738712326	1	1	1	-1
10640000	1	1.033833406586e+15	-669907396389.1	-1339814792778	0.2755126495325	1	1	1	-1
10660000	1	1.035485454792e+15	-666940752346.7	-1333881504693	0.275551293156	1	1	1	-1
10680000	1	1.037137734298e+15	-663988495591.1	-1327976991182	0.275589802672	1	1	1	-1
10700000	1	1.038790244299e+15	-661050553031.6	-1322101106063	0.2756281786469	1	1	1	-1
10720000	1	1.040442983999e+15	-658126851946.8	-1316253703894	0.2756664216448	1	1	1	-1
10740000	1	1.0420959526e+15	-655217319982.5	-1310434639965	0.2757045322273	1	1	1	-1
10760000	1	1.043749149311e+15	-652321885150.4	-1304643770301	0.2757425109537	1	1	1	-1
10780000	1	1.045402573343e+15	-649440475826.6	-1298880951653	0.2757803583808	1	1	1	-1
10800000	1	1.04705622391e+15	-646573020749.4	-1293146041499	0.2758180750634	1	1	1	-1
10820000	1	1.04871010023e+15	-643719449018	-1287438898036	0.2758556615534	1	1	1	-1
10840000	1	1.050364201524e+15	-640879690090.6	-1281759380181	0.2758931184009	1	1	1	-1
10860000	1	1.052018527016e+15	-638053673782.9	-1276107347566	0.2759304461532	1	1	1	-1
10880000	1	1.053673075935e+15	-635241330266.6	-1270482660533	0.2759676453554	1	1	1	-1
10900000	1	1.05532784751e+15	-632442590067.2	-1264885180134	0.2760047165505	1	1	1	-1
10920000	1	1.056982840976e+15	-629657384062.9	-1259314768126	0.2760416602789	1	1	1	-1
10940000	1	1.05863805557e+15	-626885643482.9	-1253771286966	0.2760784770787	1	1	1	-1
10960000	1	1.060293490533e+15	-624127299905.3	-1248254599811	0.2761151674857	1	1	1	-1
10980000	1	1.061949145108e+15	-621382285256.1	-1242764570512	0.2761517320337	1	1	1	-1
11000000	1	1.063605018544e+15	-618650531807	-1237301063614	0.2761881712537	1	1	1	-1
11020000	1	1.065261110088e+15	-615931972174.2	-1231863944348	0.2762244856747	1	1	1	-1
11040000	1	1.066917418996e+15	-613226539316.7	-1226453078633	0.2762606758234	1	1	1	-1
11060000	1	1.068573944523e+15	-610534166534.4	-1221068333069	0.2762967422242	1	1	1	-1
11080000	1	1.070230685929e+15	-607854787467.1	-1215709574934	0.2763326853992	1	1	1	-1
11100000	1	1.071887642477e+15	-605188336092.1	-1210376672184	0.2763685058683	1	1	1	-1
11120000	1	1.073544813433e+15	-602534746723.2	-1205069493446	0.276404204149	1	1	1	-1
11140000	1	1.075202198064e+15	-599893954009.2	-1199787908018	0.2764397807567	1	1	1	-1
11160000	1	1.076859795645e+15	-597265892931.7	-1194531785863	0.2764752362044	1	1	1	-1
11180000	1	1.078517605449e+15	-594650498804.1	-1189300997608	0.2765105710031	1	1	1	-1
11200000	1	1.080175626755e+15	-592047707269.7	-1184095414539	0.2765457856614	1	1	1	-1
11220000	1	1.081833858843e+15	-589457454300.4	-1178914908601	0.2765808806857	1	1	1	-1
11240000	1	1.083492300999e+15	-586879676194.8	-1173759352390	0.2766158565802	1	1	1	-1
11260000	1	1.085150952509e+15	-584314309577.2	-1168628619154	0.2766507138469	1	1	1	-1
11280000	1	1.086809812663e+15	-581761291395.3	-1163522582791	0.2766854529856	1	1	1	-1
11300000	1	1.088468880755e+15	-579220558919.2	-1158441117838	0.2767200744939	1	1	1	-1
11320000	1	1.090128156081e+15	-576692049739.9	-1153384099480	0.2767545788672	1	1	1	-1
11340000	1	1.091787637941e+15	-574175701767.3	-1148351403535	0.2767889665987	1	1	1	-1
11360000	1	1.093447325635e+15	-571671453229.1	-1143342906458	0.2768232381796	1	1	1	-1
11380000	1	1.09510721847e+15	-569179242669.3	-1138358485339	0.2768573940987	1	1	1	-1
11400000	1	1.096767315752e+15	-566699008946.2	-1133398017892	0.2768914348428	1	1	1	-1
11420000	1	1.098427616794e+15	-564230691231.4	-1128461382463	0.2769253608965	1	1	1	-1
11440000	1	1.100088120909e+15	-561774229008.2	-1123548458016	0.2769591727423	1	1	1	-1
11460000	1	1.101748827414e+15	-559329562069.8	-1118659124140	0.2769928708605	1	1	1	-1
11480000	1	1.103409735627e+15	-556896630518.3	-1113793261037	0.2770264557293	1	1	1	-1
11500000	1	1.105070844872e+15	-554475374762.7	-1108950749525	0.2770599278248	1	1	1	-1
11520000	1	1.106732154474e+15	-552065735517.8	-1104131471036	0.2770932876209	1	1	1	-1
11540000	1	1.10839366376e+15	-549667653802.4	-1099335307605	0.2771265355897	1	1	1	-1
11560000	1	1.110055372062e+15	-547281070938.3	-1094562141877	0.2771596722008	1	1	1	-1
11580000	1	1.111717278714e+15	-544905928548.4	-1089811857097	0.277192697922	1	1	1	-1
11600000	1	1.113379383052e+15	-542542168555.3	-1085084337111	0.2772256132189	1	1	1	-1
11620000	1	1.115041684415e+15	-540189733180	-1080379466360	0.277258418555	1	1	1	-1
11640000	1	1.116704182145e+15	-537848564940.5	-1075697129881	0.2772911143918	1	1	1	-1
11660000	1	1.118366875587e+15	-535518606650.1	-1071037213300	0.2773237011887	1	1	1	-1
11680000	1	1.120029764089e+15	-533199801416.3	-1066399602833	0.2773561794032	1	1	1	-1
11700000	1	1.121692847002e+15	-530892092638.9	-1061784185278	0.2773885494905	1	1	1	-1
11720000	1	1.123356123677e+15	-528595424009.1	-1057190848018	0.2774208119041	1	1	1	-1
11740000	1	1.125019593471e+15	-526309739507.8	-1052619479016	0.277452967095	1	1	1	-1
11760000	1	1.126683255743e+15	-524034983404.1	-1048069966808	0.2774850155127	1	1	1	-1
11780000	1	1.128347109853e+15	-521771100254.1	-1043542200508	0.2775169576043	1	1	1	-1
11800000	1	1.130011155166e+15	-519518034899.5	-1039036069799	0.2775487938151	1	1	1	-1
11820000	1	1.131675391047e+15	-517275732465.9	-1034551464932	0.2775805245884	1	1	1	-1
11840000	1	1.133339816866e+15	-515044138361.7	-1030088276723	0.2776121503654	1	1	1	-1
11860000	1	1.135004431995e+15	-512823198276.9	-1025646396554	0.2776436715854	1	1	1	-1
11880000	1	1.136669235808e+15	-510612858181	-1021225716362	0.2776750886857	1	1	1	-1
11900000	1	1.138334227683e+15	-508413064322.5	-1016826128645	0.2777064021017	1	1	1	-1
11920000	1	1.139999406997e+15	-506223763226.8	-1012447526454	0.2777376122667	1	1	1	-1
11940000	1	1.141664773135e+15	-504044901695.2	-1008089803390	0.2777687196122	1	1	1	-1
11960000	1	1.143330325481e+15	-501876426803.8	-1003752853608	0.2777997245677	1	1	1	-1
11980000	1	1.144996063422e+15	-499718285901.5	-999436571802.9	0.2778306275607	1	1	1	-1
12000000	1	1.146661986348e+15	-497570426609	-995140853217.9	0.2778614290169	1	1	1	-1
12020000	1	1.148328093651e+15	-495432796817.6	-990865593635.1	0.27789212936	1	1	1	-1
12040000	1	1.149994384728e+15	-493305344687.6	-986610689375.2	0.2779227290118	1	1	1	-1
12060000	1	1.151660858974e+15	-491188018647.1	-982376037294.3	0.2779532283922	1	1	1	-1
12080000	1	1.15332751579e+15	-489080767390.8	-978161534781.7	0.2779836279192	1	1	1	-1
12100000	1	1.154994354579e+15	-486983539878.4	-973967079756.7	0.2780139280089	1	1	1	-1
12120000	1	1.156661374745e+15	-484896285333.2	-969792570666.5	0.2780441290755	1	1	1	-1
12140000	1	1.158328575697e+15	-482818953241.5	-965637906483	0.2780742315315	1	1	1	-1
12160000	1	1.159995956844e+15	-480751493350.4	-961502986700.7	0.2781042357873	1	1	1	-1
12180000	1	1.161663517599e+15	-478693855667	-957387711334	0.2781341422516	1	1	1	-1
12200000	1	1.163331257376e+15	-476645990457.2	-953291980914.3	0.278163951331	1	1	1	-1
12220000	1	1.164999175593e+15	-474607848243.9	-949215696487.9	0.2781936634307	1	1	1	-1
12240000	1	1.166667271669e+15	-472579379806.4	-945158759612.9	0.2782232789536	1	1	1	-1
12260000	1	1.168335545028e+15	-470560536178.6	-941121072357.2	0.2782527983011	1	1	1	-1
12280000	1	1.170003995092e+15	-468551268647.7	-937102537295.5	0.2782822218726	1	1	1	-1
12300000	1	1.171672621289e+15	-466551528753.6	-933103057507.1	0.2783115500657	1	1	1	-1
12320000	1	1.173341423049e+15	-464561268286.6	-929122536573.3	0.2783407832764	1	1	1	-1
12340000	1	1.175010399804e+15	-462580439287.3	-925160878574.5	0.2783699218986	1	1	1	-1
12360000	1	1.176679550986e+15	-460608994044.2	-921217988088.4	0.2783989663246	1	1	1	-1
12380000	1	1.178348876033e+15	-458646885093.5	-917293770187	0.2784279169448	1	1	1	-1
12400000	1	1.180018374383e+15	-456694065217.1	-913388130434.2	0.278456774148	1	1	1	-1
12420000	1	1.181688045478e+15	-454750487441.7	-909500974883.5	0.278485538321	1	1	1	-1
12440000	1	1.18335788876e+15	-452816105037.7	-905632210075.3	0.2785142098491	1	1	1	-1
12460000	1	1.185027903676e+15	-450890871517.4	-901781743034.8	0.2785427891156	1	1	1	-1
12480000	1	1.186698089673e+15	-448974740634.6	-897949481269.2	0.2785712765022	1	1	1	-1
12500000	1	1.188368446201e+15	-447067666382.8	-894135332765.5	0.2785996723888	1	1	1	-1
12520000	1	1.190038972714e+15	-445169602994	-890339205988	0.2786279771537	1	1	1	-1
12540000	1	1.191709668665e+15	-443280504937.9	-886561009875.8	0.2786561911731	1	1	1	-1
12560000	1	1.193380533513e+15	-441400326920.4	-882800653840.8	0.2786843148221	1	1	1	-1
12580000	1	1.195051566715e+15	-439529023882.4	-879058047764.7	0.2787123484734	1	1	1	-1
12600000	1	1.196722767735e+15	-437666550998.6	-875333101997.3	0.2787402924986	1	1	1	-1
12620000	1	1.198394136034e+15	-435812863676.7	-871625727353.5	0.2787681472672	1	1	1	-1
12640000	1	1.20006567108e+15	-433967917555.7	-867935835111.4	0.2787959131472	1	1	1	-1
12660000	1	1.201737372341e+15	-432131668504.9	-864263337009.9	0.2788235905048	1	1	1	-1
12680000	1	1.203409239286e+15	-430304072623	-860608145246	0.2788511797047	1	1	1	-1
12700000	1	1.205081271388e+15	-428485086236.5	-856970172473.1	0.2788786811098	1	1	1	-1
12720000	1	1.206753468123e+15	-426674665899	-853349331798	0.2789060950814	1	1	1	-1
12740000	1	1.208425828966e+15	-424872768389.7	-849745536779.3	0.2789334219791	1	1	1	-1
12760000	1	1.210098353397e+15	-423079350712.2	-846158701424.5	0.2789606621609	1	1	1	-1
12780000	1	1.211771040897e+15	-421294370094	-842588740188	0.278987815983	1	1	1	-1
12800000	1	1.21344389095e+15	-419517783984.4	-839035567968.9	0.2790148838004	1	1	1	-1
12820000	1	1.215116903039e+15	-417749550054.3	-835499100108.6	0.2790418659659	1	1	1	-1
12840000	1	1.216790076654e+15	-415989626194.3	-831979252388.6	0.2790687628311	1	1	1	-1
12860000	1	1.218463411284e+15	-414237970514.1	-828475941028.2	0.2790955747459	1	1	1	-1
12880000	1	1.22013690642e+15	-412494541341.2	-824989082682.5	0.2791223020585	1	1	1	-1
12900000	1	1.221810561556e+15	-410759297219.9	-821518594439.8	0.2791489451156	1	1	1	-1
12920000	1	1.223484376189e+15	-409032196909.9	-818064393819.8	0.2791755042622	1	1	1	-1
12940000	1	1.225158349815e+15	-407313199385.5	-814626398771.1	0.2792019798419	1	1	1	-1
12960000	1	1.226832481935e+15	-405602263834.5	-811204527668.9	0.2792283721967	1	1	1	-1
12980000	1	1.228506772051e+15	-403899349656.8	-807798699313.5	0.2792546816667	1	1	1	-1
13000000	1	1.230181219667e+15	-402204416463.7	-804408832927.3	0.2792809085909	1	1	1	-1
13020000	1	1.231855824289e+15	-400517424076.6	-801034848153.2	0.2793070533065	1	1	1	-1
13040000	1	1.233530585425e+15	-398838332526	-797676665052	0.2793331161491	1	1	1	-1
13060000	1	1.235205502586e+15	-397167102050.4	-794334204100.9	0.2793590974531	1	1	1	-1
13080000	1	1.236880575282e+15	-395503693095.3	-791007386190.6	0.2793849975508	1	1	1	-1
13100000	1	1.23855580303e+15	-393848066311.9	-787696132623.8	0.2794108167736	1	1	1	-1
13120000	1	1.240231185344e+15	-392200182556.4	-784400365112.9	0.2794365554509	1	1	1	-1
13140000	1	1.241906721742e+15	-390560002888.8	-781120005777.6	0.2794622139109	1	1	1	-1
13160000	1	1.243582411745e+15	-388927488571.6	-777854977143.2	0.27948779248	1	1	1	-1
13180000	1	1.245258254875e+15	-387302601069.3	-774605202138.5	0.2795132914834	1	1	1	-1
13200000	1	1.246934250655e+15	-385685302046.8	-771370604093.5	0.2795387112446	1	1	1	-1
13220000	1	1.248610398611e+15	-384075553368.7	-768151106737.5	0.2795640520858	1	1	1	-1
13240000	1	1.250286698271e+15	-382473317098.4	-764946634196.8	0.2795893143275	1	1	1	-1
13260000	1	1.251963149165e+15	-380878555496.5	-761757110993.1	0.2796144982889	1	1	1	-1
13280000	1	1.253639750825e+15	-379291231020.5	-758582462041.1	0.2796396042876	1	1	1	-1
13300000	1	1.255316502783e+15	-377711306323.3	-755422612646.6	0.2796646326399	1	1	1	-1
13320000	1	1.256993404576e+15	-376138744252.3	-752277488504.7	0.2796895836605	1	1	1	-1
13340000	1	1.25867045574e+15	-374573507848.6	-749147015697.1	0.2797144576628	1	1	1	-1
13360000	1	1.260347655814e+15	-373015560345.5	-746031120691	0.2797392549587	1	1	1	-1
13380000	1	1.262025004341e+15	-371464865168.3	-742929730336.6	0.2797639758585	1	1	1	-1
13400000	1	1.263702500861e+15	-369921385932.6	-739842771865.1	0.2797886206713	1	1	1	-1
13420000	1	1.265380144922e+15	-368385086443.5	-736770172887	0.2798131897048	1	1	1	-1
13440000	1	1.267057936068e+15	-366855930694.9	-733711861389.8	0.279837683265	1	1	1	-1
13460000	1	1.268735873848e+15	-365333882868.3	-730667765736.5	0.2798621016569	1	1	1	-1
13480000	1	1.270413957812e+15	-363818907331.6	-727637814663.2	0.2798864451838	1	1	1	-1
13500000	1	1.272092187513e+15	-362310968638.7	-724621937277.3	0.2799107141476	1	1	1	-1
13520000	1	1.273770562504e+15	-360810031528	-721620063056	0.279934908849	1	1	1	-1
13540000	1	1.275449082341e+15	-359316060921.9	-718632121843.7	0.2799590295872	1	1	1	-1
13560000	1	1.277127746582e+15	-357829021925.3	-715658043850.6	0.2799830766601	1	1	1	-1
13580000	1	1.278806554785e+15	-356348879825.3	-712697759650.5	0.2800070503641	1	1	1	-1
13600000	1	1.280485506511e+15	-354875600089.6	-709751200179.3	0.2800309509944	1	1	1	-1
13620000	1	1.282164601324e+15	-353409148366.3	-706818296732.6	0.2800547788448	1	1	1	-1
13640000	1	1.283843838787e+15	-351949490482.1	-703898980964.2	0.2800785342076	1	1	1	-1
13660000	1	1.285523218468e+15	-350496592442.2	-700993184884.3	0.2801022173739	1	1	1	-1
13680000	1	1.287202739933e+15	-349050420428.7	-698100840857.4	0.2801258286335	1	1	1	-1
13700000	1	1.288882402753e+15	-347610940800.2	-695221881600.4	0.2801493682748	1	1	1	-1
13720000	1	1.2905622065e+15	-346178120090.6	-692356240181.3	0.2801728365849	1	1	1	-1
13740000	1	1.292242150745e+15	-344751925008.3	-689503850016.5	0.2801962338494	1	1	1	-1
13760000	1	1.293922235065e+15	-343332322435	-686664644870	0.280219560353	1	1	1	-1
13780000	1	1.295602459035e+15	-341919279425.4	-683838558850.8	0.2802428163787	1	1	1	-1
13800000	1	1.297282822235e+15	-340512763205.7	-681025526411.3	0.2802660022084	1	1	1	-1
13820000	1	1.298963324243e+15	-339112741173	-678225482346	0.2802891181226	1	1	1	-1
13840000	1	1.300643964643e+15	-337719180894.4	-675438361788.9	0.2803121644006	1	1	1	-1
13860000	1	1.302324743016e+15	-336332050106.2	-672664100212.4	0.2803351413205	1	1	1	-1
13880000	1	1.304005658948e+15	-334951316712.6	-669902633425.1	0.2803580491588	1	1	1	-1
13900000	1	1.305686712025e+15	-333576948785.2	-667153897570.5	0.2803808881911	1	1	1	-1
13920000	1	1.307367901837e+15	-332208914562.3	-664417829124.6	0.2804036586914	1	1	1	-1
13940000	1	1.309049227972e+15	-330847182447.5	-661694364895	0.2804263609329	1	1	1	-1
13960000	1	1.310730690022e+15	-329491721009.2	-658983442018.5	0.280448995187	1	1	1	-1
13980000	1	1.312412287581e+15	-328142498979.7	-656284997959.4	0.2804715617242	1	1	1	-1
14000000	1	1.314094020243e+15	-326799485254.2	-653598970508.4	0.2804940608137	1	1	1	-1
14020000	1	1.315775887604e+15	-325462648890.1	-650925297780.2	0.2805164927235	1	1	1	-1
14040000	1	1.317457889264e+15	-324131959106.1	-648263918212.1	0.2805388577203	1	1	1	-1
14060000	1	1.31914002482e+15	-322807385281.3	-645614770562.6	0.2805611560695	1	1	1	-1
14080000	1	1.320822293875e+15	-321488896954.5	-642977793908.9	0.2805833880354	1	1	1	-1
14100000	1	1.322504696031e+15	-320176463823.2	-640352927646.4	0.2806055538811	1	1	1	-1
14120000	1	1.324187230892e+15	-318870055742.9	-637740111485.8	0.2806276538685	1	1	1	-1
14140000	1	1.325869898065e+15	-317569642726.3	-635139285452.5	0.2806496882582	1	1	1	-1
14160000	1	1.327552697157e+15	-316275194942.1	-632550389884.2	0.2806716573096	1	1	1	-1
14180000	1	1.329235627776e+15	-314986682714.8	-629973365429.6	0.2806935612812	1	1	1	-1
14200000	1	1.330918689535e+15	-313704076523.5	-627408153047	0.2807154004298	1	1	1	-1
14220000	1	1.332601882043e+15	-312427347001	-624854694002	0.2807371750115	1	1	1	-1
14240000	1	1.334285204916e+15	-311156464933.3	-622312929866.5	0.280758885281	1	1	1	-1
14260000	1	1.335968657768e+15	-309891401258.5	-619782802517	0.2807805314919	1	1	1	-1
14280000	1	1.337652240216e+15	-308632127066.4	-617264254132.7	0.2808021138966	1	1	1	-1
14300000	1	1.339335951879e+15	-307378613597.1	-614757227194.2	0.2808236327463	1	1	1	-1
14320000	1	1.341019792375e+15	-306130832240.9	-612261664481.8	0.2808450882912	1	1	1	-1
14340000	1	1.342703761326e+15	-304888754536.9	-609777509073.9	0.2808664807802	1	1	1	-1
14360000	1	1.344387858355e+15	-303652352172.8	-607304704345.5	0.2808878104612	1	1	1	-1
14380000	1	1.346072083086e+15	-302421596983.4	-604843193966.7	0.2809090775808	1	1	1	-1
14400000	1	1.347756435144e+15	-301196460950.5	-602392921901	0.2809302823846	1	1	1	-1
14420000	1	1.349440914157e+15	-299976916201.9	-599953832403.9	0.2809514251171	1	1	1	-1
14440000	1	1.351125519753e+15	-298762935010.6	-597525870021.1	0.2809725060215	1	1	1	-1
14460000	1	1.352810251562e+15	-297554489793.7	-595108979587.4	0.2809935253401	1	1	1	-1
14480000	1	1.354495109216e+15	-296351553112.4	-592703106224.9	0.281014483314	1	1	1	-1
14500000	1	1.356180092348e+15	-295154097670.6	-590308195341.3	0.2810353801832	1	1	1	-1
14520000	1	1.357865200591e+15	-293962096314.5	-587924192628.9	0.2810562161865	1	1	1	-1
14540000	1	1.359550433582e+15	-292775522031.4	-585551044062.9	0.2810769915619	1	1	1	-1
14560000	1	1.361235790958e+15	-291594347949.7	-583188695899.4	0.281097706546	1	1	1	-1
14580000	1	1.362921272357e+15	-290418547337.4	-580837094674.9	0.2811183613745	1	1	1	-1
14600000	1	1.36460687742e+15	-289248093601.9	-578496187203.9	0.2811389562819	1	1	1	-1
14620000	1	1.366292605788e+15	-288082960289	-576165920577.9	0.2811594915018	1	1	1	-1
14640000	1	1.367978457103e+15	-286923121082	-573846242164.1	0.2811799672666	1	1	1	-1
14660000	1	1.36966443101e+15	-285768549801.7	-571537099603.3	0.2812003838076	1	1	1	-1
14680000	1	1.371350527155e+15	-284619220404.6	-569238440809.2	0.2812207413553	1	1	1	-1
14700000	1	1.373036745184e+15	-283475106983.3	-566950213966.6	0.2812410401388	1	1	1	-1
14720000	1	1.374723084747e+15	-282336183764.8	-564672367529.7	0.2812612803863	1	1	1	-1
14740000	1	1.376409545491e+15	-281202425110.6	-562404850221.2	0.2812814623252	1	1	1	-1
14760000	1	1.37809612707e+15	-280073805515.3	-560147611030.7	0.2813015861814	1	1	1	-1
14780000	1	1.379782829134e+15	-278950299606.5	-557900599213.1	0.2813216521802	1	1	1	-1
14800000	1	1.381469651338e+15	-277831882143.7	-555663764287.4	0.2813416605456	1	1	1	-1
14820000	1	1.383156593338e+15	-276718528017.6	-553437056035.3	0.2813616115007	1	1	1	-1
14840000	1	1.384843654788e+15	-275610212249.8	-551220424499.6	0.2813815052676	1	1	1	-1
14860000	1	1.386530835348e+15	-274506909991.6	-549013819983.2	0.2814013420673	1	1	1	-1
14880000	1	1.388218134676e+15	-273408596523.7	-546817193047.4	0.2814211221198	1	1	1	-1
14900000	1	1.389905552432e+15	-272315247255.2	-544630494510.5	0.2814408456442	1	1	1	-1
14920000	1	1.391593088279e+15	-271226837723.4	-542453675446.8	0.2814605128586	1	1	1	-1
14940000	1	1.393280741879e+15	-270143343592.5	-540286687184.9	0.2814801239799	1	1	1	-1
14960000	1	1.394968512897e+15	-269064740653.3	-538129481306.6	0.2814996792243	1	1	1	-1
14980000	1	1.396656400998e+15	-267991004822.6	-535982009645.2	0.2815191788068	1	1	1	-1
15000000	1	1.39834440585e+15	-266922112142.3	-533844224284.7	0.2815386229416	1	1	1	-1
15020000	1	1.40003252712e+15	-265858038779	-531716077557.9	0.2815580118418	1	1	1	-1
15040000	1	1.401720764477e+15	-264798761022.9	-529597522045.7	0.2815773457195	1	1	1	-1
15060000	1	1.403409117594e+15	-263744255287.6	-527488510575.1	0.281596624786	1	1	1	-1
15080000	1	1.405097586141e+15	-262694498109.3	-525388996218.5	0.2816158492515	1	1	1	-1
15100000	1	1.406786169791e+15	-261649466146	-523298932292.1	0.2816350193253	1	1	1	-1
15120000	1	1.40847486822e+15	-260609136177.2	-521218272354.4	0.2816541352157	1	1	1	-1
15140000	1	1.410163681104e+15	-259573485102.8	-519146970205.6	0.2816731971302	1	1	1	-1
15160000	1	1.411852608118e+15	-258542489942.8	-517084979885.6	0.2816922052752	1	1	1	-1
15180000	1	1.413541648941e+15	-257516127836.6	-515032255673.1	0.2817111598562	1	1	1	-1
15200000	1	1.415230803254e+15	-256494376042.1	-512988752084.3	0.2817300610779	1	1	1	-1
15220000	1	1.416920070735e+15	-255477211935.7	-510954423871.4	0.2817489091438	1	1	1	-1
15240000	1	1.418609451068e+15	-254464613011	-508929226021.9	0.2817677042568	1	1	1	-1
15260000	1	1.420298943936e+15	-253456556878.3	-506913113756.7	0.2817864466187	1	1	1	-1
15280000	1	1.421988549022e+15	-252453021264.6	-504906042529.2	0.2818051364303	1	1	1	-1
15300000	1	1.423678266012e+15	-251453984012.1	-502907968024.1	0.2818237738917	1	1	1	-1
15320000	1	1.425368094593e+15	-250459423078.1	-500918846156.1	0.281842359202	1	1	1	-1
15340000	1	1.427058034454e+15	-249469316534.3	-498938633068.7	0.2818608925594	1	1	1	-1
15360000	1	1.428748085282e+15	-248483642566.4	-496967285132.8	0.2818793741611	1	1	1	-1
15380000	1	1.430438246768e+15	-247502379472.9	-495004758945.8	0.2818978042037	1	1	1	-1
15400000	1	1.432128518604e+15	-246525505665.1	-493051011330.2	0.2819161828827	1	1	1	-1
15420000	1	1.433818900482e+15	-245552999666.3	-491105999332.6	0.2819345103926	1	1	1	-1
15440000	1	1.435509392097e+15	-244584840111	-489169680222.1	0.2819527869273	1	1	1	-1
15460000	1	1.437199993142e+15	-243621005744.8	-487242011489.6	0.2819710126797	1	1	1	-1
15480000	1	1.438890703315e+15	-242661475423.1	-485322950846.2	0.2819891878417	1	1	1	-1
15500000	1	1.440581522312e+15	-241706228111.3	-483412456222.6	0.2820073126045	1	1	1	-1
15520000	1	1.442272449831e+15	-240755242883.6	-481510485767.3	0.2820253871585	1	1	1	-1
15540000	1	1.443963485573e+15	-239808498922.8	-479616997845.6	0.2820434116931	1	1	1	-1
15560000	1	1.445654629238e+15	-238865975519.4	-477731951038.8	0.2820613863968	1	1	1	-1
15580000	1	1.447345880527e+15	-237927652071.4	-475855304142.7	0.2820793114574	1	1	1	-1
15600000	1	1.449037239144e+15	-236993508083.4	-473987016166.7	0.2820971870618	1	1	1	-1
15620000	1	1.450728704793e+15	-236063523166.2	-472127046332.4	0.2821150133961	1	1	1	-1
15640000	1	1.452420277178e+15	-235137677036.3	-470275354072.6	0.2821327906454	1	1	1	-1
15660000	1	1.454111956007e+15	-234215949515.2	-468431899030.3	0.2821505189942	1	1	1	-1
15680000	1	1.455803740986e+15	-233298320528.7	-466596641057.3	0.282168198626	1	1	1	-1
15700000	1	1.457495631823e+15	-232384770106.8	-464769540213.5	0.2821858297235	1	1	1	-1
15720000	1	1.459187628229e+15	-231475278382.7	-462950556765.3	0.2822034124687	1	1	1	-1
15740000	1	1.460879729914e+15	-230569825592.5	-461139651184.9	0.2822209470426	1	1	1	-1
15760000	1	1.46257193659e+15	-229668392074.5	-459336784149	0.2822384336255	1	1	1	-1
15780000	1	1.464264247969e+15	-228770958268.9	-457541916537.8	0.2822558723969	1	1	1	-1
15800000	1	1.465956663765e+15	-227877504717	-455755009433.9	0.2822732635355	1	1	1	-1
15820000	1	1.467649183694e+15	-226988012060.6	-453976024121.1	0.2822906072191	1	1	1	-1
15840000	1	1.469341807471e+15	-226102461041.8	-452204922083.6	0.2823079036249	1	1	1	-1
15860000	1	1.471034534814e+15	-225220832502.4	-450441665004.7	0.282325152929	1	1	1	-1
15880000	1	1.47272736544e+15	-224343107382.9	-448686214765.7	0.282342355307	1	1	1	-1
15900000	1	1.474420299068e+15	-223469266722.6	-446938533445.2	0.2823595109336	1	1	1	-1
15920000	1	1.476113335419e+15	-222599291658.7	-445198583317.5	0.2823766199826	1	1	1	-1
15940000	1	1.477806474215e+15	-221733163426.1	-443466326852.1	0.2823936826274	1	1	1	-1
15960000	1	1.479499715176e+15	-220870863356.2	-441741726712.4	0.2824106990401	1	1	1	-1
15980000	1	1.481193058028e+15	-220012372877.3	-440024745754.7	0.2824276693925	1	1	1	-1
16000000	1	1.482886502493e+15	-219157673513.4	-438315347026.9	0.2824445938553	1	1	1	-1
16020000	1	1.484580048298e+15	-218306746884.1	-436613493768.1	0.2824614725986	1	1	1	-1
16040000	1	1.486273695169e+15	-217459574703.6	-434919149407.1	0.2824783057918	1	1	1	-1
16060000	1	1.487967442832e+15	-216616138780.8	-433232277561.5	0.2824950936034	1	1	1	-1
16080000	1	1.489661291018e+15	-215776421018.3	-431552842036.7	0.2825118362012	1	1	1	-1
16100000	1	1.491355239454e+15	-214940403412.4	-429880806824.9	0.2825285337523	1	1	1	-1
16120000	1	1.493049287872e+15	-214108068052	-428216136104.1	0.282545186423	1	1	1	-1
16140000	1	1.494743436002e+15	-213279397118.6	-426558794237.2	0.2825617943788	1	1	1	-1
16160000	1	1.496437683577e+15	-212454372885.5	-424908745770.9	0.2825783577846	1	1	1	-1
16180000	1	1.498132030332e+15	-211632977717.4	-423265955434.8	0.2825948768045	1	1	1	-1
16200000	1	1.499826475999e+15	-210815194070.2	-421630388140.4	0.2826113516019	1	1	1	-1
16220000	1	1.501521020314e+15	-210001004489.9	-420002008979.9	0.2826277823394	1	1	1	-1
16240000	1	1.503215663013e+15	-209190391612.8	-418380783225.7	0.282644169179	1	1	1	-1
16260000	1	1.504910403835e+15	-208383338164.6	-416766676329.1	0.2826605122818	1	1	1	-1
16280000	1	1.506605242517e+15	-207579826959.8	-415159653919.5	0.2826768118083	1	1	1	-1
16300000	1	1.508300178798e+15	-206779840901.7	-413559681803.3	0.2826930679184	1	1	1	-1
16320000	1	1.509995212418e+15	-205983362981.6	-411966725963.2	0.2827092807711	1	1	1	-1
16340000	1	1.511690343119e+15	-205190376278.4	-410380752556.8	0.2827254505247	1	1	1	-1
16360000	1	1.513385570642e+15	-204400863958.1	-408801727916.3	0.282741577337	1	1	1	-1
16380000	1	1.515080894731e+15	-203614809273.5	-407229618547	0.2827576613648	1	1	1	-1
16400000	1	1.51677631513e+15	-202832195563.5	-405664391126.9	0.2827737027645	1	1	1	-1
16420000	1	1.518471831583e+15	-202053006252.6	-404106012505.3	0.2827897016916	1	1	1	-1
16440000	1	1.520167443836e+15	-201277224851	-402554449702	0.2828056583011	1	1	1	-1
16460000	1	1.521863151636e+15	-200504834953.4	-401009669906.8	0.282821572747	1	1	1	-1
16480000	1	1.523558954731e+15	-199735820239	-399471640477.9	0.282837445183	1	1	1	-1
16500000	1	1.525254852868e+15	-198970164470.8	-397940328941.7	0.2828532757619	1	1	1	-1
16520000	1	1.526950845799e+15	-198207851495.7	-396415702991.3	0.2828690646358	1	1	1	-1
16540000	1	1.528646933273e+15	-197448865243.1	-394897730486.2	0.2828848119563	1	1	1	-1
16560000	1	1.53034311504e+15	-196693189725.3	-393386379450.7	0.2829005178742	1	1	1	-1
16580000	1	1.532039390855e+15	-195940809036.9	-391881618073.8	0.2829161825397	1	1	1	-1
16600000	1	1.533735760469e+15	-195191707353.9	-390383414707.7	0.2829318061021	1	1	1	-1
16620000	1	1.535432223637e+15	-194445868933.7	-388891737867.4	0.2829473887105	1	1	1	-1
16640000	1	1.537128780113e+15	-193703278114.7	-387406556229.4	0.282962930513	1	1	1	-1
16660000	1	1.538825429654e+15	-192963919315.5	-385927838631.1	0.282978431657	1	1	1	-1
16680000	1	1.540522172016e+15	-192227777035	-384455554069.9	0.2829938922896	1	1	1	-1
16700000	1	1.542219006956e+15	-191494835851.2	-382989671702.4	0.2830093125569	1	1	1	-1
16720000	1	1.543915934234e+15	-190765080421.7	-381530160843.4	0.2830246926046	1	1	1	-1
16740000	1	1.545612953607e+15	-190038495482.6	-380076990965.2	0.2830400325775	1	1	1	-1
16760000	1	1.547310064837e+15	-189315065848.3	-378630131696.7	0.2830553326201	1	1	1	-1
16780000	1	1.549007267684e+15	-188594776411.2	-377189552822.4	0.2830705928759	1	1	1	-1
16800000	1	1.550704561911e+15	-187877612141	-375755224282.1	0.2830858134881	1	1	1	-1
16820000	1	1.552401947279e+15	-187163558084.7	-374327116169.3	0.2831009945991	1	1	1	-1
16840000	1	1.554099423553e+15	-186452599365.6	-372905198731.2	0.2831161363507	1	1	1	-1
16860000	1	1.555796990498e+15	-185744721183.5	-371489442367	0.2831312388841	1	1	1	-1
16880000	1	1.557494647877e+15	-185039908814	-370079817628	0.2831463023398	1	1	1	-1
16900000	1	1.559192395458e+15	-184338147608.1	-368676295216.2	0.2831613268578	1	1	1	-1
16920000	1	1.560890233007e+15	-183639422991.7	-367278845983.4	0.2831763125775	1	1	1	-1
16940000	1	1.562588160292e+15	-182943720465.6	-365887440931.1	0.2831912596375	1	1	1	-1
16960000	1	1.564286177082e+15	-182251025604.5	-364502051208.9	0.283206168176	1	1	1	-1
16980000	1	1.565984283147e+15	-181561324057.1	-363122648114.2	0.2832210383305	1	1	1	-1
17000000	1	1.567682478256e+15	-180874601545.7	-361749203091.3	0.2832358702379	1	1	1	-1
17020000	1	1.56938076218e+15	-180190843865.2	-360381687730.4	0.2832506640345	1	1	1	-1
17040000	1	1.571079134692e+15	-179510036883.7	-359020073767.3	0.2832654198561	1	1	1	-1
17060000	1	1.572777595564e+15	-178832166541.1	-357664333082.1	0.2832801378378	1	1	1	-1
17080000	1	1.574476144569e+15	-178157218849.4	-356314437698.8	0.2832948181142	1	1	1	-1
17100000	1	1.576174781483e+15	-177485179892.2	-354970359784.3	0.2833094608191	1	1	1	-1
17120000	1	1.57787350608e+15	-176816035823.9	-353632071647.9	0.2833240660861	1	1	1	-1
17140000	1	1.579572318136e+15	-176149772870.1	-352299545740.1	0.2833386340478	1	1	1	-1
17160000	1	1.581271217427e+15	-175486377326.2	-350972754652.5	0.2833531648365	1	1	1	-1
17180000	1	1.582970203732e+15	-174825835558.1	-349651671116.3	0.2833676585839	1	1	1	-1
17200000	1	1.584669276829e+15	-174168134001.1	-348336268002.2	0.2833821154209	1	1	1	-1
17220000	1	1.586368436496e+15	-173513259159.6	-347026518319.2	0.2833965354782	1	1	1	-1
17240000	1	1.588067682514e+15	-172861197607.1	-345722395214.2	0.2834109188856	1	1	1	-1
17260000	1	1.589767014663e+15	-172211935985.6	-344423871971.1	0.2834252657726	1	1	1	-1
17280000	1	1.591466432725e+15	-171565461005	-343130922010	0.2834395762679	1	1	1	-1
17300000	1	1.593165936481e+15	-170921759443.3	-341843518886.6	0.2834538504998	1	1	1	-1
17320000	1	1.594865525715e+15	-170280818145.7	-340561636291.4	0.2834680885959	1	1	1	-1
17340000	1	1.596565200211e+15	-169642624024.6	-339285248049.2	0.2834822906835	1	1	1	-1
17360000	1	1.598264959753e+15	-169007164059	-338014328117.9	0.2834964568892	1	1	1	-1
17380000	1	1.599964804125e+15	-168374425294.2	-336748850588.3	0.2835105873389	1	1	1	-1
17400000	1	1.601664733115e+15	-167744394841.6	-335488789683.3	0.2835246821582	1	1	1	-1
17420000	1	1.603364746509e+15	-167117059878.3	-334234119756.7	0.283538741472	1	1	1	-1
17440000	1	1.605064844094e+15	-166492407646.6	-332984815293.2	0.2835527654048	1	1	1	-1
17460000	1	1.606765025659e+15	-165870425453.7	-331740850907.3	0.2835667540804	1	1	1	-1
17480000	1	1.608465290993e+15	-165251100671.4	-330502201342.8	0.2835807076222	1	1	1	-1
17500000	1	1.610165639884e+15	-164634420735.9	-329268841471.9	0.283594626153	1	1	1	-1
17520000	1	1.611866072125e+15	-164020373147.2	-328040746294.5	0.2836085097952	1	1	1	-1
17540000	1	1.613566587505e+15	-163408945468.9	-326817890937.8	0.2836223586704	1	1	1	-1
17560000	1	1.615267185818e+15	-162800125327.8	-325600250655.6	0.2836361728999	1	1	1	-1
17580000	1	1.616967866854e+15	-162193900413.6	-324387800827.3	0.2836499526044	1	1	1	-1
17600000	1	1.618668630409e+15	-161590258478.7	-323180516957.4	0.2836636979041	1	1	1	-1
17620000	1	1.620369476276e+15	-160989187337.5	-321978374674.9	0.2836774089188	1	1	1	-1
17640000	1	1.622070404249e+15	-160390674866.4	-320781349732.8	0.2836910857675	1	1	1	-1
17660000	1	1.623771414124e+15	-159794709003.5	-319589418007	0.2837047285689	1	1	1	-1
17680000	1	1.625472505698e+15	-159201277747.9	-318402555495.9	0.2837183374412	1	1	1	-1
17700000	1	1.627173678767e+15	-158610369159.9	-317220738319.8	0.283731912502	1	1	1	-1
17720000	1	1.628874933129e+15	-158021971360.1	-316043942720.2	0.2837454538685	1	1	1	-1
17740000	1	1.630576268582e+15	-157436072529.5	-314872145059	0.2837589616572	1	1	1	-1
17760000	1	1.632277684926e+15	-156852660909.1	-313705321818.3	0.2837724359843	1	1	1	-1
17780000	1	1.63397918196e+15	-156271724799.5	-312543449599.1	0.2837858769655	1	1	1	-1
17800000	1	1.635680759484e+15	-155693252560.6	-311386505121.2	0.2837992847159	1	1	1	-1
17820000	1	1.637382417299e+15	-155117232611.2	-310234465222.5	0.2838126593502	1	1	1	-1
17840000	1	1.639084155208e+15	-154543653429	-309087306858	0.2838260009825	1	1	1	-1
17860000	1	1.640785973013e+15	-153972503549.9	-307945007099.7	0.2838393097264	1	1	1	-1
17880000	1	1.642487870516e+15	-153403771567.8	-306807543135.6	0.2838525856952	1	1	1	-1
17900000	1	1.644189847522e+15	-152837446134.6	-305674892269.1	0.2838658290017	1	1	1	-1
17920000	1	1.645891903836e+15	-152273515959.4	-304547031918.7	0.2838790397579	1	1	1	-1
17940000	1	1.647594039262e+15	-151711969808.6	-303423939617.1	0.2838922180757	1	1	1	-1
17960000	1	1.649296253606e+15	-151152796505.3	-302305593010.7	0.2839053640663	1	1	1	-1
17980000	1	1.650998546675e+15	-150595984929.4	-301191969858.8	0.2839184778405	1	1	1	-1
18000000	1	1.652700918275e+15	-150041524016.7	-300083048033.4	0.2839315595088	1	1	1	-1
18020000	1	1.654403368216e+15	-149489402759.1	-298978805518.2	0.2839446091808	1	1	1	-1
18040000	1	1.656105896304e+15	-148939610204.1	-297879220408.3	0.2839576269661	1	1	1	-1
18060000	1	1.65780850235e+15	-148392135454.7	-296784270909.4	0.2839706129735	1	1	1	-1
18080000	1	1.659511186164e+15	-147846967668.6	-295693935337.3	0.2839835673115	1	1	1	-1
18100000	1	1.661213947554e+15	-147304096058.6	-294608192117.3	0.2839964900881	1	1	1	-1
18120000	1	1.662916786334e+15	-146763509891.9	-293527019783.7	0.2840093814109	1	1	1	-1
18140000	1	1.664619702314e+15	-146225198489.6	-292450396979.2	0.2840222413869	1	1	1	-1
18160000	1	1.666322695306e+15	-145689151227	-291378302454.1	0.2840350701229	1	1	1	-1
18180000	1	1.668025765125e+15	-145155357533	-290310715066	0.284047867725	1	1	1	-1
18200000	1	1.669728911582e+15	-144623806889.6	-289247613779.1	0.2840606342988	1	1	1	-1
18220000	1	1.671432134494e+15	-144094488831.9	-288188977663.8	0.2840733699498	1	1	1	-1
18240000	1	1.673135433674e+15	-143567392947.9	-287134785895.9	0.2840860747828	1	1	1	-1
18260000	1	1.674838808938e+15	-143042508878	-286085017756	0.2840987489022	1	1	1	-1
18280000	1	1.676542260103e+15	-142519826314.7	-285039652629.4	0.2841113924119	1	1	1	-1
18300000	1	1.678245786984e+15	-141999335002.5	-283998670005	0.2841240054155	1	1	1	-1
18320000	1	1.6799493894e+15	-141481024737.5	-282962049475.1	0.284136588016	1	1	1	-1
18340000	1	1.681653067169e+15	-140964885367.3	-281929770734.7	0.2841491403162	1	1	1	-1
18360000	1	1.683356820109e+15	-140450906790.5	-280901813580.9	0.2841616624182	1	1	1	-1
18380000	1	1.685060648039e+15	-139939078956.3	-279878157912.7	0.2841741544238	1	1	1	-1
18400000	1	1.686764550779e+15	-139429391865	-278858783729.9	0.2841866164345	1	1	1	-1
18420000	1	1.68846852815e+15	-138921835566.6	-277843671133.2	0.2841990485511	1	1	1	-1
18440000	1	1.690172579972e+15	-138416400161.5	-276832800323	0.2842114508742	1	1	1	-1
18460000	1	1.691876706068e+15	-137913075799.7	-275826151599.4	0.2842238235039	1	1	1	-1
18480000	1	1.69358090626e+15	-137411852680.8	-274823705361.6	0.2842361665398	1	1	1	-1
18500000	1	1.69528518037e+15	-136912721053.5	-273825442107	0.2842484800812	1	1	1	-1
18520000	1	1.696989528222e+15	-136415671215.6	-272831342431.2	0.2842607642269	1	1	1	-1
18540000	1	1.698693949641e+15	-135920693513.5	-271841387026.9	0.2842730190754	1	1	1	-1
18560000	1	1.700398444449e+15	-135427778342	-270855556684.1	0.2842852447247	1	1	1	-1
18580000	1	1.702103012474e+15	-134936916144.4	-269873832288.8	0.2842974412724	1	1	1	-1
18600000	1	1.70380765354e+15	-134448097411.5	-268896194823.1	0.2843096088157	1	1	1	-1
18620000	1	1.705512367475e+15	-133961312682.2	-267922625364.5	0.2843217474514	1	1	1	-1
18640000	1	1.707217154104e+15	-133476552542.6	-266953105085.2	0.2843338572759	1	1	1	-1
18660000	1	1.708922013256e+15	-132993807626	-265987615252	0.2843459383852	1	1	1	-1
18680000	1	1.710626944758e+15	-132513068612.7	-265026137225.4	0.2843579908748	1	1	1	-1
18700000	1	1.71233194844e+15	-132034326229.6	-264068652459.2	0.2843700148399	1	1	1	-1
18720000	1	1.714037024131e+15	-131557571250.1	-263115142500.2	0.2843820103754	1	1	1	-1
18740000	1	1.71574217166e+15	-131082794493.8	-262165588987.7	0.2843939775757	1	1	1	-1
18760000	1	1.717447390857e+15	-130609986826.3	-261219973652.6	0.2844059165346	1	1	1	-1
18780000	1	1.719152681555e+15	-130139139158.7	-260278278317.4	0.284417827346	1	1	1	-1
18800000	1	1.720858043584e+15	-129670242447.8	-259340484895.6	0.2844297101029	1	1	1	-1
18820000	1	1.722563476776e+15	-129203287695.4	-258406575390.8	0.2844415648983	1	1	1	-1
18840000	1	1.724268980964e+15	-128738265948.5	-257476531897.1	0.2844533918245	1	1	1	-1
18860000	1	1.725974555981e+15	-128275168298.8	-256550336597.6	0.2844651909737	1	1	1	-1
18880000	1	1.727680201661e+15	-127813985882.3	-255627971764.6	0.2844769624375	1	1	1	-1
18900000	1	1.729385917839e+15	-127354709879.5	-254709419759.1	0.2844887063073	1	1	1	-1
18920000	1	1.731091704348e+15	-126897331515	-253794663029.9	0.284500422674	1	1	1	-1
18940000	1	1.732797561024e+15	-126441842056.9	-252883684113.7	0.2845121116281	1	1	1	-1
18960000	1	1.734503487704e+15	-125988232817.1	-251976465634.1	0.2845237732599	1	1	1	-1
18980000	1	1.736209484224e+15	-125536495150.8	-251072990301.6	0.284535407659	1	1	1	-1
19000000	1	1.73791555042e+15	-125086620456.4	-250173240912.8	0.2845470149151	1	1	1	-1
19020000	1	1.73962168613e+15	-124638600175	-249277200350.1	0.2845585951171	1	1	1	-1
19040000	1	1.741327891193e+15	-124192425790.6	-248384851581.2	0.2845701483537	1	1	1	-1
19060000	1	1.743034165447e+15	-123748088829.4	-247496177658.8	0.2845816747133	1	1	1	-1
19080000	1	1.74474050873e+15	-123305580860	-246611161719.9	0.2845931742839	1	1	1	-1
19100000	1	1.746446920883e+15	-122864893492.8	-245729786985.6	0.284604647153	1	1	1	-1
19120000	1	1.748153401746e+15	-122426018380.2	-244852036760.5	0.284616093408	1	1	1	-1
19140000	1	1.749859951159e+15	-121988947216.1	-243977894432.1	0.2846275131357	1	1	1	-1
19160000	1	1.751566568964e+15	-121553671735.5	-243107343471	0.2846389064226	1	1	1	-1
19180000	1	1.753273255003e+15	-121120183714.8	-242240367429.5	0.2846502733549	1	1	1	-1
19200000	1	1.754980009117e+15	-120688474971.1	-241376949942.1	0.2846616140185	1	1	1	-1
19220000	1	1.756686831149e+15	-120258537362.3	-240517074724.5	0.2846729284989	1	1	1	-1
19240000	1	1.758393720943e+15	-119830362786.7	-239660725573.4	0.284684216881	1	1	1	-1
19260000	1	1.760100678342e+15	-119403943182.9	-238807886365.9	0.2846954792499	1	1	1	-1
19280000	1	1.761807703191e+15	-118979270529.6	-237958541059.2	0.2847067156897	1	1	1	-1
19300000	1	1.763514795335e+15	-118556336845.1	-237112673690.2	0.2847179262847	1	1	1	-1
19320000	1	1.765221954618e+15	-118135134187.6	-236270268375.1	0.2847291111186	1	1	1	-1
19340000	1	1.766929180887e+15	-117715654654.5	-235431309308.9	0.2847402702748	1	1	1	-1
19360000	1	1.768636473988e+15	-117297890382.5	-234595780764.9	0.2847514038363	1	1	1	-1
19380000	1	1.770343833767e+15	-116881833547.3	-233763667094.5	0.2847625118859	1	1	1	-1
19400000	1	1.772051260072e+15	-116467476363.3	-232934952726.7	0.2847735945059	1	1	1	-1
19420000	1	1.773758752751e+15	-116054811083.8	-232109622167.5	0.2847846517784	1	1	1	-1
19440000	1	1.775466311652e+15	-115643830000	-231287659999.9	0.2847956837851	1	1	1	-1
19460000	1	1.777173936624e+15	-115234525441.6	-230469050883.2	0.2848066906074	1	1	1	-1
19480000	1	1.778881627515e+15	-114826889776.3	-229653779552.6	0.2848176723263	1	1	1	-1
19500000	1	1.780589384176e+15	-114420915409.5	-228841830819	0.2848286290226	1	1	1	-1
19520000	1	1.782297206457e+15	-114016594784.1	-228033189568.2	0.2848395607766	1	1	1	-1
19540000	1	1.784005094209e+15	-113613920380.5	-227227840761.1	0.2848504676684	1	1	1	-1
19560000	1	1.785713047282e+15	-113212884716.4	-226425769432.8	0.2848613497778	1	1	1	-1
19580000	1	1.787421065529e+15	-112813480346.2	-225626960692.4	0.2848722071841	1	1	1	-1
19600000	1	1.789129148802e+15	-112415699861.3	-224831399722.6	0.2848830399665	1	1	1	-1
19620000	1	1.790837296952e+15	-112019535889.7	-224039071779.4	0.2848938482037	1	1	1	-1
19640000	1	1.792545509833e+15	-111624981095.8	-223249962191.7	0.2849046319742	1	1	1	-1
19660000	1	1.7942537873e+15	-111232028180.2	-222464056360.5	0.2849153913562	1	1	1	-1
19680000	1	1.795962129205e+15	-110840669879.6	-221681339759.2	0.2849261264274	1	1	1	-1
19700000	1	1.797670535403e+15	-110450898966.4	-220901797932.9	0.2849368372654	1	1	1	-1
19720000	1	1.799379005749e+15	-110062708248.8	-220125416497.7	0.2849475239473	1	1	1	-1
19740000	1	1.801087540099e+15	-109676090570.5	-219352181141	0.2849581865501	1	1	1	-1
19760000	1	1.802796138308e+15	-109291038810.3	-218582077620.5	0.2849688251504	1	1	1	-1
19780000	1	1.804504800233e+15	-108907545882.2	-217815091764.3	0.2849794398243	1	1	1	-1
19800000	1	1.80621352573e+15	-108525604735.1	-217051209470.3	0.2849900306479	1	1	1	-1
19820000	1	1.807922314657e+15	-108145208352.8	-216290416705.6	0.2850005976968	1	1	1	-1
19840000	1	1.809631166872e+15	-107766349753.4	-215532699506.8	0.2850111410463	1	1	1	-1
19860000	1	1.811340082231e+15	-107389021989.5	-214778043979.1	0.2850216607716	1	1	1	-1
19880000	1	1.813049060595e+15	-107013218147.9	-214026436295.8	0.2850321569474	1	1	1	-1
19900000	1	1.814758101822e+15	-106638931349.3	-213277862698.6	0.285042629648	1	1	1	-1
19920000	1	1.816467205771e+15	-106266154748.4	-212532309496.7	0.2850530789477	1	1	1	-1
19940000	1	1.818176372303e+15	-105894881533.3	-211789763066.6	0.2850635049203	1	1	1	-1
19960000	1	1.819885601278e+15	-105525104925.9	-211050209851.9	0.2850739076394	1	1	1	-1
19980000	1	1.821594892556e+15	-105156818181.3	-210313636362.5	0.2850842871783	1	1	1	-1
20000000	1	1.823304245999e+15	-104790014587.4	-209580029174.9	0.2850946436098	1	1	1	-1
