4600000	1	1.378876420801e+15	-1580477434213	-3160954868425	0.7799010761713	1	1	1	-1
4620000	1	1.38335905569e+15	-2194959630005	-4389919260009	0.718301250972	1	1	1	-1
4640000	1	1.387520260805e+15	-2625183561830	-5250367123661	0.6718256888522	1	1	1	-1
4660000	1	1.391436392094e+15	-2944951671646	-5889903343292	0.635911556447	1	1	1	-1
4680000	1	1.395160641316e+15	-3192965631795	-6385931263590	0.6073989730086	1	1	1	-1
4700000	1	1.398730747594e+15	-3391488628163	-6782977256326	0.5842177104414	1	1	1	-1
4720000	1	1.402174280017e+15	-3554280879031	-7108561758063	0.5649913473026	1	1	1	-1
4740000	1	1.40551195752e+15	-3690339765804	-7380679531607	0.5487781622475	1	1	1	-1
4760000	1	1.408759745901e+15	-3805819244277	-7611638488555	0.5349144182414	1	1	1	-1
4780000	1	1.411930216423e+15	-3905085688028	-7810171376055	0.5229192989494	1	1	1	-1
4800000	1	1.415033452053e+15	-3991332787274	-7982665574547	0.512435884376	1	1	1	-1
4820000	1	1.41807766919e+15	-4066957053762	-8133914107524	0.5031934611251	1	1	1	-1
4840000	1	1.42106965534e+15	-4133796487396	-8267592974793	0.494982776028	1	1	1	-1
4860000	1	1.424015084459e+15	-4193287531363	-8386575062725	0.487639359159	1	1	1	-1
4880000	1	1.426918748891e+15	-4246571369949	-8493142739897	0.4810320139593	1	1	1	-1
4900000	1	1.429784733169e+15	-4294567784320	-8589135568639	0.4750547001553	1	1	1	-1
4920000	1	1.432616546416e+15	-4338027633268	-8676055266537	0.4696206965726	1	1	1	-1
4940000	1	1.435417224721e+15	-4377570893783	-8755141787565	0.4646583287586	1	1	1	-1
4960000	1	1.438189411381e+15	-4413714727248	-8827429454497	0.4601077915353	1	1	1	-1
4980000	1	1.44093542054e+15	-4446894517902	-8893789035805	0.4559187513069	1	1	1	-1
5000000	1	1.443657288255e+15	-4477479870565	-8954959741130	0.4520485126651	1	1	1	-1
5020000	1	1.446356813852e+15	-4505786934138	-9011573868276	0.4484605994243	1	1	1	-1
5040000	1	1.44903559376e+15	-4532088007452	-9064176014905	0.4451236441563	1	1	1	-1
5060000	1	1.451695049407e+15	-4556619108006	-9113238216012	0.4420105102415	1	1	1	-1
5080000	1	1.454336450409e+15	-4579585994960	-9159171989920	0.4390975911845	1	1	1	-1
5100000	1	1.456960933987e+15	-4601169005992	-9202338011984	0.4363642465123	1	1	1	-1
5120000	1	1.45956952133e+15	-4621526974488	-9243053948976	0.4337923439477	1	1	1	-1
5140000	1	1.462163131474e+15	-4640800426823	-9281600853645	0.431365885031	1	1	1	-1
5160000	1	1.464742593144e+15	-4659114211061	-9318228422121	0.4290706968303	1	1	1	-1
5180000	1	1.46730865491e+15	-4676579672883	-9353159345765	0.4268941764037	1	1	1	-1
5200000	1	1.469861993939e+15	-4693296468151	-9386592936302	0.4248250776865	1	1	1	-1
5220000	1	1.472403223585e+15	-4709354081774	-9418708163547	0.4228533327329	1	1	1	-1
5240000	1	1.474932899983e+15	-4724833107548	-9449666215096	0.4209699009619	1	1	1	-1
5260000	1	1.47745152782e+15	-4739806332263	-9479612664525	0.4191666413708	1	1	1	-1
5280000	1	1.479959565389e+15	-4754339658520	-9508679317041	0.4174362036957	1	1	1	-1
5300000	1	1.482457429048e+15	-4768492893946	-9536985787892	0.4157719352873	1	1	1	-1
5320000	1	1.484945497155e+15	-4782320429085	-9564640858170	0.4141678010911	1	1	1	-1
5340000	1	1.48742411356e+15	-4795871822128	-9591743644256	0.4126183146062	1	1	1	-1
5360000	1	1.489893590708e+15	-4809192305251	-9618384610502	0.4111184780875	1	1	1	-1
5380000	1	1.492354212413e+15	-4822323224721	-9644646449443	0.4096637305626	1	1	1	-1
5400000	1	1.494806236336e+15	-4835302424794	-9670604849588	0.4082499024853	1	1	1	-1
5420000	1	1.497249896213e+15	-4848164583706	-9696329167412	0.4068731760459	1	1	1	-1
5440000	1	1.499685403854e+15	-4860941508691	-9721883017382	0.4055300503245	1	1	1	-1
5460000	1	1.502112950949e+15	-4873662395803	-9747324791607	0.4042173106023	1	1	1	-1
5480000	1	1.504532710705e+15	-4886354059414	-9772708118827	0.4029320012591	1	1	1	-1
5500000	1	1.506944839323e+15	-4899041135481	-9798082270961	0.4016714017703	1	1	1	-1
5520000	1	1.509349477342e+15	-4911746262069	-9823492524139	0.400433005395	1	1	1	-1
5540000	1	1.511746750864e+15	-4924490240070	-9848980480141	0.3992145002048	1	1	1	-1
5560000	1	1.514136772672e+15	-4937292176633	-9874584353266	0.3980137521573	1	1	1	-1
5580000	1	1.516519643247e+15	-4950169613470	-9900339226941	0.3968287899576	1	1	1	-1
5600000	1	1.518895451705e+15	-4963138641882	-9926277283764	0.3956577914912	1	1	1	-1
5620000	1	1.521264276652e+15	-4976214006091	-9952428012183	0.3944990716377	1	1	1	-1
5640000	1	1.523626186976e+15	-4989409196270	-9978818392541	0.3933510713047	1	1	1	-1
5660000	1	1.525981242566e+15	-5002736532448	-1.00054730649e+13	0.3922123475395	1	1	1	-1
5680000	1	1.528329494989e+15	-5016207240335	-1.003241448067e+13	0.3910815645963	1	1	1	-1
5700000	1	1.530670988101e+15	-5029831519977	-1.005966303995e+13	0.389957485853	1	1	1	-1
5720000	1	1.533005758622e+15	-5043618608017	-1.008723721603e+13	0.3888389664827	1	1	1	-1
5740000	1	1.53533383667e+15	-5057576834265	-1.011515366853e+13	0.3877249468009	1	1	1	-1
5760000	1	1.537655246244e+15	-5071713673188	-1.014342734638e+13	0.3866144462138	1	1	1	-1
5780000	1	1.539970005691e+15	-5086035790849	-1.01720715817e+13	0.3855065577071	1	1	1	-1
5800000	1	1.542278128125e+15	-5100549087772	-1.020109817554e+13	0.3844004428182	1	1	1	-1
5820000	1	1.544579621828e+15	-5115258738164	-1.023051747633e+13	0.3832953270437	1	1	1	-1
5840000	1	1.546874490619e+15	-5130169225849	-1.02603384517e+13	0.3821904956377	1	1	1	-1
5860000	1	1.549162734201e+15	-5145284377264	-1.029056875453e+13	0.3810852897629	1	1	1	-1
5880000	1	1.551444348484e+15	-5160607391804	-1.032121478361e+13	0.3799791029602	1	1	1	-1
5900000	1	1.553719325894e+15	-5176140869784	-1.035228173957e+13	0.3788713779057	1	1	1	-1
5920000	1	1.555987655651e+15	-5191886838263	-1.038377367653e+13	0.377761603428	1	1	1	-1
5940000	1	1.558249324045e+15	-5207846774933	-1.041569354987e+13	0.3766493117614	1	1	1	-1
5960000	1	1.560504314684e+15	-5224021630277	-1.044804326055e+13	0.3755340760124	1	1	1	-1
5980000	1	1.562752608731e+15	-5240411848171	-1.048082369634e+13	0.3744155078212	1	1	1	-1
6000000	1	1.564994185134e+15	-5257017385073	-1.051403477015e+13	0.3732932551982	1	1	1	-1
6020000	1	1.567229020832e+15	-5273837727967	-1.054767545593e+13	0.3721670005221	1	1	1	-1
6040000	1	1.569457090958e+15	-5290871911172	-1.058174382234e+13	0.3710364586829	1	1	1	-1
6060000	1	1.571678369031e+15	-5308118532145	-1.061623706429e+13	0.3699013753579	1	1	1	-1
6080000	1	1.573892827131e+15	-5325575766387	-1.065115153277e+13	0.3687615254089	1	1	1	-1
6100000	1	1.576100436073e+15	-5343241381547	-1.068648276309e+13	0.3676167113892	1	1	1	-1
6120000	1	1.578301165566e+15	-5361112750815	-1.072222550163e+13	0.366466762151	1	1	1	-1
6140000	1	1.580494984372e+15	-5379186865691	-1.075837373138e+13	0.3653115315447	1	1	1	-1
6160000	1	1.582681860444e+15	-5397460348209	-1.079492069642e+13	0.364150897201	1	1	1	-1
6180000	1	1.584861761073e+15	-5415929462671	-1.083185892534e+13	0.36298475939	1	1	1	-1
6200000	1	1.587034653017e+15	-5434590126974	-1.086918025395e+13	0.3618130399482	1	1	1	-1
6220000	1	1.589200502625e+15	-5453437923579	-1.090687584716e+13	0.3606356812703	1	1	1	-1
6240000	1	1.591359275962e+15	-5472468110176	-1.094493622035e+13	0.3594526453575	1	1	1	-1
6260000	1	1.593510938922e+15	-5491675630098	-1.09833512602e+13	0.3582639129184	1	1	1	-1
6280000	1	1.595655457335e+15	-5511055122529	-1.102211024506e+13	0.357069482518	1	1	1	-1
6300000	1	1.597792797077e+15	-5530600932540	-1.106120186508e+13	0.3558693697696	1	1	1	-1
6320000	1	1.599922924165e+15	-5550307121008	-1.110061424202e+13	0.3546636065667	1	1	1	-1
6340000	1	1.602045804853e+15	-5570167474432	-1.114033494886e+13	0.3534522403503	1	1	1	-1
6360000	1	1.604161405727e+15	-5590175514692	-1.118035102938e+13	0.3522353334093	1	1	1	-1
6380000	1	1.606269693787e+15	-5610324508768	-1.122064901754e+13	0.3510129622097	1	1	1	-1
6400000	1	1.608370636534e+15	-5630607478462	-1.126121495692e+13	0.3497852167516	1	1	1	-1
6420000	1	1.610464202047e+15	-5651017210114	-1.130203442023e+13	0.3485521999496	1	1	1	-1
6440000	1	1.612550359059e+15	-5671546264371	-1.134309252874e+13	0.3473140270356	1	1	1	-1
6460000	1	1.61462907703e+15	-5692186985988	-1.138437397198e+13	0.3460708249816	1	1	1	-1
6480000	1	1.616700326214e+15	-5712931513706	-1.142586302741e+13	0.3448227319405	1	1	1	-1
6500000	1	1.618764077726e+15	-5733771790194	-1.146754358039e+13	0.3435698967028	1	1	1	-1
6520000	1	1.620820303606e+15	-5754699572092	-1.150939914418e+13	0.3423124781687	1	1	1	-1
6540000	1	1.622868976872e+15	-5775706440127	-1.155141288025e+13	0.341050644833	1	1	1	-1
6560000	1	1.624910071581e+15	-5796783809350	-1.15935676187e+13	0.3397845742826	1	1	1	-1
6580000	1	1.626943562883e+15	-5817922939453	-1.163584587891e+13	0.338514452705	1	1	1	-1
6600000	1	1.628969427066e+15	-5839114945210	-1.167822989042e+13	0.3372404744064	1	1	1	-1
6620000	1	1.630987641609e+15	-5860350807002	-1.1720701614e+13	0.3359628413395	1	1	1	-1
6640000	1	1.63299818522e+15	-5881621381455	-1.176324276291e+13	0.3346817626396	1	1	1	-1
6660000	1	1.635001037884e+15	-5902917412170	-1.180583482434e+13	0.3333974541687	1	1	1	-1
6680000	1	1.636996180899e+15	-5924229540541	-1.184845908108e+13	0.3321101380662	1	1	1	-1
6700000	1	1.638983596913e+15	-5945548316662	-1.189109663332e+13	0.3308200423078	1	1	1	-1
6720000	1	1.640963269955e+15	-5966864210301	-1.19337284206e+13	0.3295274002692	1	1	1	-1
6740000	1	1.642935185472e+15	-5988167621942	-1.197633524388e+13	0.3282324502974	1	1	1	-1
6760000	1	1.644899330351e+15	-6009448893883	-1.201889778777e+13	0.3269354352874	1	1	1	-1
6780000	1	1.646855692948e+15	-6030698321363	-1.206139664273e+13	0.3256366022644	1	1	1	-1
6800000	1	1.648804263114e+15	-6051906163725	-1.210381232745e+13	0.3243362019728	1	1	1	-1
6820000	1	1.650745032212e+15	-6073062655589	-1.214612531118e+13	0.3230344884699	1	1	1	-1
6840000	1	1.652677993136e+15	-6094158018011	-1.218831603602e+13	0.3217317187258	1	1	1	-1
6860000	1	1.65460314033e+15	-6115182469633	-1.223036493927e+13	0.3204281522295	1	1	1	-1
6880000	1	1.656520469801e+15	-6136126237785	-1.227225247557e+13	0.3191240506006	1	1	1	-1
6900000	1	1.658429979128e+15	-6156979569537	-1.231395913907e+13	0.3178196772072	1	1	1	-1
6920000	1	1.660331667476e+15	-6177732742670	-1.235546548534e+13	0.3165152967901	1	1	1	-1
6940000	1	1.662225535598e+15	-6198376076561	-1.239675215312e+13	0.3152111750938	1	1	1	-1
6960000	1	1.664111585844e+15	-6218899942946	-1.243779988589e+13	0.3139075785044	1	1	1	-1
6980000	1	1.665989822163e+15	-6239294776566	-1.247858955313e+13	0.3126047736941	1	1	1	-1
7000000	1	1.667860250099e+15	-6259551085644	-1.251910217129e+13	0.3113030272734	1	1	1	-1
7020000	1	1.669722876799e+15	-6279659462209	-1.255931892442e+13	0.3100026054511	1	1	1	-1
7040000	1	1.671577711e+15	-6299610592223	-1.259922118445e+13	0.308703773702	1	1	1	-1
7060000	1	1.67342476303e+15	-6319395265503	-1.263879053101e+13	0.3074067964428	1	1	1	-1
7080000	1	1.675264044797e+15	-6339004385416	-1.267800877083e+13	0.3061119367173	1	1	1	-1
7100000	1	1.677095569782e+15	-6358428978336	-1.271685795667e+13	0.3048194558894	1	1	1	-1
7120000	1	1.678919353027e+15	-6377660202835	-1.275532040567e+13	0.3035296133459	1	1	1	-1
7140000	1	1.680735411123e+15	-6396689358600	-1.27933787172e+13	0.3022426662092	1	1	1	-1
7160000	1	1.682543762196e+15	-6415507895062	-1.283101579012e+13	0.3009588690588	1	1	1	-1
7180000	1	1.684344425887e+15	-6434107419705	-1.286821483941e+13	0.2996784736635	1	1	1	-1
7200000	1	1.686137423341e+15	-6452479706067	-1.290495941213e+13	0.2984017287237	1	1	1	-1
7220000	1	1.687922777182e+15	-6470616701401	-1.29412334028e+13	0.2971288796244	1	1	1	-1
7240000	1	1.689700511497e+15	-6488510533981	-1.297702106796e+13	0.2958601681982	1	1	1	-1
7260000	1	1.69147065181e+15	-6506153520067	-1.301230704013e+13	0.2945958325005	1	1	1	-1
7280000	1	1.69323322506e+15	-6523538170479	-1.304707634096e+13	0.2933361065945	1	1	1	-1
7300000	1	1.69498825958e+15	-6540657196818	-1.308131439364e+13	0.2920812203482	1	1	1	-1
7320000	1	1.696735785063e+15	-6557503517277	-1.311500703455e+13	0.2908313992423	1	1	1	-1
7340000	1	1.698475832546e+15	-6574070262079	-1.314814052416e+13	0.28958686419	1	1	1	-1
7360000	1	1.700208434373e+15	-6590350778509	-1.318070155702e+13	0.288347831368	1	1	1	-1
7380000	1	1.701933624171e+15	-6606338635542	-1.321267727108e+13	0.287114512059	1	1	1	-1
7400000	1	1.703651436817e+15	-6622027628070	-1.324405525614e+13	0.2858871125058	1	1	1	-1
7420000	1	1.705361908411e+15	-6637411780718	-1.327482356144e+13	0.2846658337771	1	1	1	-1
7440000	1	1.707065076242e+15	-6652485351258	-1.330497070252e+13	0.2834508716445	1	1	1	-1
7460000	1	1.708760978758e+15	-6667242833606	-1.333448566721e+13	0.2822424164712	1	1	1	-1
7480000	1	1.710449655529e+15	-6681678960421	-1.336335792084e+13	0.2810406531118	1	1	1	-1
7500000	1	1.712131147218e+15	-6695788705295	-1.339157741059e+13	0.2798457608234	1	1	1	-1
7520000	1	1.713805495548e+15	-6709567284545	-1.341913456909e+13	0.2786579131876	1	1	1	-1
7540000	1	1.715472743263e+15	-6723010158611	-1.344602031722e+13	0.2774772780438	1	1	1	-1
7560000	1	1.717132934097e+15	-6736113033060	-1.347222606612e+13	0.2763040174326	1	1	1	-1
7580000	1	1.718786112736e+15	-6748871859210	-1.349774371842e+13	0.2751382875501	1	1	1	-1
7600000	1	1.720432324789e+15	-6761282834377	-1.352256566875e+13	0.2739802387119	1	1	1	-1
7620000	1	1.722071616745e+15	-6773342401758	-1.354668480352e+13	0.2728300153283	1	1	1	-1
7640000	1	1.723704035943e+15	-6785047249950	-1.35700944999e+13	0.2716877558874	1	1	1	-1
7660000	1	1.725329630533e+15	-6796394312127	-1.359278862425e+13	0.2705535929492	1	1	1	-1
7680000	1	1.726948449444e+15	-6807380764872	-1.361476152974e+13	0.269427653148	1	1	1	-1
7700000	1	1.728560542345e+15	-6818004026691	-1.363600805338e+13	0.2683100572036	1	1	1	-1
7720000	1	1.730165959612e+15	-6828261756207	-1.365652351241e+13	0.2672009199415	1	1	1	-1
7740000	1	1.731764752292e+15	-6838151850049	-1.36763037001e+13	0.2661003503206	1	1	1	-1
7760000	1	1.733356972066e+15	-6847672440459	-1.369534488092e+13	0.2650084514692	1	1	1	-1
7780000	1	1.734942671219e+15	-6856821892617	-1.371364378523e+13	0.2639253207279	1	1	1	-1
7800000	1	1.736521902599e+15	-6865598801701	-1.37311976034e+13	0.2628510497002	1	1	1	-1
7820000	1	1.738094719589e+15	-6874001989702	-1.37480039794e+13	0.2617857243092	1	1	1	-1
7840000	1	1.739661176069e+15	-6882030501997	-1.376406100399e+13	0.2607294248612	1	1	1	-1
7860000	1	1.741221326384e+15	-6889683603708	-1.377936720742e+13	0.2596822261146	1	1	1	-1
7880000	1	1.742775225311e+15	-6896960775845	-1.379392155169e+13	0.2586441973553	1	1	1	-1
7900000	1	1.744322928027e+15	-6903861711261	-1.380772342252e+13	0.2576154024763	1	1	1	-1
7920000	1	1.745864490073e+15	-6910386310420	-1.382077262084e+13	0.2565959000631	1	1	1	-1
7940000	1	1.747399967329e+15	-6916534677012	-1.383306935402e+13	0.2555857434833	1	1	1	-1
7960000	1	1.748929415979e+15	-6922307113397	-1.384461422679e+13	0.2545849809796	1	1	1	-1
7980000	1	1.75045289248e+15	-6927704115933	-1.385540823187e+13	0.2535936557683	1	1	1	-1
8000000	1	1.751970453533e+15	-6932726370160	-1.386545274032e+13	0.2526118061394	1	1	1	-1
8020000	1	1.753482156056e+15	-6937374745885	-1.387474949177e+13	0.251639465561	1	1	1	-1
8040000	1	1.754988057153e+15	-6941650292163	-1.388330058433e+13	0.2506766627863	1	1	1	-1
8060000	1	1.756488214083e+15	-6945554232197	-1.389110846439e+13	0.2497234219626	1	1	1	-1
8080000	1	1.757982684242e+15	-6949087958161	-1.389817591632e+13	0.248779762743	1	1	1	-1
8100000	1	1.759471525127e+15	-6952253025963	-1.390450605193e+13	0.2478457003996	1	1	1	-1
8120000	1	1.760954794314e+15	-6955051149966	-1.391010229993e+13	0.2469212459386	1	1	1	-1
8140000	1	1.762432549434e+15	-6957484197659	-1.391496839532e+13	0.2460064062164	1	1	1	-1
8160000	1	1.763904848144e+15	-6959554184312	-1.391910836862e+13	0.2451011840564	1	1	1	-1
8180000	1	1.765371748111e+15	-6961263267613	-1.392252653523e+13	0.2442055783676	1	1	1	-1
8200000	1	1.766833306978e+15	-6962613742293	-1.392522748459e+13	0.2433195842626	1	1	1	-1
8220000	1	1.768289582353e+15	-6963608034766	-1.392721606953e+13	0.2424431931763	1	1	1	-1
8240000	1	1.769740631779e+15	-6964248697773	-1.392849739555e+13	0.2415763929847	1	1	1	-1
8260000	1	1.771186512717e+15	-6964538405048	-1.39290768101e+13	0.2407191681235	1	1	1	-1
8280000	1	1.772627282523e+15	-6964479946023	-1.392895989205e+13	0.2398714997062	1	1	1	-1
8300000	1	1.774062998433e+15	-6964076220565	-1.392815244113e+13	0.2390333656415	1	1	1	-1
8320000	1	1.775493717538e+15	-6963330233754	-1.392666046751e+13	0.2382047407507	1	1	1	-1
8340000	1	1.776919496771e+15	-6962245090726	-1.392449018145e+13	0.2373855968829	1	1	1	-1
8360000	1	1.778340392888e+15	-6960823991564	-1.392164798313e+13	0.2365759030303	1	1	1	-1
8380000	1	1.77975646245e+15	-6959070226260	-1.391814045252e+13	0.2357756254418	1	1	1	-1
8400000	1	1.781167761807e+15	-6956987169746	-1.391397433949e+13	0.234984727735	1	1	1	-1
8420000	1	1.782574347084e+15	-6954578277003	-1.390915655401e+13	0.2342031710072	1	1	1	-1
8440000	1	1.783976274166e+15	-6951847078247	-1.390369415649e+13	0.2334309139446	1	1	1	-1
8460000	1	1.785373598682e+15	-6948797174204	-1.389759434841e+13	0.2326679129294	1	1	1	-1
8480000	1	1.786766375994e+15	-6945432231471	-1.389086446294e+13	0.2319141221462	1	1	1	-1
8500000	1	1.788154661183e+15	-6941755977977	-1.388351195595e+13	0.231169493685	1	1	1	-1
8520000	1	1.789538509036e+15	-6937772198526	-1.387554439705e+13	0.2304339776435	1	1	1	-1
8540000	1	1.790917974034e+15	-6933484730454	-1.386696946091e+13	0.229707522227	1	1	1	-1
8560000	1	1.792293110346e+15	-6928897459379	-1.385779491876e+13	0.2289900738457	1	1	1	-1
8580000	1	1.793663971809e+15	-6924014315054	-1.384802863011e+13	0.2282815772108	1	1	1	-1
8600000	1	1.795030611929e+15	-6918839267327	-1.383767853465e+13	0.2275819754273	1	1	1	-1
8620000	1	1.796393083863e+15	-6913376322212	-1.382675264442e+13	0.2268912100858	1	1	1	-1
8640000	1	1.797751440413e+15	-6907629518056	-1.381525903611e+13	0.226209221351	1	1	1	-1
8660000	1	1.799105734021e+15	-6901602921832	-1.380320584366e+13	0.2255359480487	1	1	1	-1
8680000	1	1.800456016757e+15	-6895300625521	-1.379060125104e+13	0.2248713277498	1	1	1	-1
8700000	1	1.801802340311e+15	-6888726742623	-1.377745348525e+13	0.2242152968529	1	1	1	-1
8720000	1	1.803144755993e+15	-6881885404768	-1.376377080954e+13	0.2235677906632	1	1	1	-1
8740000	1	1.804483314717e+15	-6874780758433	-1.374956151687e+13	0.2229287434711	1	1	1	-1
8760000	1	1.805818067004e+15	-6867416961782	-1.373483392356e+13	0.2222980886262	1	1	1	-1
8780000	1	1.807149062971e+15	-6859798181601	-1.37195963632e+13	0.2216757586111	1	1	1	-1
8800000	1	1.808476352328e+15	-6851928590352	-1.37038571807e+13	0.2210616851112	1	1	1	-1
8820000	1	1.809799984373e+15	-6843812363326	-1.368762472665e+13	0.2204557990835	1	1	1	-1
8840000	1	1.811120007988e+15	-6835453675913	-1.367090735183e+13	0.2198580308225	1	1	1	-1
8860000	1	1.812436471636e+15	-6826856700964	-1.365371340193e+13	0.2192683100238	1	1	1	-1
8880000	1	1.813749423355e+15	-6818025606273	-1.363605121255e+13	0.218686565846	1	1	1	-1
8900000	1	1.81505891076e+15	-6808964552145	-1.361792910429e+13	0.2181127269699	1	1	1	-1
8920000	1	1.816364981033e+15	-6799677689081	-1.359935537816e+13	0.217546721656	1	1	1	-1
8940000	1	1.817667680929e+15	-6790169155551	-1.35803383111e+13	0.2169884777992	1	1	1	-1
8960000	1	1.818967056765e+15	-6780443075873	-1.356088615175e+13	0.2164379229827	1	1	1	-1
8980000	1	1.820263154428e+15	-6770503558179	-1.354100711636e+13	0.2158949845283	1	1	1	-1
9000000	1	1.821556019365e+15	-6760354692489	-1.352070938498e+13	0.2153595895456	1	1	1	-1
9020000	1	1.822845696587e+15	-6750000548862	-1.350000109772e+13	0.2148316649796	1	1	1	-1
9040000	1	1.824132230665e+15	-6739445175647	-1.347889035129e+13	0.214311137655	1	1	1	-1
9060000	1	1.825415665734e+15	-6728692597823	-1.345738519565e+13	0.2137979343202	1	1	1	-1
9080000	1	1.826696045487e+15	-6717746815416	-1.343549363083e+13	0.2132919816885	1	1	1	-1
9100000	1	1.827973413177e+15	-6706611802015	-1.341322360403e+13	0.2127932064777	1	1	1	-1
9120000	1	1.829247811622e+15	-6695291503353	-1.339058300671e+13	0.2123015354478	1	1	1	-1
9140000	1	1.830519283196e+15	-6683789835981	-1.336757967196e+13	0.2118168954377	1	1	1	-1
9160000	1	1.831787869837e+15	-6672110686015	-1.334422137203e+13	0.2113392133993	1	1	1	-1
9180000	1	1.833053613047e+15	-6660257907956	-1.332051581591e+13	0.2108684164306	1	1	1	-1
9200000	1	1.834316553887e+15	-6648235323590	-1.329647064718e+13	0.2104044318067	1	1	1	-1
9220000	1	1.835576732988e+15	-6636046720951	-1.32720934419e+13	0.2099471870101	1	1	1	-1
9240000	1	1.836834190543e+15	-6623695853359	-1.324739170672e+13	0.2094966097587	1	1	1	-1
9260000	1	1.838088966313e+15	-6611186438524	-1.322237287705e+13	0.2090526280328	1	1	1	-1
9280000	1	1.83934109963e+15	-6598522157711	-1.319704431542e+13	0.2086151701003	1	1	1	-1
9300000	1	1.840590629394e+15	-6585706654972	-1.317141330994e+13	0.2081841645414	1	1	1	-1
9320000	1	1.84183759408e+15	-6572743536437	-1.314548707287e+13	0.2077595402707	1	1	1	-1
9340000	1	1.843082031736e+15	-6559636369663	-1.311927273933e+13	0.2073412265592	1	1	1	-1
9360000	1	1.84432397999e+15	-6546388683037	-1.309277736607e+13	0.2069291530545	1	1	1	-1
9380000	1	1.845563476045e+15	-6533003965238	-1.306600793048e+13	0.2065232498001	1	1	1	-1
9400000	1	1.84680055669e+15	-6519485664750	-1.30389713295e+13	0.2061234472529	1	1	1	-1
9420000	1	1.848035258296e+15	-6505837189420	-1.301167437884e+13	0.2057296763006	1	1	1	-1
9440000	1	1.849267616822e+15	-6492061906072	-1.298412381214e+13	0.2053418682774	1	1	1	-1
9460000	1	1.850497667815e+15	-6478163140165	-1.295632628033e+13	0.2049599549784	1	1	1	-1
9480000	1	1.851725446415e+15	-6464144175491	-1.292828835098e+13	0.2045838686739	1	1	1	-1
9500000	1	1.85295098736e+15	-6450008253922	-1.290001650784e+13	0.2042135421221	1	1	1	-1
9520000	1	1.854174324983e+15	-6435758575196	-1.287151715039e+13	0.2038489085808	1	1	1	-1
9540000	1	1.855395493221e+15	-6421398296741	-1.284279659348e+13	0.2034899018187	1	1	1	-1
9560000	1	1.856614525612e+15	-6406930533537	-1.281386106707e+13	0.2031364561255	1	1	1	-1
9580000	1	1.857831455304e+15	-6392358358017	-1.278471671603e+13	0.2027885063213	1	1	1	-1
9600000	1	1.859046315057e+15	-6377684799995	-1.275536959999e+13	0.2024459877653	1	1	1	-1
9620000	1	1.860259137243e+15	-6362912846637	-1.272582569327e+13	0.2021088363635	1	1	1	-1
9640000	1	1.861469953851e+15	-6348045442456	-1.269609088491e+13	0.2017769885759	1	1	1	-1
9660000	1	1.862678796492e+15	-6333085489335	-1.266617097867e+13	0.2014503814229	1	1	1	-1
9680000	1	1.8638856964e+15	-6318035846589	-1.263607169318e+13	0.2011289524913	1	1	1	-1
9700000	1	1.865090684439e+15	-6302899331039	-1.260579866208e+13	0.2008126399393	1	1	1	-1
9720000	1	1.8662937911e+15	-6287678717126	-1.257535743425e+13	0.2005013825009	1	1	1	-1
9740000	1	1.867495046512e+15	-6272376737039	-1.254475347408e+13	0.2001951194904	1	1	1	-1
9760000	1	1.86869448044e+15	-6256996080869	-1.251399216174e+13	0.1998937908051	1	1	1	-1
9780000	1	1.869892122291e+15	-6241539396788	-1.248307879358e+13	0.199597336929	1	1	1	-1
9800000	1	1.871088001115e+15	-6226009291244	-1.245201858249e+13	0.1993056989347	1	1	1	-1
9820000	1	1.872282145614e+15	-6210408329179	-1.242081665836e+13	0.1990188184852	1	1	1	-1
9840000	1	1.87347458414e+15	-6194739034259	-1.238947806852e+13	0.1987366378361	1	1	1	-1
9860000	1	1.874665344699e+15	-6179003889132	-1.235800777826e+13	0.1984590998358	1	1	1	-1
9880000	1	1.875854454959e+15	-6163205335690	-1.232641067138e+13	0.1981861479268	1	1	1	-1
9900000	1	1.87704194225e+15	-6147345775356	-1.229469155071e+13	0.1979177261456	1	1	1	-1
9920000	1	1.878227833567e+15	-6131427569379	-1.226285513876e+13	0.1976537791224	1	1	1	-1
9940000	1	1.879412155575e+15	-6115453039143	-1.223090607829e+13	0.1973942520814	1	1	1	-1
9960000	1	1.880594934613e+15	-6099424466493	-1.219884893299e+13	0.1971390908389	1	1	1	-1
9980000	1	1.881776196698e+15	-6083344094069	-1.216668818814e+13	0.196888241803	1	1	1	-1
10000000	1	1.882955967524e+15	-6067214125646	-1.213442825129e+13	0.1966416519721	1	1	1	-1
10020000	1	1.884134272473e+15	-6051036726493	-1.210207345299e+13	0.1963992689327	1	1	1	-1
10040000	1	1.885311136612e+15	-6034814023737	-1.206962804747e+13	0.1961610408578	1	1	1	-1
10060000	1	1.886486584699e+15	-6018548106733	-1.203709621347e+13	0.1959269165048	1	1	1	-1
10080000	1	1.887660641188e+15	-6002241027443	-1.200448205489e+13	0.1956968452127	1	1	1	-1
10100000	1	1.888833330229e+15	-5985894800826	-1.197178960165e+13	0.1954707768994	1	1	1	-1
10120000	1	1.890004675676e+15	-5969511405230	-1.193902281046e+13	0.1952486620594	1	1	1	-1
10140000	1	1.891174701086e+15	-5953092782787	-1.190618556557e+13	0.19503045176	1	1	1	-1
10160000	1	1.892343429724e+15	-5936640839823	-1.187328167965e+13	0.1948160976383	1	1	1	-1
10180000	1	1.893510884568e+15	-5920157447263	-1.184031489453e+13	0.194605551898	1	1	1	-1
10200000	1	1.894677088311e+15	-5903644441044	-1.180728888209e+13	0.1943987673052	1	1	1	-1
10220000	1	1.895842063363e+15	-5887103622530	-1.177420724506e+13	0.1941956971853	1	1	1	-1
10240000	1	1.897005831858e+15	-5870536758934	-1.174107351787e+13	0.1939962954188	1	1	1	-1
10260000	1	1.898168415653e+15	-5853945583738	-1.170789116748e+13	0.1938005164371	1	1	1	-1
10280000	1	1.899329836336e+15	-5837331797116	-1.167466359423e+13	0.1936083152187	1	1	1	-1
10300000	1	1.900490115223e+15	-5820697066361	-1.164139413272e+13	0.1934196472848	1	1	1	-1
10320000	1	1.901649273369e+15	-5804043026311	-1.160808605262e+13	0.1932344686948	1	1	1	-1
10340000	1	1.902807331564e+15	-5787371279775	-1.157474255955e+13	0.1930527360422	1	1	1	-1
10360000	1	1.903964310341e+15	-5770683397966	-1.154136679593e+13	0.1928744064495	1	1	1	-1
10380000	1	1.905120229977e+15	-5753980920924	-1.150796184185e+13	0.1926994375644	1	1	1	-1
10400000	1	1.906275110496e+15	-5737265357948	-1.14745307159e+13	0.1925277875541	1	1	1	-1
10420000	1	1.907428971674e+15	-5720538188021	-1.144107637604e+13	0.1923594151016	1	1	1	-1
10440000	1	1.90858183304e+15	-5703800860242	-1.140760172048e+13	0.1921942794001	1	1	1	-1
10460000	1	1.90973371388e+15	-5687054794244	-1.137410958849e+13	0.1920323401484	1	1	1	-1
10480000	1	1.910884633239e+15	-5670301380627	-1.134060276125e+13	0.1918735575463	1	1	1	-1
10500000	1	1.912034609928e+15	-5653541981376	-1.130708396275e+13	0.1917178922891	1	1	1	-1
10520000	1	1.913183662519e+15	-5636777930288	-1.127355586058e+13	0.1915653055631	1	1	1	-1
10540000	1	1.914331809357e+15	-5620010533383	-1.124002106677e+13	0.1914157590402	1	1	1	-1
10560000	1	1.915479068556e+15	-5603241069330	-1.120648213866e+13	0.1912692148734	1	1	1	-1
10580000	1	1.916625458005e+15	-5586470789858	-1.117294157972e+13	0.1911256356912	1	1	1	-1
10600000	1	1.917770995372e+15	-5569700920170	-1.113940184034e+13	0.1909849845927	1	1	1	-1
10620000	1	1.918915698103e+15	-5552932659349	-1.11058653187e+13	0.1908472251428	1	1	1	-1
10640000	1	1.920059583429e+15	-5536167180772	-1.107233436154e+13	0.1907123213668	1	1	1	-1
10660000	1	1.921202668363e+15	-5519405632506	-1.103881126501e+13	0.1905802377455	1	1	1	-1
10680000	1	1.922344969712e+15	-5502649137717	-1.100529827543e+13	0.19045093921	1	1	1	-1
10700000	1	1.923486504068e+15	-5485898795060	-1.097179759012e+13	0.1903243911366	1	1	1	-1
10720000	1	1.924627287822e+15	-5469155679078	-1.093831135816e+13	0.1902005593419	1	1	1	-1
10740000	1	1.925767337158e+15	-5452420840589	-1.090484168118e+13	0.1900794100776	1	1	1	-1
10760000	1	1.926906668059e+15	-5435695307078	-1.087139061416e+13	0.1899609100255	1	1	1	-1
10780000	1	1.928045296312e+15	-5418980083074	-1.083796016615e+13	0.1898450262925	1	1	1	-1
10800000	1	1.929183237506e+15	-5402276150536	-1.080455230107e+13	0.1897317264054	1	1	1	-1
10820000	1	1.930320507037e+15	-5385584469224	-1.077116893845e+13	0.1896209783062	1	1	1	-1
10840000	1	1.93145712011e+15	-5368905977073	-1.073781195415e+13	0.1895127503467	1	1	1	-1
10860000	1	1.932593091741e+15	-5352241590558	-1.070448318112e+13	0.1894070112843	1	1	1	-1
10880000	1	1.933728436762e+15	-5335592205062	-1.067118441012e+13	0.189303730276	1	1	1	-1
10900000	1	1.934863169817e+15	-5318958695234	-1.063791739047e+13	0.1892028768747	1	1	1	-1
10920000	1	1.935997305374e+15	-5302341915342	-1.060468383068e+13	0.1891044210231	1	1	1	-1
10940000	1	1.937130857718e+15	-5285742699628	-1.057148539926e+13	0.1890083330501	1	1	1	-1
10960000	1	1.938263840958e+15	-5269161862651	-1.05383237253e+13	0.188914583665	1	1	1	-1
10980000	1	1.939396269029e+15	-5252600199636	-1.050520039927e+13	0.1888231439534	1	1	1	-1
11000000	1	1.940528155695e+15	-5236058486807	-1.047211697361e+13	0.1887339853719	1	1	1	-1
11020000	1	1.941659514548e+15	-5219537481723	-1.043907496345e+13	0.188647079744	1	1	1	-1
11040000	1	1.942790359012e+15	-5203037923609	-1.040607584722e+13	0.188562399255	1	1	1	-1
11060000	1	1.943920702346e+15	-5186560533683	-1.037312106737e+13	0.1884799164476	1	1	1	-1
11080000	1	1.945050557647e+15	-5170106015473	-1.034021203095e+13	0.1883996042173	1	1	1	-1
11100000	1	1.946179937848e+15	-5153675055138	-1.030735011028e+13	0.1883214358075	1	1	1	-1
11120000	1	1.947308855724e+15	-5137268321781	-1.027453664356e+13	0.1882453848058	1	1	1	-1
11140000	1	1.948437323893e+15	-5120886467756	-1.024177293551e+13	0.1881714251386	1	1	1	-1
11160000	1	1.949565354815e+15	-5104530128971	-1.020906025794e+13	0.1880995310676	1	1	1	-1
11180000	1	1.950692960801e+15	-5088199925193	-1.017639985039e+13	0.1880296771846	1	1	1	-1
11200000	1	1.951820154007e+15	-5071896460337	-1.014379292067e+13	0.1879618384077	1	1	1	-1
11220000	1	1.952946946441e+15	-5055620322764	-1.011124064553e+13	0.187895989977	1	1	1	-1
11240000	1	1.954073349963e+15	-5039372085563	-1.007874417113e+13	0.18783210745	1	1	1	-1
11260000	1	1.955199376289e+15	-5023152306838	-1.004630461368e+13	0.1877701666977	1	1	1	-1
11280000	1	1.956325036989e+15	-5006961529983	-1.001392305997e+13	0.1877101439004	1	1	1	-1
11300000	1	1.957450343492e+15	-4990800283962	-9981600567925	0.1876520155436	1	1	1	-1
11320000	1	1.958575307088e+15	-4974669083574	-9949338167147	0.187595758414	1	1	1	-1
11340000	1	1.959699938927e+15	-4958568429721	-9917136859441	0.1875413495951	1	1	1	-1
11360000	1	1.960824250024e+15	-4942498809673	-9884997619345	0.187488766464	1	1	1	-1
11380000	1	1.961948251257e+15	-4926460697323	-9852921394646	0.1874379866865	1	1	1	-1
11400000	1	1.963071953374e+15	-4910454553444	-9820909106887	0.187388988214	1	1	1	-1
11420000	1	1.964195366989e+15	-4894480825936	-9788961651872	0.1873417492795	1	1	1	-1
11440000	1	1.965318502588e+15	-4878539950075	-9757079900151	0.1872962483934	1	1	1	-1
11460000	1	1.966441370528e+15	-4862632348756	-9725264697513	0.1872524643402	1	1	1	-1
11480000	1	1.967563981039e+15	-4846758432728	-9693516865456	0.1872103761749	1	1	1	-1
11500000	1	1.968686344229e+15	-4830918600831	-9661837201661	0.1871699632186	1	1	1	-1
11520000	1	1.96980847008e+15	-4815113240226	-9630226480452	0.1871312050559	1	1	1	-1
11540000	1	1.970930368454e+15	-4799342726626	-9598685453251	0.1870940815305	1	1	1	-1
11560000	1	1.972052049091e+15	-4783607424511	-9567214849022	0.1870585727422	1	1	1	-1
11580000	1	1.973173521614e+15	-4767907687357	-9535815374714	0.1870246590431	1	1	1	-1
11600000	1	1.974294795529e+15	-4752243857845	-9504487715690	0.1869923210345	1	1	1	-1
11620000	1	1.975415880227e+15	-4736616268078	-9473232536155	0.1869615395631	1	1	1	-1
11640000	1	1.976536784982e+15	-4721025239786	-9442050479572	0.1869322957181	1	1	1	-1
11660000	1	1.977657518959e+15	-4705471084536	-9410942169072	0.1869045708276	1	1	1	-1
11680000	1	1.978778091209e+15	-4689954103929	-9379908207858	0.1868783464552	1	1	1	-1
11700000	1	1.979898510675e+15	-4674474589802	-9348949179604	0.1868536043974	1	1	1	-1
11720000	1	1.98101878619e+15	-4659032824421	-9318065648842	0.1868303266797	1	1	1	-1
11740000	1	1.982138926481e+15	-4643629080674	-9287258161349	0.1868084955541	1	1	1	-1
11760000	1	1.983258940168e+15	-4628263622259	-9256527244519	0.1867880934953	1	1	1	-1
11780000	1	1.984378835769e+15	-4612936703869	-9225873407738	0.1867691031986	1	1	1	-1
11800000	1	1.985498621697e+15	-4597648571373	-9195297142746	0.1867515075759	1	1	1	-1
11820000	1	1.986618306263e+15	-4582399461997	-9164798923994	0.1867352897534	1	1	1	-1
11840000	1	1.987737897678e+15	-4567189604498	-9134379208995	0.1867204330685	1	1	1	-1
11860000	1	1.988857404054e+15	-4552019219336	-9104038438672	0.1867069210667	1	1	1	-1
11880000	1	1.989976833404e+15	-4536888518847	-9073777037694	0.1866947374992	1	1	1	-1
11900000	1	1.991096193647e+15	-4521797707403	-9043595414807	0.1866838663196	1	1	1	-1
11920000	1	1.992215492602e+15	-4506746981584	-9013493963168	0.1866742916815	1	1	1	-1
11940000	1	1.993334737997e+15	-4491736530330	-8983473060661	0.1866659979355	1	1	1	-1
11960000	1	1.994453937465e+15	-4476766535106	-8953533070212	0.1866589696268	1	1	1	-1
11980000	1	1.995573098548e+15	-4461837170052	-8923674340103	0.1866531914921	1	1	1	-1
12000000	1	1.996692228696e+15	-4446948602136	-8893897204273	0.1866486484575	1	1	1	-1
12020000	1	1.99781133527e+15	-4432100991309	-8864201982617	0.1866453256357	1	1	1	-1
12040000	1	1.998930425543e+15	-4417294490641	-8834588981282	0.1866432083233	1	1	1	-1
12060000	1	2.000049506698e+15	-4402529246476	-8805058492951	0.1866422819984	1	1	1	-1
12080000	1	2.001168585834e+15	-4387805398565	-8775610797131	0.1866425323181	1	1	1	-1
12100000	1	2.002287669963e+15	-4373123080212	-8746246160424	0.1866439451164	1	1	1	-1
12120000	1	2.003406766013e+15	-4358482418404	-8716964836807	0.1866465064012	1	1	1	-1
12140000	1	2.004525880828e+15	-4343883533947	-8687767067894	0.1866502023523	1	1	1	-1
12160000	1	2.005645021171e+15	-4329326541601	-8658653083202	0.186655019319	1	1	1	-1
12180000	1	2.006764193723e+15	-4314811550203	-8629623100406	0.1866609438177	1	1	1	-1
12200000	1	2.007883405084e+15	-4300338662797	-8600677325594	0.18666796253	1	1	1	-1
12220000	1	2.009002661776e+15	-4285907976759	-8571815953517	0.1866760622998	1	1	1	-1
12240000	1	2.010121970242e+15	-4271519583914	-8543039167829	0.1866852301316	1	1	1	-1
12260000	1	2.011241336846e+15	-4257173570664	-8514347141328	0.1866954531883	1	1	1	-1
12280000	1	2.012360767878e+15	-4242870018096	-8485740036191	0.1867067187887	1	1	1	-1
12300000	1	2.013480269551e+15	-4228609002103	-8457218004206	0.1867190144059	1	1	1	-1
12320000	1	2.014599848003e+15	-4214390593498	-8428781186995	0.1867323276648	1	1	1	-1
12340000	1	2.0157195093e+15	-4200214858119	-8400429716237	0.1867466463401	1	1	1	-1
12360000	1	2.016839259433e+15	-4186081856943	-8372163713887	0.1867619583544	1	1	1	-1
12380000	1	2.017959104324e+15	-4171991646193	-8343983292387	0.1867782517764	1	1	1	-1
12400000	1	2.019079049819e+15	-4157944277439	-8315888554878	0.1867955148184	1	1	1	-1
12420000	1	2.020199101699e+15	-4143939797703	-8287879595406	0.1868137358347	1	1	1	-1
12440000	1	2.021319265673e+15	-4129978249560	-8259956499121	0.1868329033199	1	1	1	-1
12460000	1	2.022439547381e+15	-4116059671237	-8232119342475	0.1868530059064	1	1	1	-1
12480000	1	2.023559952397e+15	-4102184096710	-8204368193419	0.1868740323632	1	1	1	-1
12500000	1	2.024680486225e+15	-4088351555797	-8176703111593	0.1868959715937	1	1	1	-1
12520000	1	2.025801154308e+15	-4074562074254	-8149124148508	0.186918812634	1	1	1	-1
12540000	1	2.026921962018e+15	-4060815673868	-8121631347736	0.1869425446509	1	1	1	-1
12560000	1	2.028042914666e+15	-4047112372542	-8094224745085	0.1869671569406	1	1	1	-1
12580000	1	2.029164017498e+15	-4033452184388	-8066904368775	0.1869926389267	1	1	1	-1
12600000	1	2.030285275697e+15	-4019835119808	-8039670239616	0.1870189801583	1	1	1	-1
12620000	1	2.031406694384e+15	-4006261185586	-8012522371172	0.187046170309	1	1	1	-1
12640000	1	2.032528278619e+15	-3992730384964	-7985460769929	0.1870741991743	1	1	1	-1
12660000	1	2.0336500334e+15	-3979242717729	-7958485435459	0.1871030566707	1	1	1	-1
12680000	1	2.034771963666e+15	-3965798180289	-7931596360578	0.187132732834	1	1	1	-1
12700000	1	2.035894074295e+15	-3952396765754	-7904793531507	0.1871632178173	1	1	1	-1
12720000	1	2.037016370108e+15	-3939038464010	-7878076928020	0.18719450189	1	1	1	-1
12740000	1	2.038138855867e+15	-3925723261799	-7851446523597	0.1872265754358	1	1	1	-1
12760000	1	2.039261536277e+15	-3912451142788	-7824902285576	0.1872594289515	1	1	1	-1
12780000	1	2.040384415986e+15	-3899222087646	-7798444175291	0.1872930530452	1	1	1	-1
12800000	1	2.041507499588e+15	-3886036074109	-7772072148219	0.1873274384354	1	1	1	-1
12820000	1	2.042630791618e+15	-3872893077058	-7745786154116	0.1873625759488	1	1	1	-1
12840000	1	2.04375429656e+15	-3859793068579	-7719586137158	0.1873984565194	1	1	1	-1
12860000	1	2.044878018842e+15	-3846736018036	-7693472036071	0.1874350711869	1	1	1	-1
12880000	1	2.046001962838e+15	-3833721892132	-7667443784263	0.1874724110955	1	1	1	-1
12900000	1	2.047126132871e+15	-3820750654978	-7641501309955	0.1875104674921	1	1	1	-1
12920000	1	2.04825053321e+15	-3807822268152	-7615644536304	0.1875492317255	1	1	1	-1
12940000	1	2.049375168075e+15	-3794936690765	-7589873381529	0.1875886952446	1	1	1	-1
12960000	1	2.050500041633e+15	-3782093879516	-7564187759032	0.1876288495976	1	1	1	-1
12980000	1	2.051625158e+15	-3769293788758	-7538587577516	0.1876696864302	1	1	1	-1
13000000	1	2.052750521244e+15	-3756536370550	-7513072741101	0.1877111974844	1	1	1	-1
13020000	1	2.053876135383e+15	-3743821574720	-7487643149441	0.1877533745978	1	1	1	-1
13040000	1	2.055002004386e+15	-3731149348916	-7462298697832	0.1877962097016	1	1	1	-1
13060000	1	2.056128132174e+15	-3718519638662	-7437039277325	0.1878396948199	1	1	1	-1
13080000	1	2.057254522622e+15	-3705932387416	-7411864774832	0.1878838220683	1	1	1	-1
13100000	1	2.058381179555e+15	-3693387536617	-7386775073233	0.1879285836529	1	1	1	-1
13120000	1	2.059508106755e+15	-3680885025738	-7361770051476	0.1879739718688	1	1	1	-1
13140000	1	2.060635307955e+15	-3668424792340	-7336849584680	0.1880199790993	1	1	1	-1
13160000	1	2.061762786845e+15	-3656006772118	-7312013544237	0.1880665978144	1	1	1	-1
13180000	1	2.062890547067e+15	-3643630898951	-7287261797903	0.1881138205702	1	1	1	-1
13200000	1	2.064018592223e+15	-3631297104950	-7262594209900	0.1881616400074	1	1	1	-1
13220000	1	2.065146925868e+15	-3619005320502	-7238010641004	0.1882100488501	1	1	1	-1
13240000	1	2.066275551513e+15	-3606755474320	-7213510948639	0.1882590399053	1	1	1	-1
13260000	1	2.06740447263e+15	-3594547493484	-7189094986969	0.1883086060612	1	1	1	-1
13280000	1	2.068533692644e+15	-3582381303489	-7164762606978	0.1883587402868	1	1	1	-1
13300000	1	2.069663214941e+15	-3570256828283	-7140513656565	0.1884094356301	1	1	1	-1
13320000	1	2.070793042864e+15	-3558173990312	-7116347980624	0.188460685218	1	1	1	-1
13340000	1	2.071923179717e+15	-3546132710562	-7092265421124	0.1885124822544	1	1	1	-1
13360000	1	2.073053628762e+15	-3534132908599	-7068265817197	0.18856482002	1	1	1	-1
13380000	1	2.07418439322e+15	-3522174502605	-7044349005211	0.1886176918709	1	1	1	-1
13400000	1	2.075315476275e+15	-3510257409424	-7020514818848	0.1886710912376	1	1	1	-1
13420000	1	2.076446881069e+15	-3498381544593	-6996763089186	0.1887250116243	1	1	1	-1
13440000	1	2.077578610708e+15	-3486546822383	-6973093644766	0.1887794466079	1	1	1	-1
13460000	1	2.078710668258e+15	-3474753155835	-6949506311670	0.188834389837	1	1	1	-1
13480000	1	2.079843056747e+15	-3463000456795	-6926000913591	0.1888898350312	1	1	1	-1
13500000	1	2.080975779166e+15	-3451288635951	-6902577271901	0.1889457759799	1	1	1	-1
13520000	1	2.08210883847e+15	-3439617602862	-6879235205725	0.1890022065418	1	1	1	-1
13540000	1	2.083242237575e+15	-3427987266001	-6855974532001	0.1890591206435	1	1	1	-1
13560000	1	2.084375979363e+15	-3416397532776	-6832795065552	0.1891165122794	1	1	1	-1
13580000	1	2.08551006668e+15	-3404848309574	-6809696619148	0.1891743755102	1	1	1	-1
13600000	1	2.086644502335e+15	-3393339501784	-6786679003567	0.1892327044624	1	1	1	-1
13620000	1	2.087779289103e+15	-3381871013831	-6763742027662	0.1892914933274	1	1	1	-1
13640000	1	2.088914429725e+15	-3370442749208	-6740885498415	0.1893507363608	1	1	1	-1
13660000	1	2.090049926907e+15	-3359054610502	-6718109221004	0.1894104278813	1	1	1	-1
13680000	1	2.09118578332e+15	-3347706499426	-6695412998853	0.1894705622703	1	1	1	-1
13700000	1	2.092322001604e+15	-3336398316847	-6672796633695	0.1895311339709	1	1	1	-1
13720000	1	2.093458584364e+15	-3325129962812	-6650259925624	0.1895921374874	1	1	1	-1
13740000	1	2.094595534173e+15	-3313901336576	-6627802673152	0.1896535673841	1	1	1	-1
13760000	1	2.095732853571e+15	-3302712336630	-6605424673260	0.1897154182849	1	1	1	-1
13780000	1	2.096870545066e+15	-3291562860727	-6583125721453	0.1897776848726	1	1	1	-1
13800000	1	2.098008611136e+15	-3280452805904	-6560905611809	0.1898403618879	1	1	1	-1
13820000	1	2.099147054225e+15	-3269382068514	-6538764137029	0.189903444129	1	1	1	-1
13840000	1	2.100285876748e+15	-3258350544244	-6516701088487	0.1899669264507	1	1	1	-1
13860000	1	2.101425081087e+15	-3247358128140	-6494716256279	0.1900308037638	1	1	1	-1
13880000	1	2.102564669597e+15	-3236404714634	-6472809429267	0.1900950710344	1	1	1	-1
13900000	1	2.103704644601e+15	-3225490197564	-6450980395128	0.1901597232833	1	1	1	-1
13920000	1	2.104845008391e+15	-3214614470198	-6429228940397	0.1902247555851	1	1	1	-1
13940000	1	2.105985763232e+15	-3203777425256	-6407554850511	0.1902901630679	1	1	1	-1
13960000	1	2.10712691136e+15	-3192978954927	-6385957909855	0.1903559409124	1	1	1	-1
13980000	1	2.10826845498e+15	-3182218950900	-6364437901800	0.1904220843514	1	1	1	-1
14000000	1	2.10941039627e+15	-3171497304374	-6342994608748	0.1904885886689	1	1	1	-1
14020000	1	2.110552737381e+15	-3160813906085	-6321627812169	0.1905554491999	1	1	1	-1
14040000	1	2.111695480433e+15	-3150168646322	-6300337292645	0.1906226613297	1	1	1	-1
14060000	1	2.112838627522e+15	-3139561414951	-6279122829903	0.1906902204929	1	1	1	-1
14080000	1	2.113982180714e+15	-3128992101429	-6257984202858	0.1907581221734	1	1	1	-1
14100000	1	2.115126142051e+15	-3118460594824	-6236921189647	0.1908263619031	1	1	1	-1
14120000	1	2.116270513545e+15	-3107966783834	-6215933567667	0.1908949352623	1	1	1	-1
14140000	1	2.117415297183e+15	-3097510556805	-6195021113610	0.1909638378781	1	1	1	-1
14160000	1	2.118560494928e+15	-3087091801748	-6174183603496	0.1910330654246	1	1	1	-1
14180000	1	2.119706108714e+15	-3076710406354	-6153420812709	0.1911026136219	1	1	1	-1
14200000	1	2.120852140451e+15	-3066366258015	-6132732516029	0.1911724782358	1	1	1	-1
14220000	1	2.121998592024e+15	-3056059243834	-6112118487667	0.1912426550771	1	1	1	-1
14240000	1	2.123145465292e+15	-3045789250647	-6091578501293	0.1913131400012	1	1	1	-1
14260000	1	2.124292762091e+15	-3035556165035	-6071112330070	0.1913839289076	1	1	1	-1
14280000	1	2.12544048423e+15	-3025359873340	-6050719746681	0.1914550177392	1	1	1	-1
14300000	1	2.126588633497e+15	-3015200261682	-6030400523364	0.1915264024819	1	1	1	-1
14320000	1	2.127737211653e+15	-3005077215968	-6010154431935	0.1915980791641	1	1	1	-1
14340000	1	2.128886220437e+15	-2994990621912	-5989981243824	0.1916700438563	1	1	1	-1
14360000	1	2.130035661564e+15	-2984940365046	-5969880730093	0.1917422926703	1	1	1	-1
14380000	1	2.131185536726e+15	-2974926330736	-5949852661472	0.1918148217592	1	1	1	-1
14400000	1	2.132335847592e+15	-2964948404190	-5929896808380	0.1918876273164	1	1	1	-1
14420000	1	2.133486595809e+15	-2955006470477	-5910012940954	0.1919607055754	1	1	1	-1
14440000	1	2.134637783e+15	-2945100414537	-5890200829073	0.1920340528096	1	1	1	-1
14460000	1	2.135789410767e+15	-2935230121192	-5870460242384	0.1921076653313	1	1	1	-1
14480000	1	2.136941480691e+15	-2925395475162	-5850790950324	0.1921815394914	1	1	1	-1
14500000	1	2.138093994327e+15	-2915596361073	-5831192722146	0.1922556716793	1	1	1	-1
14520000	1	2.139246953214e+15	-2905832663471	-5811665326942	0.1923300583222	1	1	1	-1
14540000	1	2.140400358866e+15	-2896104266831	-5792208533662	0.1924046958846	1	1	1	-1
14560000	1	2.141554212777e+15	-2886411055571	-5772822111142	0.1924795808679	1	1	1	-1
14580000	1	2.14270851642e+15	-2876752914061	-5753505828122	0.1925547098102	1	1	1	-1
14600000	1	2.143863271248e+15	-2867129726633	-5734259453267	0.1926300792855	1	1	1	-1
14620000	1	2.145018478692e+15	-2857541377594	-5715082755189	0.1927056859037	1	1	1	-1
14640000	1	2.146174140165e+15	-2847987751233	-5695975502466	0.1927815263099	1	1	1	-1
14660000	1	2.147330257058e+15	-2838468731832	-5676937463663	0.1928575971841	1	1	1	-1
14680000	1	2.148486830743e+15	-2828984203675	-5657968407350	0.1929338952409	1	1	1	-1
14700000	1	2.149643862573e+15	-2819534051061	-5639068102122	0.1930104172288	1	1	1	-1
14720000	1	2.150801353881e+15	-2810118158307	-5620236316615	0.1930871599302	1	1	1	-1
14740000	1	2.151959305979e+15	-2800736409763	-5601472819526	0.1931641201607	1	1	1	-1
14760000	1	2.153117720164e+15	-2791388689816	-5582777379631	0.1932412947691	1	1	1	-1
14780000	1	2.154276597711e+15	-2782074882900	-5564149765801	0.1933186806366	1	1	1	-1
14800000	1	2.155435939878e+15	-2772794873508	-5545589747017	0.1933962746766	1	1	1	-1
14820000	1	2.156595747903e+15	-2763548546194	-5527097092389	0.1934740738345	1	1	1	-1
14840000	1	2.157756023008e+15	-2754335785585	-5508671571171	0.1935520750871	1	1	1	-1
14860000	1	2.158916766395e+15	-2745156476388	-5490312952776	0.1936302754424	1	1	1	-1
14880000	1	2.160077979249e+15	-2736010503396	-5472021006792	0.1937086719392	1	1	1	-1
14900000	1	2.161239662737e+15	-2726897751497	-5453795502995	0.1937872616467	1	1	1	-1
14920000	1	2.162401818009e+15	-2717818105683	-5435636211366	0.1938660416645	1	1	1	-1
14940000	1	2.163564446198e+15	-2708771451051	-5417542902102	0.1939450091216	1	1	1	-1
14960000	1	2.164727548418e+15	-2699757672816	-5399515345632	0.1940241611767	1	1	1	-1
14980000	1	2.165891125769e+15	-2690776656315	-5381553312631	0.1941034950175	1	1	1	-1
15000000	1	2.167055179331e+15	-2681828287014	-5363656574029	0.1941830078608	1	1	1	-1
15020000	1	2.16821971017e+15	-2672912450514	-5345824901028	0.1942626969514	1	1	1	-1
15040000	1	2.169384719334e+15	-2664029032556	-5328058065112	0.1943425595627	1	1	1	-1
15060000	1	2.170550207857e+15	-2655177919030	-5310355838061	0.1944225929959	1	1	1	-1
15080000	1	2.171716176752e+15	-2646358995979	-5292717991959	0.1945027945795	1	1	1	-1
15100000	1	2.172882627022e+15	-2637572149605	-5275144299211	0.1945831616695	1	1	1	-1
15120000	1	2.174049559651e+15	-2628817266274	-5257634532548	0.1946636916489	1	1	1	-1
15140000	1	2.175216975607e+15	-2620094232522	-5240188465044	0.1947443819272	1	1	1	-1
15160000	1	2.176384875844e+15	-2611402935061	-5222805870122	0.1948252299403	1	1	1	-1
15180000	1	2.1775532613e+15	-2602743260782	-5205486521565	0.1949062331503	1	1	1	-1
15200000	1	2.178722132897e+15	-2594115096764	-5188230193529	0.194987389045	1	1	1	-1
15220000	1	2.179891491545e+15	-2585518330274	-5171036660548	0.1950686951376	1	1	1	-1
15240000	1	2.181061338136e+15	-2576952848775	-5153905697550	0.195150148967	1	1	1	-1
15260000	1	2.182231673549e+15	-2568418539929	-5136837079858	0.1952317480965	1	1	1	-1
15280000	1	2.183402498648e+15	-2559915291604	-5119830583207	0.1953134901144	1	1	1	-1
15300000	1	2.184573814281e+15	-2551442991874	-5102885983748	0.1953953726335	1	1	1	-1
15320000	1	2.185745621286e+15	-2543001529029	-5086003058058	0.1954773932906	1	1	1	-1
15340000	1	2.186917920481e+15	-2534590791573	-5069181583146	0.1955595497465	1	1	1	-1
15360000	1	2.188090712676e+15	-2526210668233	-5052421336467	0.1956418396855	1	1	1	-1
15380000	1	2.189263998664e+15	-2517861047961	-5035722095922	0.1957242608156	1	1	1	-1
15400000	1	2.190437779224e+15	-2509541819936	-5019083639872	0.1958068108677	1	1	1	-1
15420000	1	2.191612055122e+15	-2501252873571	-5002505747143	0.1958894875956	1	1	1	-1
15440000	1	2.192786827112e+15	-2492994098516	-4985988197031	0.1959722887759	1	1	1	-1
15460000	1	2.193962095932e+15	-2484765384657	-4969530769314	0.1960552122075	1	1	1	-1
15480000	1	2.195137862311e+15	-2476566622127	-4953133244254	0.1961382557116	1	1	1	-1
15500000	1	2.19631412696e+15	-2468397701303	-4936795402606	0.1962214171311	1	1	1	-1
15520000	1	2.19749089058e+15	-2460258512812	-4920517025624	0.1963046943308	1	1	1	-1
15540000	1	2.19866815386e+15	-2452148947533	-4904297895066	0.1963880851969	1	1	1	-1
15560000	1	2.199845917474e+15	-2444068896601	-4888137793203	0.1964715876369	1	1	1	-1
15580000	1	2.201024182086e+15	-2436018251410	-4872036502821	0.1965551995793	1	1	1	-1
15600000	1	2.202202948346e+15	-2427996903615	-4855993807229	0.1966389189733	1	1	1	-1
15620000	1	2.203382216891e+15	-2420004745133	-4840009490266	0.1967227437889	1	1	1	-1
15640000	1	2.204561988349e+15	-2412041668151	-4824083336302	0.1968066720162	1	1	1	-1
15660000	1	2.205742263332e+15	-2404107565122	-4808215130245	0.1968907016657	1	1	1	-1
15680000	1	2.206923042444e+15	-2396202328774	-4792404657548	0.1969748307676	1	1	1	-1
15700000	1	2.208104326274e+15	-2388325852106	-4776651704212	0.197059057372	1	1	1	-1
15720000	1	2.209286115402e+15	-2380478028395	-4760956056790	0.1971433795485	1	1	1	-1
15740000	1	2.210468410395e+15	-2372658751196	-4745317502393	0.1972277953859	1	1	1	-1
15760000	1	2.211651211808e+15	-2364867914346	-4729735828693	0.1973123029923	1	1	1	-1
15780000	1	2.212834520187e+15	-2357105411964	-4714210823928	0.1973969004944	1	1	1	-1
15800000	1	2.214018336064e+15	-2349371138453	-4698742276907	0.1974815860381	1	1	1	-1
15820000	1	2.215202659963e+15	-2341664988505	-4683329977011	0.1975663577874	1	1	1	-1
15840000	1	2.216387492393e+15	-2333986857100	-4667973714200	0.1976512139248	1	1	1	-1
15860000	1	2.217572833858e+15	-2326336639507	-4652673279014	0.197736152651	1	1	1	-1
15880000	1	2.218758684845e+15	-2318714231289	-4637428462578	0.1978211721844	1	1	1	-1
15900000	1	2.219945045834e+15	-2311119528303	-4622239056606	0.1979062707616	1	1	1	-1
15920000	1	2.221131917294e+15	-2303552426701	-4607104853402	0.1979914466364	1	1	1	-1
15940000	1	2.222319299683e+15	-2296012822932	-4592025645865	0.1980766980802	1	1	1	-1
15960000	1	2.223507193449e+15	-2288500613745	-4577001227491	0.1981620233814	1	1	1	-1
15980000	1	2.22469559903e+15	-2281015696188	-4562031392376	0.1982474208459	1	1	1	-1
16000000	1	2.225884516853e+15	-2273557967610	-4547115935221	0.1983328887959	1	1	1	-1
16020000	1	2.227073947337e+15	-2266127325665	-4532254651329	0.1984184255708	1	1	1	-1
16040000	1	2.228263890888e+15	-2258723668307	-4517447336614	0.1985040295262	1	1	1	-1
16060000	1	2.229454347905e+15	-2251346893800	-4502693787599	0.1985896990342	1	1	1	-1
16080000	1	2.230645318776e+15	-2243996900711	-4487993801422	0.198675432483	1	1	1	-1
16100000	1	2.23183680388e+15	-2236673587916	-4473347175832	0.198761228277	1	1	1	-1
16120000	1	2.233028803585e+15	-2229376854600	-4458753709200	0.1988470848364	1	1	1	-1
16140000	1	2.234221318251e+15	-2222106600256	-4444213200511	0.1989330005969	1	1	1	-1
16160000	1	2.235414348229e+15	-2214862724688	-4429725449377	0.19901897401	1	1	1	-1
16180000	1	2.23660789386e+15	-2207645128013	-4415290256026	0.1991050035424	1	1	1	-1
16200000	1	2.237801955475e+15	-2200453710659	-4400907421317	0.1991910876763	1	1	1	-1
16220000	1	2.238996533397e+15	-2193288373365	-4386576746731	0.1992772249086	1	1	1	-1
16240000	1	2.240191627941e+15	-2186149017189	-4372298034377	0.1993634137515	1	1	1	-1
16260000	1	2.241387239411e+15	-2179035543498	-4358071086996	0.1994496527316	1	1	1	-1
16280000	1	2.242583368104e+15	-2171947853978	-4343895707955	0.1995359403905	1	1	1	-1
16300000	1	2.243780014307e+15	-2164885850628	-4329771701257	0.199622275284	1	1	1	-1
16320000	1	2.244977178299e+15	-2157849435768	-4315698871535	0.1997086559823	1	1	1	-1
16340000	1	2.24617486035e+15	-2150838512029	-4301677024057	0.1997950810699	1	1	1	-1
16360000	1	2.247373060722e+15	-2143852982363	-4287705964727	0.1998815491452	1	1	1	-1
16380000	1	2.24857177967e+15	-2136892750041	-4273785500083	0.1999680588205	1	1	1	-1
16400000	1	2.249771017438e+15	-2129957718650	-4259915437300	0.2000546087221	1	1	1	-1
16420000	1	2.250970774263e+15	-2123047792097	-4246095584193	0.2001411974897	1	1	1	-1
16440000	1	2.252171050375e+15	-2116162874607	-4232325749214	0.2002278237765	1	1	1	-1
16460000	1	2.253371845993e+15	-2109302870726	-4218605741452	0.2003144862491	1	1	1	-1
16480000	1	2.254573161332e+15	-2102467685319	-4204935370638	0.2004011835874	1	1	1	-1
16500000	1	2.255774996597e+15	-2095657223571	-4191314447142	0.2004879144843	1	1	1	-1
16520000	1	2.256977351984e+15	-2088871390988	-4177742781976	0.2005746776457	1	1	1	-1
16540000	1	2.258180227684e+15	-2082110093396	-4164220186792	0.2006614717903	1	1	1	-1
16560000	1	2.259383623878e+15	-2075373236941	-4150746473882	0.2007482956497	1	1	1	-1
16580000	1	2.26058754074e+15	-2068660728090	-4137321456181	0.2008351479677	1	1	1	-1
16600000	1	2.261791978439e+15	-2061972473633	-4123944947265	0.200922027501	1	1	1	-1
16620000	1	2.262996937132e+15	-2055308380677	-4110616761353	0.2010089330182	1	1	1	-1
16640000	1	2.264202416973e+15	-2048668356653	-4097336713305	0.2010958633006	1	1	1	-1
16660000	1	2.265408418105e+15	-2042052309312	-4084104618623	0.2011828171411	1	1	1	-1
16680000	1	2.266614940668e+15	-2035460146726	-4070920293452	0.2012697933449	1	1	1	-1
16700000	1	2.26782198479e+15	-2028891777288	-4057783554576	0.201356790729	1	1	1	-1
16720000	1	2.269029550597e+15	-2022347109712	-4044694219424	0.201443808122	1	1	1	-1
16740000	1	2.270237638203e+15	-2015826053032	-4031652106065	0.2015308443644	1	1	1	-1
16760000	1	2.27144624772e+15	-2009328516605	-4018657033209	0.2016178983079	1	1	1	-1
16780000	1	2.272655379249e+15	-2002854410104	-4005708820209	0.2017049688159	1	1	1	-1
16800000	1	2.273865032886e+15	-1996403643528	-3992807287056	0.2017920547628	1	1	1	-1
16820000	1	2.275075208722e+15	-1989976127192	-3979952254383	0.2018791550345	1	1	1	-1
16840000	1	2.276285906837e+15	-1983571771731	-3967143543463	0.2019662685276	1	1	1	-1
16860000	1	2.277497127309e+15	-1977190488104	-3954380976208	0.20205339415	1	1	1	-1
16880000	1	2.278708870206e+15	-1970832187584	-3941664375168	0.2021405308203	1	1	1	-1
16900000	1	2.279921135593e+15	-1964496781767	-3928993563533	0.2022276774678	1	1	1	-1
16920000	1	2.281133923524e+15	-1958184182565	-3916368365131	0.2023148330326	1	1	1	-1
16940000	1	2.282347234052e+15	-1951894302213	-3903788604425	0.2024019964652	1	1	1	-1
16960000	1	2.283561067219e+15	-1945627053259	-3891254106517	0.2024891667267	1	1	1	-1
16980000	1	2.284775423064e+15	-1939382348572	-3878764697143	0.2025763427884	1	1	1	-1
17000000	1	2.285990301618e+15	-1933160101338	-3866320202675	0.2026635236319	1	1	1	-1
17020000	1	2.287205702907e+15	-1926960225060	-3853920450120	0.2027507082489	1	1	1	-1
17040000	1	2.288421626951e+15	-1920782633558	-3841565267116	0.2028378956413	1	1	1	-1
17060000	1	2.289638073763e+15	-1914627240968	-3829254481935	0.2029250848207	1	1	1	-1
17080000	1	2.290855043351e+15	-1908493961741	-3816987923483	0.2030122748088	1	1	1	-1
17100000	1	2.292072535718e+15	-1902382710646	-3804765421292	0.203099464637	1	1	1	-1
17120000	1	2.293290550858e+15	-1896293402764	-3792586805529	0.2031866533462	1	1	1	-1
17140000	1	2.294509088763e+15	-1890225953493	-3780451906986	0.203273839987	1	1	1	-1
17160000	1	2.295728149417e+15	-1884180278542	-3768360557084	0.2033610236196	1	1	1	-1
17180000	1	2.2969477328e+15	-1878156293937	-3756312587873	0.2034482033134	1	1	1	-1
17200000	1	2.298167838886e+15	-1872153916013	-3744307832026	0.2035353781471	1	1	1	-1
17220000	1	2.299388467641e+15	-1866173061421	-3732346122841	0.2036225472089	1	1	1	-1
17240000	1	2.30060961903e+15	-1860213647121	-3720427294242	0.2037097095957	1	1	1	-1
17260000	1	2.301831293008e+15	-1854275590386	-3708551180772	0.2037968644138	1	1	1	-1
17280000	1	2.303053489529e+15	-1848358808799	-3696717617597	0.2038840107783	1	1	1	-1
17300000	1	2.304276208539e+15	-1842463220252	-3684926440505	0.2039711478132	1	1	1	-1
17320000	1	2.305499449979e+15	-1836588742949	-3673177485898	0.2040582746512	1	1	1	-1
17340000	1	2.306723213786e+15	-1830735295401	-3661470590801	0.2041453904338	1	1	1	-1
17360000	1	2.307947499891e+15	-1824902796426	-3649805592851	0.2042324943111	1	1	1	-1
17380000	1	2.30917230822e+15	-1819091165151	-3638182330303	0.2043195854418	1	1	1	-1
17400000	1	2.310397638693e+15	-1813300321012	-3626600642023	0.2044066629929	1	1	1	-1
17420000	1	2.311623491228e+15	-1807530183746	-3615060367493	0.2044937261399	1	1	1	-1
17440000	1	2.312849865735e+15	-1801780673401	-3603561346801	0.2045807740666	1	1	1	-1
17460000	1	2.314076762121e+15	-1796051710325	-3592103420650	0.204667805965	1	1	1	-1
17480000	1	2.315304180287e+15	-1790343215174	-3580686430348	0.2047548210352	1	1	1	-1
17500000	1	2.316532120129e+15	-1784655108905	-3569310217810	0.2048418184854	1	1	1	-1
17520000	1	2.31776058154e+15	-1778987312779	-3557974625558	0.2049287975319	1	1	1	-1
17540000	1	2.318989564408e+15	-1773339748358	-3546679496716	0.2050157573987	1	1	1	-1
17560000	1	2.320219068614e+15	-1767712337506	-3535424675013	0.2051026973178	1	1	1	-1
17580000	1	2.321449094037e+15	-1762105002388	-3524210004776	0.2051896165289	1	1	1	-1
17600000	1	2.322679640551e+15	-1756517665467	-3513035330934	0.2052765142795	1	1	1	-1
17620000	1	2.323910708024e+15	-1750950249506	-3501900499012	0.2053633898247	1	1	1	-1
17640000	1	2.325142296322e+15	-1745402677567	-3490805355134	0.205450242427	1	1	1	-1
17660000	1	2.326374405304e+15	-1739874873008	-3479749746017	0.2055370713565	1	1	1	-1
17680000	1	2.327607034826e+15	-1734366759486	-3468733518971	0.2056238758908	1	1	1	-1
17700000	1	2.328840184741e+15	-1728878260950	-3457756521900	0.2057106553147	1	1	1	-1
17720000	1	2.330073854895e+15	-1723409301648	-3446818603296	0.2057974089203	1	1	1	-1
17740000	1	2.331308045131e+15	-1717959806120	-3435919612241	0.205884136007	1	1	1	-1
17760000	1	2.332542755288e+15	-1712529699202	-3425059398403	0.2059708358813	1	1	1	-1
17780000	1	2.333777985202e+15	-1707118906018	-3414237812037	0.2060575078568	1	1	1	-1
17800000	1	2.335013734702e+15	-1701727351990	-3403454703980	0.2061441512539	1	1	1	-1
17820000	1	2.336250003615e+15	-1696354962826	-3392709925652	0.2062307654004	1	1	1	-1
17840000	1	2.337486791765e+15	-1691001664526	-3382003329053	0.2063173496305	1	1	1	-1
17860000	1	2.338724098969e+15	-1685667383381	-3371334766762	0.2064039032855	1	1	1	-1
17880000	1	2.339961925043e+15	-1680352045968	-3360704091937	0.2064904257134	1	1	1	-1
17900000	1	2.341200269797e+15	-1675055579154	-3350111158308	0.2065769162688	1	1	1	-1
17920000	1	2.342439133038e+15	-1669777910090	-3339555820181	0.2066633743131	1	1	1	-1
17940000	1	2.343678514569e+15	-1664518966217	-3329037932434	0.2067497992142	1	1	1	-1
17960000	1	2.34491841419e+15	-1659278675257	-3318557350514	0.2068361903465	1	1	1	-1
17980000	1	2.346158831696e+15	-1654056965219	-3308113930438	0.2069225470907	1	1	1	-1
18000000	1	2.34739976688e+15	-1648853764395	-3297707528790	0.2070088688343	1	1	1	-1
18020000	1	2.34864121953e+15	-1643669001359	-3287338002718	0.2070951549706	1	1	1	-1
18040000	1	2.34988318943e+15	-1638502604967	-3277005209935	0.2071814048996	1	1	1	-1
18060000	1	2.351125676361e+15	-1633354504356	-3266709008713	0.2072676180274	1	1	1	-1
18080000	1	2.352368680102e+15	-1628224628943	-3256449257887	0.2073537937662	1	1	1	-1
18100000	1	2.353612200426e+15	-1623112908424	-3246225816849	0.2074399315343	1	1	1	-1
18120000	1	2.354856237104e+15	-1618019272773	-3236038545546	0.2075260307561	1	1	1	-1
18140000	1	2.356100789902e+15	-1612943652241	-3225887304482	0.207612090862	1	1	1	-1
18160000	1	2.357345858585e+15	-1607885977356	-3215771954712	0.2076981112883	1	1	1	-1
18180000	1	2.358591442914e+15	-1602846178922	-3205692357844	0.2077840914773	1	1	1	-1
18200000	1	2.359837542645e+15	-1597824188017	-3195648376034	0.2078700308769	1	1	1	-1
18220000	1	2.361084157531e+15	-1592819935992	-3185639871984	0.207955928941	1	1	1	-1
18240000	1	2.362331287325e+15	-1587833354472	-3175666708945	0.2080417851291	1	1	1	-1
18260000	1	2.363578931772e+15	-1582864375355	-3165728750709	0.2081275989065	1	1	1	-1
18280000	1	2.364827090617e+15	-1577912930806	-3155825861613	0.208213369744	1	1	1	-1
18300000	1	2.366075763601e+15	-1572978953266	-3145957906531	0.2082990971181	1	1	1	-1
18320000	1	2.367324950462e+15	-1568062375439	-3136124750878	0.2083847805106	1	1	1	-1
18340000	1	2.368574650935e+15	-1563163130303	-3126326260605	0.208470419409	1	1	1	-1
18360000	1	2.36982486475e+15	-1558281151099	-3116562302198	0.2085560133061	1	1	1	-1
18380000	1	2.371075591638e+15	-1553416371337	-3106832742674	0.2086415617001	1	1	1	-1
18400000	1	2.372326831323e+15	-1548568724792	-3097137449584	0.2087270640946	1	1	1	-1
18420000	1	2.373578583529e+15	-1543738145504	-3087476291008	0.2088125199984	1	1	1	-1
18440000	1	2.374830847975e+15	-1538924567776	-3077849135553	0.2088979289255	1	1	1	-1
18460000	1	2.376083624377e+15	-1534127926175	-3068255852350	0.2089832903952	1	1	1	-1
18480000	1	2.377336912451e+15	-1529348155529	-3058696311058	0.2090686039318	1	1	1	-1
18500000	1	2.378590711907e+15	-1524585190927	-3049170381853	0.2091538690647	1	1	1	-1
18520000	1	2.379845022454e+15	-1519838967718	-3039677935436	0.2092390853285	1	1	1	-1
18540000	1	2.381099843797e+15	-1515109421512	-3030218843025	0.2093242522626	1	1	1	-1
18560000	1	2.382355175638e+15	-1510396488176	-3020792976352	0.2094093694115	1	1	1	-1
18580000	1	2.38361101768e+15	-1505700103833	-3011400207666	0.2094944363246	1	1	1	-1
18600000	1	2.384867369617e+15	-1501020204865	-3002040409731	0.2095794525561	1	1	1	-1
18620000	1	2.386124231147e+15	-1496356727909	-2992713455817	0.2096644176649	1	1	1	-1
18640000	1	2.387381601959e+15	-1491709609854	-2983419219708	0.209749331215	1	1	1	-1
18660000	1	2.388639481745e+15	-1487078787847	-2974157575693	0.209834192775	1	1	1	-1
18680000	1	2.389897870192e+15	-1482464199284	-2964928398568	0.2099190019179	1	1	1	-1
18700000	1	2.391156766982e+15	-1477865781815	-2955731563630	0.2100037582219	1	1	1	-1
18720000	1	2.3924161718e+15	-1473283473341	-2946566946682	0.2100884612693	1	1	1	-1
18740000	1	2.393676084323e+15	-1468717212011	-2937434424023	0.2101731106472	1	1	1	-1
18760000	1	2.39493650423e+15	-1464166936227	-2928333872454	0.2102577059473	1	1	1	-1
18780000	1	2.396197431193e+15	-1459632584635	-2919265169270	0.2103422467657	1	1	1	-1
18800000	1	2.397458864887e+15	-1455114096130	-2910228192261	0.2104267327029	1	1	1	-1
18820000	1	2.39872080498e+15	-1450611409855	-2901222819710	0.2105111633638	1	1	1	-1
18840000	1	2.39998325114e+15	-1446124465196	-2892248930393	0.2105955383579	1	1	1	-1
18860000	1	2.401246203032e+15	-1441653201786	-2883306403571	0.2106798572987	1	1	1	-1
18880000	1	2.402509660318e+15	-1437197559498	-2874395118996	0.2107641198041	1	1	1	-1
18900000	1	2.403773622659e+15	-1432757478452	-2865514956904	0.2108483254965	1	1	1	-1
18920000	1	2.405038089714e+15	-1428332899007	-2856665798013	0.2109324740022	1	1	1	-1
18940000	1	2.406303061138e+15	-1423923761764	-2847847523527	0.2110165649517	1	1	1	-1
18960000	1	2.407568536586e+15	-1419530007563	-2839060015127	0.2111005979799	1	1	1	-1
18980000	1	2.408834515708e+15	-1415151577486	-2830303154972	0.2111845727256	1	1	1	-1
19000000	1	2.410100998155e+15	-1410788412849	-2821576825699	0.2112684888316	1	1	1	-1
19020000	1	2.411367983573e+15	-1406440455209	-2812880910419	0.211352345945	1	1	1	-1
19040000	1	2.412635471608e+15	-1402107646358	-2804215292715	0.2114361437166	1	1	1	-1
19060000	1	2.413903461903e+15	-1397789928322	-2795579856643	0.2115198818014	1	1	1	-1
19080000	1	2.415171954099e+15	-1393487243363	-2786974486727	0.2116035598581	1	1	1	-1
19100000	1	2.416440947835e+15	-1389199533979	-2778399067957	0.2116871775496	1	1	1	-1
19120000	1	2.417710442749e+15	-1384926742896	-2769853485791	0.2117707345423	1	1	1	-1
19140000	1	2.418980438475e+15	-1380668813075	-2761337626150	0.2118542305067	1	1	1	-1
19160000	1	2.420250934647e+15	-1376425687708	-2752851375416	0.2119376651169	1	1	1	-1
19180000	1	2.421521930895e+15	-1372197310217	-2744394620433	0.212021038051	1	1	1	-1
19200000	1	2.422793426848e+15	-1367983624251	-2735967248502	0.2121043489905	1	1	1	-1
19220000	1	2.424065422136e+15	-1363784573691	-2727569147382	0.2121875976208	1	1	1	-1
19240000	1	2.425337916381e+15	-1359600102642	-2719200205284	0.2122707836309	1	1	1	-1
19260000	1	2.426610909209e+15	-1355430155439	-2710860310877	0.2123539067135	1	1	1	-1
19280000	1	2.427884400241e+15	-1351274676639	-2702549353278	0.2124369665649	1	1	1	-1
19300000	1	2.429158389097e+15	-1347133611026	-2694267222053	0.2125199628847	1	1	1	-1
19320000	1	2.430432875396e+15	-1343006903609	-2686013807218	0.2126028953763	1	1	1	-1
19340000	1	2.431707858752e+15	-1338894499617	-2677788999234	0.2126857637465	1	1	1	-1
19360000	1	2.432983338783e+15	-1334796344503	-2669592689006	0.2127685677057	1	1	1	-1
19380000	1	2.434259315099e+15	-1330712383942	-2661424767883	0.2128513069676	1	1	1	-1
19400000	1	2.435535787313e+15	-1326642563827	-2653285127654	0.2129339812493	1	1	1	-1
19420000	1	2.436812755034e+15	-1322586830273	-2645173660546	0.2130165902713	1	1	1	-1
19440000	1	2.43809021787e+15	-1318545129612	-2637090259225	0.2130991337575	1	1	1	-1
19460000	1	2.439368175427e+15	-1314517408396	-2629034816791	0.2131816114351	1	1	1	-1
19480000	1	2.440646627309e+15	-1310503613390	-2621007226780	0.2132640230346	1	1	1	-1
19500000	1	2.441925573121e+15	-1306503691579	-2613007383159	0.2133463682896	1	1	1	-1
19520000	1	2.443205012462e+15	-1302517590162	-2605035180324	0.2134286469372	1	1	1	-1
19540000	1	2.444484944934e+15	-1298545256551	-2597090513103	0.2135108587176	1	1	1	-1
19560000	1	2.445765370134e+15	-1294586638374	-2589173276747	0.2135930033741	1	1	1	-1
19580000	1	2.447046287659e+15	-1290641683468	-2581283366936	0.2136750806532	1	1	1	-1
19600000	1	2.448327697105e+15	-1286710339886	-2573420679772	0.2137570903045	1	1	1	-1
19620000	1	2.449609598064e+15	-1282792555889	-2565585111779	0.2138390320807	1	1	1	-1
19640000	1	2.45089199013e+15	-1278888279950	-2557776559899	0.2139209057377	1	1	1	-1
19660000	1	2.452174872893e+15	-1274997460749	-2549994921497	0.2140027110343	1	1	1	-1
19680000	1	2.453458245943e+15	-1271120047176	-2542240094352	0.2140844477322	1	1	1	-1
19700000	1	2.454742108868e+15	-1267255988329	-2534511976657	0.2141661155964	1	1	1	-1
19720000	1	2.456026461254e+15	-1263405233511	-2526810467022	0.2142477143946	1	1	1	-1
19740000	1	2.457311302686e+15	-1259567732232	-2519135464465	0.2143292438975	1	1	1	-1
19760000	1	2.458596632749e+15	-1255743434208	-2511486868417	0.2144107038788	1	1	1	-1
19780000	1	2.459882451024e+15	-1251932289358	-2503864578716	0.214492094115	1	1	1	-1
19800000	1	2.461168757094e+15	-1248134247803	-2496268495607	0.2145734143855	1	1	1	-1
19820000	1	2.462455550537e+15	-1244349259870	-2488698519741	0.2146546644725	1	1	1	-1
19840000	1	2.463742830932e+15	-1240577276085	-2481154552170	0.2147358441609	1	1	1	-1
19860000	1	2.465030597858e+15	-1236818247176	-2473636494352	0.2148169532387	1	1	1	-1
19880000	1	2.466318850888e+15	-1233072124070	-2466144248141	0.2148979914963	1	1	1	-1
19900000	1	2.467607589599e+15	-1229338857896	-2458677715792	0.2149789587272	1	1	1	-1
19920000	1	2.468896813564e+15	-1225618399978	-2451236799957	0.2150598547272	1	1	1	-1
19940000	1	2.470186522355e+15	-1221910701841	-2443821403681	0.2151406792952	1	1	1	-1
19960000	1	2.471476715543e+15	-1218215715203	-2436431430406	0.2152214322324	1	1	1	-1
19980000	1	2.472767392699e+15	-1214533391982	-2429066783964	0.215302113343	1	1	1	-1
20000000	1	2.47405855339e+15	-1210863684289	-2421727368578	0.2153827224335	1	1	1	-1
