0	0	7.328539847062e+14	-5.442090804274e+13	-1.088418160855e+14	-0	1	1	1	-1
20000	0	7.330908985755e+14	3.597410489592e+13	7.194820979184e+13	0.001176166193915	1	-1	1	1
40000	0	7.328604774518e+14	-5.44160300355e+13	-1.08832060071e+14	0.002362453471372	1	1	1	-1
60000	0	7.328685930983e+14	-5.440993142787e+13	-1.088198628557e+14	0.003543802769132	1	1	1	-1
80000	0	7.331160476288e+14	3.596170064431e+13	7.192340128863e+13	0.004705060162672	1	-1	1	1
100000	0	7.331311359686e+14	3.595425205919e+13	7.190850411838e+13	0.005881622184309	1	-1	1	1
120000	0	7.331495761617e+14	3.594514207947e+13	7.189028415895e+13	0.007058382732872	1	-1	1	1
140000	0	7.331713675432e+14	3.593436700297e+13	7.186873400594e+13	0.008235382054868	1	-1	1	1
160000	0	7.329578442786e+14	-5.434276596423e+13	-1.086855319285e+14	0.009453748585233	1	1	1	-1
180000	0	7.332250006157e+14	3.59078033344e+13	7.18156066688e+13	0.01059025954177	1	-1	1	1
200000	0	7.332568403836e+14	3.589200390679e+13	7.178400781358e+13	0.01176821989043	1	-1	1	1
220000	0	7.330503005124e+14	-5.427300107373e+13	-1.085460021475e+14	0.01300407954998	1	1	1	-1
240000	0	7.330875957725e+14	-5.424480480554e+13	-1.084896096111e+14	0.0141885574786	1	1	1	-1
260000	0	7.331281265142e+14	-5.421412686691e+13	-1.084282537338e+14	0.01537364016635	1	1	1	-1
280000	0	7.331718908482e+14	-5.418095969156e+13	-1.083619193831e+14	0.01655938124149	1	1	1	-1
300000	0	7.33466222629e+14	3.578755096647e+13	7.157510193294e+13	0.01766492410871	1	-1	1	1
320000	0	7.332691119924e+14	-5.410712410328e+13	-1.082142482066e+14	0.01893305712823	1	1	1	-1
340000	0	7.333225642832e+14	-5.406643726255e+13	-1.081328745251e+14	0.02012110347084	1	1	1	-1
360000	0	7.336319435137e+14	3.570419130145e+13	7.14083826029e+13	0.02121004659622	1	-1	1	1
380000	0	7.336938549003e+14	3.567289171869e+13	7.134578343738e+13	0.02239321163966	1	-1	1	1
400000	0	7.337590983884e+14	3.563981434467e+13	7.127962868934e+13	0.02357718531719	1	-1	1	1
420000	0	7.338276717617e+14	3.56049452127e+13	7.12098904254e+13	0.02476201709074	1	-1	1	1
440000	0	7.336381393693e+14	-5.382488183754e+13	-1.076497636751e+14	0.02607574412083	1	1	1	-1
460000	0	7.339747988218e+14	3.552977168127e+13	7.105954336254e+13	0.02713445849625	1	-1	1	1
480000	0	7.340533476074e+14	3.54894351694e+13	7.097887033881e+13	0.02832217300076	1	-1	1	1
500000	0	7.338660278312e+14	-5.364899196395e+13	-1.072979839279e+14	0.02966227116052	1	1	1	-1
520000	0	7.339483945033e+14	-5.358511443855e+13	-1.071702288771e+14	0.03086046168366	1	1	1	-1
540000	0	7.340339569478e+14	-5.351858526608e+13	-1.070371705322e+14	0.03206010853542	1	1	1	-1
560000	0	7.341227112659e+14	-5.34493864373e+13	-1.068987728746e+14	0.03326128390636	1	1	1	-1
580000	0	7.344958383465e+14	3.525953322475e+13	7.051906644951e+13	0.03427790676171	1	-1	1	1
600000	0	7.343097792479e+14	-5.330290326715e+13	-1.066058065343e+14	0.03566851938423	1	1	1	-1
620000	0	7.34408084438e+14	-5.3225578318e+13	-1.06451156636e+14	0.0368747346628	1	1	1	-1
640000	0	7.34801027438e+14	3.509827387569e+13	7.019654775138e+13	0.03786723647754	1	-1	1	1
660000	0	7.349093547661e+14	3.504049562175e+13	7.00809912435e+13	0.03906671576741	1	-1	1	1
680000	0	7.350209756311e+14	3.498066182232e+13	6.996132364463e+13	0.04026782951409	1	-1	1	1
700000	0	7.351358867968e+14	3.49187449911e+13	6.983748998219e+13	0.04147065111031	1	-1	1	1
720000	0	7.349471410257e+14	-5.27972181693e+13	-1.055944363386e+14	0.04293511556016	1	1	1	-1
740000	0	7.353755668995e+14	3.478854633055e+13	6.95770926611e+13	0.04388172428668	1	-1	1	1
760000	0	7.355003291977e+14	3.472020345277e+13	6.944040690555e+13	0.04509013595826	1	-1	1	1
780000	0	7.353084235265e+14	-5.250589537912e+13	-1.050117907582e+14	0.04659806881994	1	1	1	-1
800000	0	7.354351279122e+14	-5.240289934828e+13	-1.048057986966e+14	0.0478241036565	1	1	1	-1
820000	0	7.35564961564e+14	-5.229690640821e+13	-1.045938128164e+14	0.04905284488308	1	1	1	-1
840000	0	7.356979187985e+14	-5.218788287712e+13	-1.043757657542e+14	0.05028440753791	1	1	1	-1
860000	0	7.361732289439e+14	3.434471324531e+13	6.868942649061e+13	0.05116442389002	1	-1	1	1
880000	0	7.35973180701e+14	-5.196060198297e+13	-1.039212039659e+14	0.05275648041156	1	1	1	-1
900000	0	7.361154734273e+14	-5.184226974351e+13	-1.03684539487e+14	0.05399724467017	1	1	1	-1
920000	0	7.366161188576e+14	3.409104906824e+13	6.818209813647e+13	0.05483826006694	1	-1	1	1
940000	0	7.367702541009e+14	3.400151740111e+13	6.800303480222e+13	0.05606838985314	1	-1	1	1
960000	0	7.369276366847e+14	3.390942104255e+13	6.78188420851e+13	0.05730147546947	1	-1	1	1
980000	0	7.370882635353e+14	3.381471144548e+13	6.762942289096e+13	0.05853764287163	1	-1	1	1
1000000	0	7.368733060287e+14	-5.120204252607e+13	-1.024040850521e+14	0.06025392816913	1	1	1	-1
1020000	0	7.374192381879e+14	3.361724831879e+13	6.723449663758e+13	0.06101975534195	1	-1	1	1
1040000	0	7.375895803293e+14	3.351438740124e+13	6.702877480248e+13	0.06226598187475	1	-1	1	1
1060000	0	7.377631554459e+14	3.34086982796e+13	6.681739655919e+13	0.06351585389581	1	-1	1	1
1080000	0	7.37534822624e+14	-5.062877219202e+13	-1.01257544384e+14	0.06533226569035	1	1	1	-1
1100000	0	7.381199947723e+14	3.318859530175e+13	6.637719060351e+13	0.06602717337792	1	-1	1	1
1120000	0	7.383032544915e+14	3.307405506858e+13	6.614811013716e+13	0.06728895993224	1	-1	1	1
1140000	0	7.384897382421e+14	3.295643363414e+13	6.591286726827e+13	0.06855507120018	1	-1	1	1
1160000	0	7.382449731536e+14	-4.999742898565e+13	-9.999485797129e+13	0.0704884713413	1	1	1	-1
1180000	0	7.38872371153e+14	3.271166389966e+13	6.542332779932e+13	0.07110104402123	1	-1	1	1
1200000	0	7.390685176062e+14	3.258436631883e+13	6.516873263766e+13	0.07238131906325	1	-1	1	1
1220000	0	7.388092222775e+14	-4.948332500721e+13	-9.896665001442e+13	0.07441547529814	1	1	1	-1
1240000	0	7.390032910824e+14	-4.930383192085e+13	-9.860766384171e+13	0.07573728780988	1	1	1	-1
1260000	0	7.392003398919e+14	-4.912014082735e+13	-9.82402816547e+13	0.07706600262397	1	1	1	-1
1280000	0	7.394003608556e+14	-4.893216475046e+13	-9.786432950092e+13	0.07840194338474	1	1	1	-1
1300000	0	7.400975233431e+14	3.189546052332e+13	6.379092104664e+13	0.07886490101243	1	-1	1	1
1320000	0	7.398092874393e+14	-4.854298900724e+13	-9.708597801448e+13	0.08109689330629	1	1	1	-1
1340000	0	7.400181769563e+14	-4.834159393117e+13	-9.668318786234e+13	0.08245665027046	1	1	1	-1
1360000	0	7.407535595269e+14	3.143683977005e+13	6.287367954009e+13	0.08283057517744	1	-1	1	1
1380000	0	7.409786864354e+14	3.127579698862e+13	6.255159397724e+13	0.0841669278657	1	-1	1	1
1400000	0	7.412070424082e+14	3.111047587837e+13	6.222095175674e+13	0.08551111254199	1	-1	1	1
1420000	0	7.408830516348e+14	-4.748812257632e+13	-9.497624515263e+13	0.08798741133987	1	1	1	-1
1440000	0	7.416734583457e+14	3.076649382919e+13	6.153298765838e+13	0.08822458409105	1	-1	1	1
1460000	0	7.419115287006e+14	3.058756478086e+13	6.117512956173e+13	0.08959474023565	1	-1	1	1
1480000	0	7.415622546912e+14	-4.679432809065e+13	-9.358865618129e+13	0.09224564943887	1	1	1	-1
1500000	0	7.417944283961e+14	-4.655211048335e+13	-9.310422096671e+13	0.09368909992016	1	1	1	-1
1520000	0	7.42029473821e+14	-4.630416222468e+13	-9.260832444935e+13	0.09514567748915	1	1	1	-1
1540000	0	7.422673820608e+14	-4.605031828094e+13	-9.210063656188e+13	0.09661612025117	1	1	1	-1
1560000	0	7.43150797834e+14	2.961753506189e+13	5.923507012379e+13	0.09659993680083	1	-1	1	1
1580000	0	7.42751750901e+14	-4.552423684767e+13	-9.104847369534e+13	0.09960183600626	1	1	1	-1
1600000	0	7.436695247402e+14	2.919115672162e+13	5.838231344325e+13	0.0994852883511	1	-1	1	1
1620000	0	7.432474617516e+14	-4.497235083006e+13	-8.994470166012e+13	0.1026533617362	1	1	1	-1
1640000	0	7.442015717659e+14	2.874051426108e+13	5.748102852216e+13	0.1024268559904	1	-1	1	1
1660000	0	7.437544397132e+14	-4.439296333669e+13	-8.878592667338e+13	0.1057789986846	1	1	1	-1
1680000	0	7.447470895948e+14	2.826379371624e+13	5.652758743249e+13	0.1054317051859	1	-1	1	1
1700000	0	7.442726078954e+14	-4.3784166684e+13	-8.7568333368e+13	0.1089884998819	1	1	1	-1
1720000	0	7.453062660994e+14	2.775895768123e+13	5.551791536247e+13	0.1085081320783	1	-1	1	1
1740000	0	7.448018870654e+14	-4.314380685886e+13	-8.628761371771e+13	0.1122934103094	1	1	1	-1
1760000	0	7.458793347876e+14	2.722370721965e+13	5.44474144393e+13	0.1116659528131	1	-1	1	1
1780000	0	7.453421951742e+14	-4.246943997214e+13	-8.493887994428e+13	0.1157075082611	1	1	1	-1
1800000	0	7.464665856566e+14	2.66554350936e+13	5.331087018721e+13	0.1149168799048	1	-1	1	1
1820000	0	7.467656388721e+14	2.635800285654e+13	5.271600571308e+13	0.1165815559037	1	-1	1	1
1840000	0	7.46173148421e+14	-4.13879182199e+13	-8.277583643981e+13	0.1210706289911	1	1	1	-1
1860000	0	7.464555519132e+14	-4.100712336853e+13	-8.201424673706e+13	0.1229332158931	1	1	1	-1
1880000	0	7.46740645118e+14	-4.061541580072e+13	-8.123083160144e+13	0.1248383981051	1	1	1	-1
1900000	0	7.470284155255e+14	-4.021227989499e+13	-8.042455978998e+13	0.126789802149	1	1	1	-1
1920000	0	7.483175090834e+14	2.472046691969e+13	4.944093383937e+13	0.1253855175993	1	-1	1	1
1940000	0	7.476119354034e+14	-3.93694474953e+13	-7.873889499059e+13	0.1308479991613	1	1	1	-1
1960000	0	7.489661222102e+14	2.398549748921e+13	4.797099497843e+13	0.1291852963773	1	-1	1	1
1980000	0	7.492968046292e+14	2.359838440597e+13	4.719676881195e+13	0.1311596614159	1	-1	1	1
2000000	0	7.485069495406e+14	-3.8003928164e+13	-7.600785632801e+13	0.1374012958525	1	1	1	-1
2020000	0	7.488104877749e+14	-3.751868950136e+13	-7.503737900273e+13	0.1397357364567	1	1	1	-1
2040000	0	7.491165973325e+14	-3.701692702637e+13	-7.403385405275e+13	0.1421586364759	1	1	1	-1
2060000	0	7.506654721554e+14	2.190037133814e+13	4.380074267628e+13	0.1396785691923	1	-1	1	-1
2080000	0	7.510200861221e+14	2.143366763619e+13	4.286733527238e+13	0.1419986674398	1	-1	1	-1
2100000	0	7.513801714399e+14	2.094780683622e+13	4.189561367244e+13	0.1444128578445	1	-1	1	-1
2120000	0	7.503663433942e+14	-3.482230543372e+13	-6.964461086744e+13	0.1529582770139	1	1	1	-1
2140000	0	7.506849896116e+14	-3.422003374298e+13	-6.844006748596e+13	0.1560085089368	1	1	1	-1
2160000	0	7.510060645456e+14	-3.359304645349e+13	-6.718609290697e+13	0.159237789804	1	1	1	-1
2180000	0	7.528824766868e+14	1.878314869491e+13	3.756629738981e+13	0.155276524586	1	-1	1	-1
2200000	0	7.532759850587e+14	1.817760228905e+13	3.63552045781e+13	0.1583843989008	1	-1	1	-1
2220000	0	7.536779995315e+14	1.754180647652e+13	3.508361295304e+13	0.1616987837796	1	-1	1	-1
2240000	0	7.523139237235e+14	-3.079325961804e+13	-6.158651923607e+13	0.1745583865551	1	1	1	-1
2260000	0	7.526465491024e+14	-3.000606782571e+13	-6.001213565142e+13	0.1792080071578	1	1	1	-1
2280000	0	7.549454782642e+14	1.542248446001e+13	3.084496892002e+13	0.17327460612	1	-1	1	-1
2300000	0	7.53318155901e+14	-2.829973995757e+13	-5.659947991513e+13	0.1899660417564	1	1	1	-1
2320000	0	7.558572670351e+14	1.379307489283e+13	2.758614978567e+13	0.1829523592735	1	-1	1	-1
2340000	0	7.539976051784e+14	-2.637919435615e+13	-5.275838871229e+13	0.2034472410524	1	1	1	-1
2360000	0	7.543399298084e+14	-2.531912326695e+13	-5.06382465339e+13	0.2116514468209	1	1	1	-1
2380000	0	7.546837061106e+14	-2.417801029201e+13	-4.835602058402e+13	0.2211993365464	1	1	1	-1
2400000	0	7.57954283924e+14	9788916332416	1.957783266483e+13	0.2115038706832	1	-1	1	-1
2420000	0	7.553740740826e+14	-2.158772432552e+13	-4.317544865104e+13	0.2461737664261	1	1	1	-1
2440000	0	7.557191872753e+14	-2.009054406409e+13	-4.018108812817e+13	0.2630908072223	1	1	1	-1
2460000	0	7.560620673567e+14	-1.840850255643e+13	-3.681700511286e+13	0.2846148994282	1	1	1	-1
2480000	0	7.609577602395e+14	4122624321307	8245248642613	0.2755426994636	1	-1	1	-1
2500000	0	7.567165722478e+14	-1.419044914308e+13	-2.838089828616e+13	0.3507817930325	1	1	1	-1
2520000	0	7.636083696212e+14	231609306894.1	463218613788.3	0.3591944918453	1	-1	1	-1
2540000	1	7.642205346872e+14	-436300201066	-872600402131.9	0.5660265473098	1	1	1	-1
2560000	1	7.677745264415e+14	-2287607789664	-4575215579328	0.5824813662974	1	1	1	-1
2580000	1	7.710516738032e+14	-3184008142030	-6368016284061	0.5107924173014	1	1	1	-1
2600000	1	7.739325160413e+14	-3682357698225	-7364715396450	0.4533144124819	1	1	1	-1
2620000	1	7.765201651148e+14	-4000136524060	-8000273048121	0.4120399356154	1	1	1	-1
2640000	1	7.788949807335e+14	-4221697565781	-8443395131563	0.3815472554811	1	1	1	-1
2660000	1	7.811096421496e+14	-4385556430223	-8771112860446	0.3581456899171	1	1	1	-1
2680000	1	7.831993883141e+14	-4511794818961	-9023589637922	0.3395909348311	1	1	1	-1
2700000	1	7.851887799232e+14	-4611962338430	-9223924676861	0.3244871894085	1	1	1	-1
2720000	1	7.870956113214e+14	-4693208983051	-9386417966101	0.3119299507691	1	1	1	-1
2740000	1	7.889332079053e+14	-4760219788070	-9520439576140	0.3013090559688	1	1	1	-1
2760000	1	7.907118285011e+14	-4816205898876	-9632411797751	0.2921980180142	1	1	1	-1
2780000	1	7.924395564792e+14	-4863449961251	-9726899922502	0.2842894662429	1	1	1	-1
2800000	1	7.9412288717e+14	-4903624187820	-9807248375641	0.277355975239	1	1	1	-1
2820000	1	7.95767127835e+14	-4937984950629	-9875969901259	0.2712254141057	1	1	1	-1
2840000	1	7.973766778373e+14	-4967496708755	-9934993417510	0.2657649164017	1	1	1	-1
2860000	1	7.989552298195e+14	-4992913671236	-9985827342472	0.2608701479396	1	1	1	-1
2880000	1	8.005059173397e+14	-5014835211488	-1.002967042298e+13	0.2564579336109	1	1	1	-1
2900000	1	8.020314253178e+14	-5033744441053	-1.006748888211e+13	0.2524610744126	1	1	1	-1
2920000	1	8.0353407408e+14	-5050035667623	-1.010007133525e+13	0.2488246288323	1	1	1	-1
2940000	1	8.050158842929e+14	-5064034330602	-1.01280686612e+13	0.2455031955876	1	1	1	-1
2960000	1	8.064786278233e+14	-5076011731932	-1.015202346386e+13	0.2424588951252	1	1	1	-1
2980000	1	8.079238680649e+14	-5086196093944	-1.017239218789e+13	0.2396598477348	1	1	1	-1
3000000	1	8.093529922744e+14	-5094780978766	-1.018956195753e+13	0.2370790105185	1	1	1	-1
3020000	1	8.107672377615e+14	-5101931781801	-1.02038635636e+13	0.2346932776162	1	1	1	-1
3040000	1	8.121677133005e+14	-5107790798788	-1.021558159758e+13	0.2324827762411	1	1	1	-1
3060000	1	8.135554167828e+14	-5112481222288	-1.022496244458e+13	0.2304303102098	1	1	1	-1
3080000	1	8.149312498853e+14	-5116110324867	-1.023222064973e+13	0.2285209158758	1	1	1	-1
3100000	1	8.162960303469e+14	-5118772017477	-1.023754403495e+13	0.2267415046442	1	1	1	-1
3120000	1	8.176505023111e+14	-5120548922902	-1.02410978458e+13	0.2250805728474	1	1	1	-1
3140000	1	8.189953450947e+14	-5121514069220	-1.024302813844e+13	0.2235279645066	1	1	1	-1
3160000	1	8.20331180664e+14	-5121732282884	-1.024346456577e+13	0.2220746759784	1	1	1	-1
3180000	1	8.216585800436e+14	-5121261342384	-1.024252268477e+13	0.2207126940343	1	1	1	-1
3200000	1	8.22978068838e+14	-5120152939635	-1.024030587927e+13	0.2194348608293	1	1	1	-1
3220000	1	8.242901320111e+14	-5118453485814	-1.023690697163e+13	0.2182347606468	1	1	1	-1
3240000	1	8.255952180413e+14	-5116204790547	-1.023240958109e+13	0.217106624396	1	1	1	-1
3260000	1	8.268937425498e+14	-5113444637278	-1.022688927456e+13	0.2160452486703	1	1	1	-1
3280000	1	8.281860914797e+14	-5110207273090	-1.022041454618e+13	0.2150459268188	1	1	1	-1
3300000	1	8.294726238935e+14	-5106523827586	-1.021304765517e+13	0.2141043899821	1	1	1	-1
3320000	1	8.307536744425e+14	-5102422672658	-1.020484534532e+13	0.2132167564387	1	1	1	-1
3340000	1	8.320295555535e+14	-5097929732765	-1.019585946553e+13	0.2123794879123	1	1	1	-1
3360000	1	8.333005593722e+14	-5093068753554	-1.018613750711e+13	0.2115893517418	1	1	1	-1
3380000	1	8.345669594948e+14	-5087861535270	-1.017572307054e+13	0.2108433880058	1	1	1	-1
3400000	1	8.358290125152e+14	-5082328136297	-1.016465627259e+13	0.2101388808556	1	1	1	-1
3420000	1	8.370869594118e+14	-5076487051227	-1.015297410245e+13	0.209473333435	1	1	1	-1
3440000	1	8.38341026793e+14	-5070355367142	-1.014071073428e+13	0.2088444458693	1	1	1	-1
3460000	1	8.395914280192e+14	-5063948901202	-1.01278978024e+13	0.2082500958904	1	1	1	-1
3480000	1	8.40838364215e+14	-5057282322102	-1.01145646442e+13	0.207688321733	1	1	1	-1
3500000	1	8.420820251855e+14	-5050369257609	-1.010073851522e+13	0.2071573069955	1	1	1	-1
3520000	1	8.433225902469e+14	-5043222390006	-1.008644478001e+13	0.2066553672035	1	1	1	-1
3540000	1	8.445602289808e+14	-5035853541031	-1.007170708206e+13	0.2061809378557	1	1	1	-1
3560000	1	8.457951019208e+14	-5028273747640	-1.005654749528e+13	0.2057325637625	1	1	1	-1
3580000	1	8.470273611794e+14	-5020493329756	-1.004098665951e+13	0.2053088895158	1	1	1	-1
3600000	1	8.482571510197e+14	-5012521950965	-1.002504390193e+13	0.2049086509512	1	1	1	-1
3620000	1	8.494846083791e+14	-5004368673037	-1.000873734607e+13	0.2045306674829	1	1	1	-1
3640000	1	8.507098633498e+14	-4996042004976	-9992084009952	0.2041738352079	1	1	1	-1
3660000	1	8.519330396191e+14	-4987549947252	-9975099894504	0.2038371206905	1	1	1	-1
3680000	1	8.531542548754e+14	-4978900031761	-9957800063523	0.2035195553488	1	1	1	-1
3700000	1	8.543736211809e+14	-4970099357988	-9940198715975	0.2032202303759	1	1	1	-1
3720000	1	8.555912453166e+14	-4961154625790	-9922309251581	0.202938292137	1	1	1	-1
3740000	1	8.568072290999e+14	-4952072165184	-9904144330368	0.2026729379906	1	1	1	-1
3760000	1	8.580216696791e+14	-4942857963427	-9885715926854	0.2024234124878	1	1	1	-1
3780000	1	8.592346598056e+14	-4933517689707	-9867035379414	0.2021890039111	1	1	1	-1
3800000	1	8.604462880867e+14	-4924056717665	-9848113435329	0.2019690411169	1	1	1	-1
3820000	1	8.616566392199e+14	-4914480145984	-9828960291969	0.2017628906509	1	1	1	-1
3840000	1	8.628657942109e+14	-4904792817235	-9809585634471	0.2015699541088	1	1	1	-1
3860000	1	8.640738305767e+14	-4894999335144	-9789998670288	0.2013896657186	1	1	1	-1
3880000	1	8.652808225339e+14	-4885104080446	-9770208160891	0.2012214901227	1	1	1	-1
3900000	1	8.664868411755e+14	-4875111225454	-9750222450907	0.2010649203398	1	1	1	-1
3920000	1	8.67691954635e+14	-4865024747463	-9730049494927	0.2009194758915	1	1	1	-1
3940000	1	8.6889622824e+14	-4854848441106	-9709696882211	0.200784701076	1	1	1	-1
3960000	1	8.700997246562e+14	-4844585929739	-9689171859477	0.2006601633772	1	1	1	-1
3980000	1	8.713025040217e+14	-4834240675972	-9668481351944	0.2005454519961	1	1	1	-1
4000000	1	8.725046240734e+14	-4823815991395	-9647631982791	0.2004401764933	1	1	1	-1
4020000	1	8.737061402648e+14	-4813315045583	-9626630091165	0.2003439655336	1	1	1	-1
4040000	1	8.749071058774e+14	-4802740874439	-9605481748877	0.200256465723	1	1	1	-1
4060000	1	8.76107572125e+14	-4792096387938	-9584192775876	0.2001773405309	1	1	1	-1
4080000	1	8.773075882514e+14	-4781384377313	-9562768754627	0.20010626929	1	1	1	-1
4100000	1	8.78507201623e+14	-4770607521736	-9541215043471	0.2000429462663	1	1	1	-1
4120000	1	8.797064578159e+14	-4759768394529	-9519536789057	0.1999870797962	1	1	1	-1
4140000	1	8.809054006974e+14	-4748869468957	-9497738937914	0.1999383914815	1	1	1	-1
4160000	1	8.821040725034e+14	-4737913123623	-9475826247246	0.199896615441	1	1	1	-1
4180000	1	8.833025139114e+14	-4726901647497	-9453803294994	0.1998614976122	1	1	1	-1
4200000	1	8.845007641096e+14	-4715837244619	-9431674489238	0.1998327950995	1	1	1	-1
4220000	1	8.856988608614e+14	-4704722038490	-9409444076981	0.1998102755657	1	1	1	-1
4240000	1	8.868968405678e+14	-4693558076184	-9387116152367	0.1997937166636	1	1	1	-1
4260000	1	8.880947383248e+14	-4682347332186	-9364694664373	0.1997829055038	1	1	1	-1
4280000	1	8.892925879795e+14	-4671091712006	-9342183424012	0.1997776381564	1	1	1	-1
4300000	1	8.904904221815e+14	-4659793055548	-9319586111096	0.1997777191849	1	1	1	-1
4320000	1	8.916882724333e+14	-4648453140284	-9296906280568	0.1997829612084	1	1	1	-1
4340000	1	8.928861691369e+14	-4637073684231	-9274147368462	0.1997931844913	1	1	1	-1
4360000	1	8.940841416386e+14	-4625656348749	-9251312697498	0.1998082165577	1	1	1	-1
4380000	1	8.952822182713e+14	-4614202741167	-9228405482335	0.1998278918299	1	1	1	-1
4400000	1	8.964804263951e+14	-4602714417266	-9205428834531	0.1998520512874	1	1	1	-1
4420000	1	8.976787924354e+14	-4591192883601	-9182385767202	0.1998805421468	1	1	1	-1
4440000	1	8.988773419195e+14	-4579639599706	-9159279199412	0.1999132175604	1	1	1	-1
4460000	1	9.000760995113e+14	-4568055980161	-9136111960322	0.1999499363321	1	1	1	-1
4480000	1	9.012750890444e+14	-4556443396547	-9112886793095	0.1999905626496	1	1	1	-1
4500000	1	9.024743335536e+14	-4544803179294	-9089606358588	0.200034965832	1	1	1	-1
4520000	1	9.036738553049e+14	-4533136619420	-9066273238840	0.2000830200913	1	1	1	-1
4540000	1	9.048736758242e+14	-4521444970183	-9042889940366	0.2001346043075	1	1	1	-1
4560000	1	9.060738159247e+14	-4509729448639	-9019458897279	0.2001896018157	1	1	1	-1
4580000	1	9.072742957329e+14	-4497991237119	-8995982474237	0.2002479002054	1	1	1	-1
4600000	1	9.084751347136e+14	-4486231484622	-8972462969243	0.2003093911302	1	1	1	-1
4620000	1	9.096763516937e+14	-4474451308144	-8948902616288	0.2003739701277	1	1	1	-1
4640000	1	9.108779648849e+14	-4462651793934	-8925303587868	0.2004415364494	1	1	1	-1
4660000	1	9.120799919056e+14	-4450833998679	-8901667997358	0.2005119928986	1	1	1	-1
4680000	1	9.132824498018e+14	-4438998950642	-8877997901284	0.2005852456783	1	1	1	-1
4700000	1	9.144853550668e+14	-4427147650730	-8854295301460	0.2006612042454	1	1	1	-1
4720000	1	9.156887236605e+14	-4415281073517	-8830562147034	0.2007397811729	1	1	1	-1
4740000	1	9.168925710276e+14	-4403400168212	-8806800336424	0.2008208920198	1	1	1	-1
4760000	1	9.180969121151e+14	-4391505859583	-8783011719166	0.2009044552063	1	1	1	-1
4780000	1	9.193017613892e+14	-4379599048833	-8759198097667	0.2009903918962	1	1	1	-1
4800000	1	9.205071328512e+14	-4367680614439	-8735361228878	0.2010786258847	1	1	1	-1
4820000	1	9.217130400534e+14	-4355751412943	-8711502825885	0.2011690834917	1	1	1	-1
4840000	1	9.229194961133e+14	-4343812279713	-8687624559427	0.2012616934602	1	1	1	-1
4860000	1	9.241265137285e+14	-4331864029670	-8663728059340	0.20135638686	1	1	1	-1
4880000	1	9.253341051899e+14	-4319907457972	-8639814915943	0.2014530969955	1	1	1	-1
4900000	1	9.265422823949e+14	-4307943340675	-8615886681350	0.2015517593183	1	1	1	-1
4920000	1	9.277510568602e+14	-4295972435363	-8591944870726	0.2016523113433	1	1	1	-1
4940000	1	9.289604397338e+14	-4283995481748	-8567990963496	0.2017546925696	1	1	1	-1
4960000	1	9.301704418067e+14	-4272013202243	-8544026404486	0.201858844404	1	1	1	-1
4980000	1	9.313810735243e+14	-4260026302510	-8520052605021	0.2019647100892	1	1	1	-1
5000000	1	9.325923449967e+14	-4248035471989	-8496070943979	0.2020722346339	1	1	1	-1
5020000	1	9.338042660097e+14	-4236041384396	-8472082768792	0.2021813647475	1	1	1	-1
5040000	1	9.350168460343e+14	-4224044698205	-8448089396409	0.2022920487763	1	1	1	-1
5060000	1	9.362300942366e+14	-4212046057109	-8424092114218	0.2024042366437	1	1	1	-1
5080000	1	9.374440194873e+14	-4200046090462	-8400092180924	0.2025178797924	1	1	1	-1
5100000	1	9.386586303699e+14	-4188045413701	-8376090827402	0.2026329311294	1	1	1	-1
5120000	1	9.398739351901e+14	-4176044628751	-8352089257501	0.2027493449731	1	1	1	-1
5140000	1	9.410899419838e+14	-4164044324414	-8328088648828	0.2028670770028	1	1	1	-1
5160000	1	9.423066585251e+14	-4152045076745	-8304090153490	0.2029860842108	1	1	1	-1
5180000	1	9.435240923339e+14	-4140047449406	-8280094898813	0.2031063248557	1	1	1	-1
5200000	1	9.447422506837e+14	-4128051994015	-8256103988031	0.2032277584184	1	1	1	-1
5220000	1	9.459611406086e+14	-4116059250472	-8232118500945	0.2033503455595	1	1	1	-1
5240000	1	9.471807689101e+14	-4104069747281	-8208139494563	0.2034740480787	1	1	1	-1
5260000	1	9.484011421641e+14	-4092084001853	-8184168003706	0.2035988288758	1	1	1	-1
5280000	1	9.496222667273e+14	-4080102520801	-8160205041602	0.2037246519131	1	1	1	-1
5300000	1	9.508441487432e+14	-4068125800223	-8136251600445	0.2038514821797	1	1	1	-1
5320000	1	9.520667941486e+14	-4056154325973	-8112308651947	0.2039792856573	1	1	1	-1
5340000	1	9.532902086793e+14	-4044188573927	-8088377147855	0.2041080292864	1	1	1	-1
5360000	1	9.545143978753e+14	-4032229010231	-8064458020462	0.2042376809354	1	1	1	-1
5380000	1	9.557393670869e+14	-4020276091546	-8040552183091	0.2043682093694	1	1	1	-1
5400000	1	9.569651214798e+14	-4008330265284	-8016660530567	0.2044995842213	1	1	1	-1
5420000	1	9.581916660401e+14	-3996391969832	-7992783939665	0.2046317759638	1	1	1	-1
5440000	1	9.594190055791e+14	-3984461634775	-7968923269550	0.2047647558817	1	1	1	-1
5460000	1	9.606471447386e+14	-3972539681100	-7945079362199	0.2048984960464	1	1	1	-1
5480000	1	9.61876087995e+14	-3960626521402	-7921253042804	0.205032969291	1	1	1	-1
5500000	1	9.631058396642e+14	-3948722560084	-7897445120168	0.2051681491855	1	1	1	-1
5520000	1	9.643364039058e+14	-3936828193542	-7873656387084	0.2053040100143	1	1	1	-1
5540000	1	9.655677847271e+14	-3924943810349	-7849887620698	0.2054405267538	1	1	1	-1
5560000	1	9.667999859875e+14	-3913069791435	-7826139582870	0.2055776750504	1	1	1	-1
5580000	1	9.680330114024e+14	-3901206510255	-7802413020510	0.2057154312007	1	1	1	-1
5600000	1	9.692668645469e+14	-3889354332956	-7778708665912	0.2058537721306	1	1	1	-1
5620000	1	9.705015488597e+14	-3877513618539	-7755027237077	0.2059926753768	1	1	1	-1
5640000	1	9.717370676463e+14	-3865684719010	-7731369438020	0.2061321190682	1	1	1	-1
5660000	1	9.729734240831e+14	-3853867979535	-7707735959071	0.2062720819078	1	1	1	-1
5680000	1	9.742106212205e+14	-3842063738584	-7684127477167	0.2064125431557	1	1	1	-1
5700000	1	9.754486619858e+14	-3830272328067	-7660544656135	0.2065534826124	1	1	1	-1
5720000	1	9.766875491873e+14	-3818494073481	-7636988146962	0.2066948806029	1	1	1	-1
5740000	1	9.779272855164e+14	-3806729294031	-7613458588063	0.2068367179613	1	1	1	-1
5760000	1	9.791678735514e+14	-3794978302768	-7589956605535	0.2069789760159	1	1	1	-1
5780000	1	9.804093157598e+14	-3783241406706	-7566482813411	0.2071216365746	1	1	1	-1
5800000	1	9.816516145017e+14	-3771518906947	-7543037813895	0.2072646819113	1	1	1	-1
5820000	1	9.828947720321e+14	-3759811098801	-7519622197602	0.2074080947523	1	1	1	-1
5840000	1	9.841387905039e+14	-3748118271891	-7496236543783	0.2075518582635	1	1	1	-1
5860000	1	9.853836719702e+14	-3736440710274	-7472881420548	0.2076959560379	1	1	1	-1
5880000	1	9.866294183871e+14	-3724778692540	-7449557385080	0.2078403720834	1	1	1	-1
5900000	1	9.878760316159e+14	-3713132491922	-7426264983844	0.2079850908109	1	1	1	-1
5920000	1	9.891235134257e+14	-3701502376394	-7403004752789	0.2081300970237	1	1	1	-1
5940000	1	9.903718654956e+14	-3689888608773	-7379777217547	0.2082753759058	1	1	1	-1
5960000	1	9.916210894171e+14	-3678291446812	-7356582893624	0.208420913012	1	1	1	-1
5980000	1	9.92871186696e+14	-3666711143293	-7333422286587	0.208566694257	1	1	1	-1
6000000	1	9.941221587547e+14	-3655147946123	-7310295892246	0.2087127059062	1	1	1	-1
6020000	1	9.953740069345e+14	-3643602098415	-7287204196831	0.2088589345658	1	1	1	-1
6040000	1	9.966267324971e+14	-3632073838581	-7264147677162	0.2090053671735	1	1	1	-1
6060000	1	9.97880336627e+14	-3620563400410	-7241126800820	0.2091519909896	1	1	1	-1
6080000	1	9.991348204333e+14	-3609071013154	-7218142026308	0.2092987935886	1	1	1	-1
6100000	1	1.000390184952e+15	-3597596901606	-7195193803212	0.2094457628503	1	1	1	-1
6120000	1	1.001646431145e+15	-3586141286177	-7172282572355	0.209592886952	1	1	1	-1
6140000	1	1.002903559908e+15	-3574704382973	-7149408765947	0.2097401543607	1	1	1	-1
6160000	1	1.004161572066e+15	-3563286403867	-7126572807735	0.2098875538252	1	1	1	-1
6180000	1	1.005420468377e+15	-3551887556573	-7103775113147	0.2100350743689	1	1	1	-1
6200000	1	1.006680249535e+15	-3540508044715	-7081016089429	0.2101827052825	1	1	1	-1
6220000	1	1.00794091617e+15	-3529148067894	-7058296135787	0.2103304361171	1	1	1	-1
6240000	1	1.009202468852e+15	-3517807821758	-7035615643516	0.2104782566777	1	1	1	-1
6260000	1	1.010464908087e+15	-3506487498067	-7012974996133	0.2106261570163	1	1	1	-1
6280000	1	1.011728234325e+15	-3495187284752	-6990374569505	0.2107741274256	1	1	1	-1
6300000	1	1.012992447958e+15	-3483907365986	-6967814731971	0.2109221584333	1	1	1	-1
6320000	1	1.01425754932e+15	-3472647922234	-6945295844468	0.2110702407956	1	1	1	-1
6340000	1	1.015523538694e+15	-3461409130323	-6922818260646	0.2112183654918	1	1	1	-1
6360000	1	1.016790416306e+15	-3450191163493	-6900382326985	0.2113665237182	1	1	1	-1
6380000	1	1.018058182331e+15	-3438994191456	-6877988382912	0.2115147068835	1	1	1	-1
6400000	1	1.019326836894e+15	-3427818380453	-6855636760906	0.2116629066026	1	1	1	-1
6420000	1	1.02059638007e+15	-3416663893307	-6833327786615	0.2118111146919	1	1	1	-1
6440000	1	1.021866811883e+15	-3405530889477	-6811061778954	0.2119593231646	1	1	1	-1
6460000	1	1.023138132314e+15	-3394419525107	-6788839050215	0.2121075242253	1	1	1	-1
6480000	1	1.024410341295e+15	-3383329953084	-6766659906168	0.2122557102654	1	1	1	-1
6500000	1	1.025683438714e+15	-3372262323079	-6744524646157	0.212403873859	1	1	1	-1
6520000	1	1.026957424413e+15	-3361216781603	-6722433563205	0.2125520077581	1	1	1	-1
6540000	1	1.028232298194e+15	-3350193472051	-6700386944102	0.212700104888	1	1	1	-1
6560000	1	1.029508059816e+15	-3339192534752	-6678385069504	0.2128481583439	1	1	1	-1
6580000	1	1.030784708997e+15	-3328214107011	-6656428214022	0.212996161386	1	1	1	-1
6600000	1	1.032062245413e+15	-3317258323158	-6634516646315	0.213144107436	1	1	1	-1
6620000	1	1.033340668705e+15	-3306325314588	-6612650629176	0.2132919900735	1	1	1	-1
6640000	1	1.034619978473e+15	-3295415209810	-6590830419620	0.2134398030313	1	1	1	-1
6660000	1	1.035900174281e+15	-3284528134483	-6569056268966	0.2135875401929	1	1	1	-1
6680000	1	1.037181255656e+15	-3273664211462	-6547328422925	0.2137351955883	1	1	1	-1
6700000	1	1.038463222092e+15	-3262823560839	-6525647121678	0.2138827633905	1	1	1	-1
6720000	1	1.039746073044e+15	-3252006299980	-6504012599960	0.2140302379125	1	1	1	-1
6740000	1	1.041029807938e+15	-3241212543566	-6482425087132	0.2141776136039	1	1	1	-1
6760000	1	1.042314426165e+15	-3230442403632	-6460884807265	0.2143248850476	1	1	1	-1
6780000	1	1.043599927083e+15	-3219695989607	-6439391979213	0.214472046957	1	1	1	-1
6800000	1	1.044886310021e+15	-3208973408344	-6417946816688	0.2146190941727	1	1	1	-1
6820000	1	1.046173574275e+15	-3198274764166	-6396549528333	0.2147660216596	1	1	1	-1
6840000	1	1.047461719113e+15	-3187600158896	-6375200317792	0.2149128245043	1	1	1	-1
6860000	1	1.048750743773e+15	-3176949691892	-6353899383783	0.2150594979121	1	1	1	-1
6880000	1	1.050040647465e+15	-3166323460084	-6332646920168	0.2152060372043	1	1	1	-1
6900000	1	1.051331429371e+15	-3155721558010	-6311443116019	0.2153524378157	1	1	1	-1
6920000	1	1.052623088646e+15	-3145144077842	-6290288155684	0.215498695292	1	1	1	-1
6940000	1	1.053915624418e+15	-3134591109429	-6269182218857	0.2156448052873	1	1	1	-1
6960000	1	1.055209035792e+15	-3124062740320	-6248125480639	0.2157907635613	1	1	1	-1
6980000	1	1.056503321844e+15	-3113559055801	-6227118111603	0.2159365659778	1	1	1	-1
7000000	1	1.057798481627e+15	-3103080138928	-6206160277855	0.2160822085015	1	1	1	-1
7020000	1	1.059094514173e+15	-3092626070550	-6185252141101	0.2162276871961	1	1	1	-1
7040000	1	1.060391418486e+15	-3082196929350	-6164393858700	0.2163729982224	1	1	1	-1
7060000	1	1.061689193549e+15	-3071792791864	-6143585583728	0.2165181378354	1	1	1	-1
7080000	1	1.062987838325e+15	-3061413732518	-6122827465036	0.2166631023831	1	1	1	-1
7100000	1	1.064287351753e+15	-3051059823655	-6102119647310	0.216807888304	1	1	1	-1
7120000	1	1.065587732751e+15	-3040731135561	-6081462271121	0.2169524921248	1	1	1	-1
7140000	1	1.066888980218e+15	-3030427736494	-6060855472989	0.2170969104593	1	1	1	-1
7160000	1	1.068191093031e+15	-3020149692716	-6040299385432	0.2172411400057	1	1	1	-1
7180000	1	1.069494070048e+15	-3009897068512	-6019794137024	0.2173851775453	1	1	1	-1
7200000	1	1.070797910109e+15	-2999669926223	-5999339852446	0.2175290199405	1	1	1	-1
7220000	1	1.072102612035e+15	-2989468326270	-5978936652540	0.2176726641328	1	1	1	-1
7240000	1	1.073408174628e+15	-2979292327180	-5958584654361	0.2178161071417	1	1	1	-1
7260000	1	1.074714596673e+15	-2969141985613	-5938283971226	0.2179593460624	1	1	1	-1
7280000	1	1.076021876938e+15	-2959017356384	-5918034712767	0.2181023780645	1	1	1	-1
7300000	1	1.077330014174e+15	-2948918492489	-5897836984979	0.2182452003906	1	1	1	-1
7320000	1	1.078639007116e+15	-2938845445134	-5877690890267	0.2183878103541	1	1	1	-1
7340000	1	1.079948854483e+15	-2928798263750	-5857596527500	0.2185302053384	1	1	1	-1
7360000	1	1.081259554978e+15	-2918776996025	-5837553992050	0.218672382795	1	1	1	-1
7380000	1	1.082571107289e+15	-2908781687924	-5817563375848	0.2188143402422	1	1	1	-1
7400000	1	1.08388351009e+15	-2898812383710	-5797624767421	0.2189560752635	1	1	1	-1
7420000	1	1.08519676204e+15	-2888869125972	-5777738251945	0.2190975855066	1	1	1	-1
7440000	1	1.086510861784e+15	-2878951955643	-5757903911286	0.2192388686817	1	1	1	-1
7460000	1	1.087825807955e+15	-2869060912022	-5738121824043	0.2193799225604	1	1	1	-1
7480000	1	1.08914159917e+15	-2859196032798	-5718392065596	0.2195207449743	1	1	1	-1
7500000	1	1.090458234036e+15	-2849357354073	-5698714708146	0.2196613338137	1	1	1	-1
7520000	1	1.091775711147e+15	-2839544910378	-5679089820757	0.2198016870265	1	1	1	-1
7540000	1	1.093094029083e+15	-2829758734699	-5659517469398	0.2199418026171	1	1	1	-1
7560000	1	1.094413186413e+15	-2819998858493	-5639997716987	0.2200816786449	1	1	1	-1
7580000	1	1.095733181696e+15	-2810265311714	-5620530623428	0.2202213132234	1	1	1	-1
7600000	1	1.097054013479e+15	-2800558122827	-5601116245655	0.2203607045191	1	1	1	-1
7620000	1	1.098375680296e+15	-2790877318834	-5581754637667	0.2204998507503	1	1	1	-1
7640000	1	1.099698180675e+15	-2781222925286	-5562445850572	0.2206387501859	1	1	1	-1
7660000	1	1.10102151313e+15	-2771594966311	-5543189932621	0.2207774011449	1	1	1	-1
7680000	1	1.102345676166e+15	-2761993464626	-5523986929252	0.2209158019946	1	1	1	-1
7700000	1	1.103670668278e+15	-2752418441560	-5504836883120	0.2210539511502	1	1	1	-1
7720000	1	1.104996487954e+15	-2742869917071	-5485739834142	0.2211918470737	1	1	1	-1
7740000	1	1.10632313367e+15	-2733347909764	-5466695819528	0.2213294882727	1	1	1	-1
7760000	1	1.107650603895e+15	-2723852436910	-5447704873819	0.2214668732997	1	1	1	-1
7780000	1	1.108978897088e+15	-2714383514462	-5428767028925	0.2216040007512	1	1	1	-1
7800000	1	1.110308011701e+15	-2704941157078	-5409882314156	0.2217408692667	1	1	1	-1
7820000	1	1.111637946177e+15	-2695525378130	-5391050756260	0.2218774775278	1	1	1	-1
7840000	1	1.112968698953e+15	-2686136189730	-5372272379459	0.2220138242575	1	1	1	-1
7860000	1	1.114300268455e+15	-2676773602739	-5353547205477	0.2221499082192	1	1	1	-1
7880000	1	1.115632653106e+15	-2667437626790	-5334875253580	0.2222857282159	1	1	1	-1
7900000	1	1.116965851319e+15	-2658128270303	-5316256540606	0.2224212830896	1	1	1	-1
7920000	1	1.118299861501e+15	-2648845540499	-5297691080997	0.2225565717203	1	1	1	-1
7940000	1	1.119634682052e+15	-2639589443418	-5279178886835	0.2226915930253	1	1	1	-1
7960000	1	1.120970311366e+15	-2630359983935	-5260719967870	0.2228263459584	1	1	1	-1
7980000	1	1.122306747832e+15	-2621157165777	-5242314331553	0.2229608295093	1	1	1	-1
8000000	1	1.123643989831e+15	-2611980991535	-5223961983070	0.2230950427027	1	1	1	-1
8020000	1	1.124982035739e+15	-2602831462684	-5205662925369	0.2232289845978	1	1	1	-1
8040000	1	1.126320883926e+15	-2593708579596	-5187417159191	0.2233626542874	1	1	1	-1
8060000	1	1.127660532759e+15	-2584612341552	-5169224683103	0.2234960508974	1	1	1	-1
8080000	1	1.129000980597e+15	-2575542746763	-5151085493525	0.2236291735862	1	1	1	-1
8100000	1	1.130342225795e+15	-2566499792381	-5132999584761	0.2237620215436	1	1	1	-1
8120000	1	1.131684266704e+15	-2557483474513	-5114966949027	0.2238945939907	1	1	1	-1
8140000	1	1.13302710167e+15	-2548493788239	-5096987576479	0.224026890179	1	1	1	-1
8160000	1	1.134370729033e+15	-2539530727622	-5079061455244	0.2241589093901	1	1	1	-1
8180000	1	1.135715147132e+15	-2530594285724	-5061188571449	0.2242906509344	1	1	1	-1
8200000	1	1.137060354299e+15	-2521684454621	-5043368909241	0.2244221141514	1	1	1	-1
8220000	1	1.138406348864e+15	-2512801225413	-5025602450826	0.2245532984085	1	1	1	-1
8240000	1	1.139753129151e+15	-2503944588242	-5007889176485	0.2246842031007	1	1	1	-1
8260000	1	1.141100693484e+15	-2495114532304	-4990229064609	0.2248148276501	1	1	1	-1
8280000	1	1.142449040181e+15	-2486311045860	-4972622091721	0.224945171505	1	1	1	-1
8300000	1	1.143798167558e+15	-2477534116252	-4955068232505	0.22507523414	1	1	1	-1
8320000	1	1.145148073925e+15	-2468783729914	-4937567459829	0.225205015055	1	1	1	-1
8340000	1	1.146498757594e+15	-2460059872386	-4920119744773	0.2253345137746	1	1	1	-1
8360000	1	1.147850216871e+15	-2451362528326	-4902725056653	0.225463729848	1	1	1	-1
8380000	1	1.149202450059e+15	-2442691681524	-4885383363047	0.2255926628485	1	1	1	-1
8400000	1	1.15055545546e+15	-2434047314910	-4868094629820	0.2257213123727	1	1	1	-1
8420000	1	1.151909231374e+15	-2425429410573	-4850858821146	0.22584967804	1	1	1	-1
8440000	1	1.153263776097e+15	-2416837949768	-4833675899536	0.2259777594928	1	1	1	-1
8460000	1	1.154619087924e+15	-2408272912929	-4816545825857	0.2261055563952	1	1	1	-1
8480000	1	1.155975165149e+15	-2399734279681	-4799468559362	0.2262330684333	1	1	1	-1
8500000	1	1.157332006061e+15	-2391222028854	-4782444057708	0.226360295314	1	1	1	-1
8520000	1	1.158689608951e+15	-2382736138491	-4765472276982	0.2264872367654	1	1	1	-1
8540000	1	1.160047972107e+15	-2374276585861	-4748553171722	0.2266138925357	1	1	1	-1
8560000	1	1.161407093814e+15	-2365843347471	-4731686694941	0.2267402623935	1	1	1	-1
8580000	1	1.162766972358e+15	-2357436399075	-4714872798151	0.2268663461264	1	1	1	-1
8600000	1	1.164127606024e+15	-2349055715690	-4698111431380	0.2269921435418	1	1	1	-1
8620000	1	1.165488993092e+15	-2340701271599	-4681402543199	0.2271176544654	1	1	1	-1
8640000	1	1.166851131846e+15	-2332373040371	-4664746080741	0.2272428787417	1	1	1	-1
8660000	1	1.168214020566e+15	-2324070994862	-4648141989725	0.2273678162332	1	1	1	-1
8680000	1	1.169577657533e+15	-2315795107236	-4631590214472	0.22749246682	1	1	1	-1
8700000	1	1.170942041025e+15	-2307545348966	-4615090697932	0.2276168303996	1	1	1	-1
8720000	1	1.172307169322e+15	-2299321690850	-4598643381701	0.2277409068867	1	1	1	-1
8740000	1	1.173673040701e+15	-2291124103021	-4582248206042	0.2278646962124	1	1	1	-1
8760000	1	1.175039653442e+15	-2282952554953	-4565905109907	0.2279881983243	1	1	1	-1
8780000	1	1.176407005822e+15	-2274807015477	-4549614030954	0.2281114131859	1	1	1	-1
8800000	1	1.177775096118e+15	-2266687452785	-4533374905570	0.2282343407766	1	1	1	-1
8820000	1	1.179143922609e+15	-2258593834445	-4517187668889	0.228356981091	1	1	1	-1
8840000	1	1.180513483571e+15	-2250526127405	-4501052254811	0.2284793341389	1	1	1	-1
8860000	1	1.181883777282e+15	-2242484298011	-4484968596021	0.2286013999446	1	1	1	-1
8880000	1	1.18325480202e+15	-2234468312006	-4468936624011	0.2287231785472	1	1	1	-1
8900000	1	1.184626556064e+15	-2226478134548	-4452956269095	0.2288446699998	1	1	1	-1
8920000	1	1.185999037691e+15	-2218513730214	-4437027460428	0.2289658743694	1	1	1	-1
8940000	1	1.187372245181e+15	-2210575063014	-4421150126028	0.2290867917367	1	1	1	-1
8960000	1	1.188746176814e+15	-2202662096394	-4405324192788	0.2292074221956	1	1	1	-1
8980000	1	1.190120830868e+15	-2194774793251	-4389549586502	0.2293277658531	1	1	1	-1
9000000	1	1.191496205625e+15	-2186913115937	-4373826231873	0.2294478228291	1	1	1	-1
9020000	1	1.192872299367e+15	-2179077026270	-4358154052540	0.2295675932559	1	1	1	-1
9040000	1	1.194249110375e+15	-2171266485545	-4342532971090	0.2296870772781	1	1	1	-1
9060000	1	1.195626636933e+15	-2163481454537	-4326962909074	0.2298062750525	1	1	1	-1
9080000	1	1.197004877326e+15	-2155721893515	-4311443787031	0.2299251867474	1	1	1	-1
9100000	1	1.198383829838e+15	-2147987762247	-4295975524495	0.2300438125428	1	1	1	-1
9120000	1	1.199763492755e+15	-2140279020010	-4280558040020	0.2301621526302	1	1	1	-1
9140000	1	1.201143864366e+15	-2132595625596	-4265191251193	0.2302802072117	1	1	1	-1
9160000	1	1.202524942959e+15	-2124937537324	-4249875074649	0.2303979765006	1	1	1	-1
9180000	1	1.203906726824e+15	-2117304713045	-4234609426090	0.2305154607207	1	1	1	-1
9200000	1	1.205289214253e+15	-2109697110149	-4219394220298	0.2306326601063	1	1	1	-1
9220000	1	1.206672403538e+15	-2102114685577	-4204229371155	0.2307495749017	1	1	1	-1
9240000	1	1.208056292974e+15	-2094557395826	-4189114791652	0.2308662053613	1	1	1	-1
9260000	1	1.209440880857e+15	-2087025196956	-4174050393911	0.2309825517491	1	1	1	-1
9280000	1	1.210826165485e+15	-2079518044598	-4159036089197	0.2310986143389	1	1	1	-1
9300000	1	1.212212145156e+15	-2072035893966	-4144071787932	0.2312143934137	1	1	1	-1
9320000	1	1.213598818172e+15	-2064578699857	-4129157399713	0.2313298892656	1	1	1	-1
9340000	1	1.214986182835e+15	-2057146416662	-4114292833324	0.2314451021959	1	1	1	-1
9360000	1	1.21637423745e+15	-2049738998376	-4099477996753	0.2315600325142	1	1	1	-1
9380000	1	1.217762980324e+15	-2042356398601	-4084712797203	0.2316746805393	1	1	1	-1
9400000	1	1.219152409764e+15	-2034998570555	-4069997141110	0.2317890465978	1	1	1	-1
9420000	1	1.220542524081e+15	-2027665467078	-4055330934156	0.231903131025	1	1	1	-1
9440000	1	1.221933321588e+15	-2020357040640	-4040714081279	0.2320169341639	1	1	1	-1
9460000	1	1.2233248006e+15	-2013073243348	-4026146486695	0.2321304563656	1	1	1	-1
9480000	1	1.224716959431e+15	-2005814026952	-4011628053904	0.2322436979887	1	1	1	-1
9500000	1	1.226109796403e+15	-1998579342852	-3997158685705	0.2323566593996	1	1	1	-1
9520000	1	1.227503309834e+15	-1991369142106	-3982738284213	0.2324693409717	1	1	1	-1
9540000	1	1.22889749805e+15	-1984183375435	-3968366750869	0.2325817430858	1	1	1	-1
9560000	1	1.230292359374e+15	-1977021993227	-3954043986454	0.2326938661298	1	1	1	-1
9580000	1	1.231687892136e+15	-1969884945551	-3939769891102	0.2328057104984	1	1	1	-1
9600000	1	1.233084094666e+15	-1962772182156	-3925544364312	0.2329172765931	1	1	1	-1
9620000	1	1.234480965295e+15	-1955683652480	-3911367304960	0.2330285648218	1	1	1	-1
9640000	1	1.23587850236e+15	-1948619305658	-3897238611315	0.233139575599	1	1	1	-1
9660000	1	1.237276704199e+15	-1941579090524	-3883158181048	0.2332503093455	1	1	1	-1
9680000	1	1.23867556915e+15	-1934562955622	-3869125911244	0.2333607664881	1	1	1	-1
9700000	1	1.240075095558e+15	-1927570849208	-3855141698416	0.2334709474598	1	1	1	-1
9720000	1	1.241475281768e+15	-1920602719258	-3841205438517	0.2335808526994	1	1	1	-1
9740000	1	1.242876126127e+15	-1913658513474	-3827317026949	0.2336904826512	1	1	1	-1
9760000	1	1.244277626986e+15	-1906738179289	-3813476358578	0.2337998377655	1	1	1	-1
9780000	1	1.2456797827e+15	-1899841663872	-3799683327744	0.2339089184977	1	1	1	-1
9800000	1	1.247082591624e+15	-1892968914136	-3785937828271	0.2340177253087	1	1	1	-1
9820000	1	1.248486052117e+15	-1886119876741	-3772239753482	0.2341262586648	1	1	1	-1
9840000	1	1.249890162541e+15	-1879294498104	-3758588996207	0.234234519037	1	1	1	-1
9860000	1	1.251294921261e+15	-1872492724397	-3744985448794	0.2343425069015	1	1	1	-1
9880000	1	1.252700326644e+15	-1865714501561	-3731429003121	0.2344502227394	1	1	1	-1
9900000	1	1.25410637706e+15	-1858959775304	-3717919550608	0.2345576670364	1	1	1	-1
9920000	1	1.255513070884e+15	-1852228491112	-3704456982225	0.2346648402828	1	1	1	-1
9940000	1	1.256920406491e+15	-1845520594251	-3691041188503	0.2347717429736	1	1	1	-1
9960000	1	1.25832838226e+15	-1838836029774	-3677672059547	0.2348783756079	1	1	1	-1
9980000	1	1.259736996574e+15	-1832174742522	-3664349485044	0.2349847386894	1	1	1	-1
10000000	1	1.261146247818e+15	-1825536677136	-3651073354273	0.2350908327256	1	1	1	-1
10020000	1	1.262556134381e+15	-1818921778057	-3637843556114	0.2351966582284	1	1	1	-1
10040000	1	1.263966654654e+15	-1812329989532	-3624659979064	0.2353022157135	1	1	1	-1
10060000	1	1.265377807031e+15	-1805761255619	-3611522511238	0.2354075057005	1	1	1	-1
10080000	1	1.266789589911e+15	-1799215520193	-3598431040386	0.2355125287127	1	1	1	-1
10100000	1	1.268202001694e+15	-1792692726949	-3585385453897	0.2356172852773	1	1	1	-1
10120000	1	1.269615040784e+15	-1786192819407	-3572385638815	0.2357217759246	1	1	1	-1
10140000	1	1.271028705588e+15	-1779715740920	-3559431481840	0.2358260011889	1	1	1	-1
10160000	1	1.272442994516e+15	-1773261434673	-3546522869347	0.2359299616076	1	1	1	-1
10180000	1	1.273857905984e+15	-1766829843692	-3533659687384	0.2360336577212	1	1	1	-1
10200000	1	1.275273438406e+15	-1760420910846	-3520841821693	0.2361370900739	1	1	1	-1
10220000	1	1.276689590204e+15	-1754034578854	-3508069157708	0.2362402592125	1	1	1	-1
10240000	1	1.278106359801e+15	-1747670790286	-3495341580572	0.2363431656871	1	1	1	-1
10260000	1	1.279523745623e+15	-1741329487571	-3482658975143	0.2364458100508	1	1	1	-1
10280000	1	1.280941746101e+15	-1735010612999	-3470021225998	0.2365481928592	1	1	1	-1
10300000	1	1.282360359668e+15	-1728714108725	-3457428217451	0.236650314671	1	1	1	-1
10320000	1	1.283779584761e+15	-1722439916776	-3444879833552	0.2367521760474	1	1	1	-1
10340000	1	1.285199419821e+15	-1716187979051	-3432375958102	0.2368537775524	1	1	1	-1
10360000	1	1.28661986329e+15	-1709958237329	-3419916474657	0.2369551197524	1	1	1	-1
10380000	1	1.288040913615e+15	-1703750633270	-3407501266540	0.2370562032161	1	1	1	-1
10400000	1	1.289462569247e+15	-1697565108423	-3395130216846	0.2371570285149	1	1	1	-1
10420000	1	1.290884828641e+15	-1691401604224	-3382803208448	0.2372575962222	1	1	1	-1
10440000	1	1.292307690252e+15	-1685260062006	-3370520124012	0.2373579069138	1	1	1	-1
10460000	1	1.293731152542e+15	-1679140422999	-3358280845999	0.2374579611676	1	1	1	-1
10480000	1	1.295155213974e+15	-1673042628336	-3346085256672	0.2375577595636	1	1	1	-1
10500000	1	1.296579873018e+15	-1666966619054	-3333933238108	0.2376573026838	1	1	1	-1
10520000	1	1.298005128143e+15	-1660912336101	-3321824672203	0.2377565911123	1	1	1	-1
10540000	1	1.299430977824e+15	-1654879720339	-3309759440677	0.2378556254347	1	1	1	-1
10560000	1	1.30085742054e+15	-1648868712544	-3297737425088	0.2379544062388	1	1	1	-1
10580000	1	1.302284454772e+15	-1642879253416	-3285758506831	0.238052934114	1	1	1	-1
10600000	1	1.303712079006e+15	-1636911283576	-3273822567151	0.2381512096514	1	1	1	-1
10620000	1	1.30514029173e+15	-1630964743574	-3261929487149	0.2382492334436	1	1	1	-1
10640000	1	1.306569091436e+15	-1625039573893	-3250079147785	0.238347006085	1	1	1	-1
10660000	1	1.307998476621e+15	-1619135714946	-3238271429891	0.2384445281713	1	1	1	-1
10680000	1	1.309428445784e+15	-1613253107087	-3226506214174	0.2385418002998	1	1	1	-1
10700000	1	1.310858997429e+15	-1607391690611	-3214783381221	0.2386388230691	1	1	1	-1
10720000	1	1.312290130061e+15	-1601551405756	-3203102811511	0.238735597079	1	1	1	-1
10740000	1	1.313721842191e+15	-1595732192709	-3191464385418	0.2388321229309	1	1	1	-1
10760000	1	1.315154132334e+15	-1589933991608	-3179867983217	0.2389284012271	1	1	1	-1
10780000	1	1.316586999005e+15	-1584156742545	-3168313485090	0.2390244325712	1	1	1	-1
10800000	1	1.318020440728e+15	-1578400385568	-3156800771137	0.239120217568	1	1	1	-1
10820000	1	1.319454456025e+15	-1572664860688	-3145329721376	0.2392157568231	1	1	1	-1
10840000	1	1.320889043427e+15	-1566950107876	-3133900215752	0.2393110509433	1	1	1	-1
10860000	1	1.322324201464e+15	-1561256067073	-3122512134145	0.2394061005364	1	1	1	-1
10880000	1	1.323759928673e+15	-1555582678186	-3111165356372	0.239500906211	1	1	1	-1
10900000	1	1.325196223593e+15	-1549929881097	-3099859762195	0.2395954685765	1	1	1	-1
10920000	1	1.326633084766e+15	-1544297615663	-3088595231327	0.2396897882432	1	1	1	-1
10940000	1	1.32807051074e+15	-1538685821719	-3077371643437	0.2397838658223	1	1	1	-1
10960000	1	1.329508500064e+15	-1533094439078	-3066188878157	0.2398777019254	1	1	1	-1
10980000	1	1.330947051294e+15	-1527523407542	-3055046815084	0.239971297165	1	1	1	-1
11000000	1	1.332386162985e+15	-1521972666895	-3043945333791	0.2400646521542	1	1	1	-1
11020000	1	1.333825833701e+15	-1516442156914	-3032884313828	0.2401577675065	1	1	1	-1
11040000	1	1.335266062005e+15	-1510931817364	-3021863634728	0.2402506438363	1	1	1	-1
11060000	1	1.336706846466e+15	-1505441588008	-3010883176016	0.2403432817582	1	1	1	-1
11080000	1	1.338148185657e+15	-1499971408605	-2999942817209	0.2404356818872	1	1	1	-1
11100000	1	1.339590078155e+15	-1494521218912	-2989042437825	0.2405278448391	1	1	1	-1
11120000	1	1.341032522538e+15	-1489090958692	-2978181917384	0.2406197712297	1	1	1	-1
11140000	1	1.34247551739e+15	-1483680567710	-2967361135420	0.2407114616752	1	1	1	-1
11160000	1	1.343919061298e+15	-1478289985739	-2956579971478	0.2408029167923	1	1	1	-1
11180000	1	1.345363152853e+15	-1472919152562	-2945838305124	0.2408941371978	1	1	1	-1
11200000	1	1.34680779065e+15	-1467568007974	-2935136015949	0.2409851235087	1	1	1	-1
11220000	1	1.348252973287e+15	-1462236491785	-2924472983571	0.2410758763423	1	1	1	-1
11240000	1	1.349698699366e+15	-1456924543822	-2913849087644	0.2411663963159	1	1	1	-1
11260000	1	1.351144967493e+15	-1451632103930	-2903264207860	0.2412566840471	1	1	1	-1
11280000	1	1.352591776276e+15	-1446359111977	-2892718223953	0.2413467401534	1	1	1	-1
11300000	1	1.354039124329e+15	-1441105507853	-2882211015706	0.2414365652525	1	1	1	-1
11320000	1	1.35548701027e+15	-1435871231476	-2871742462952	0.241526159962	1	1	1	-1
11340000	1	1.356935432717e+15	-1430656222792	-2861312445583	0.2416155248995	1	1	1	-1
11360000	1	1.358384390296e+15	-1425460421775	-2850920843549	0.2417046606826	1	1	1	-1
11380000	1	1.359833881634e+15	-1420283768434	-2840567536868	0.2417935679288	1	1	1	-1
11400000	1	1.361283905362e+15	-1415126202811	-2830252405623	0.2418822472555	1	1	1	-1
11420000	1	1.362734460117e+15	-1409987664987	-2819975329974	0.2419706992799	1	1	1	-1
11440000	1	1.364185544537e+15	-1404868095078	-2809736190156	0.2420589246191	1	1	1	-1
11460000	1	1.365637157265e+15	-1399767433244	-2799534866487	0.2421469238899	1	1	1	-1
11480000	1	1.367089296947e+15	-1394685619685	-2789371239370	0.242234697709	1	1	1	-1
11500000	1	1.368541962233e+15	-1389622594648	-2779245189297	0.2423222466927	1	1	1	-1
11520000	1	1.369995151778e+15	-1384578298426	-2769156596852	0.2424095714571	1	1	1	-1
11540000	1	1.371448864237e+15	-1379552671359	-2759105342719	0.242496672618	1	1	1	-1
11560000	1	1.372903098274e+15	-1374545653839	-2749091307679	0.2425835507907	1	1	1	-1
11580000	1	1.374357852551e+15	-1369557186309	-2739114372619	0.2426702065904	1	1	1	-1
11600000	1	1.375813125739e+15	-1364587209267	-2729174418535	0.2427566406318	1	1	1	-1
11620000	1	1.377268916509e+15	-1359635663267	-2719271326533	0.242842853529	1	1	1	-1
11640000	1	1.378725223537e+15	-1354702488918	-2709404977835	0.2429288458958	1	1	1	-1
11660000	1	1.380182045503e+15	-1349787626891	-2699575253782	0.2430146183457	1	1	1	-1
11680000	1	1.381639381089e+15	-1344891017918	-2689782035835	0.2431001714914	1	1	1	-1
11700000	1	1.383097228984e+15	-1340012602791	-2680025205583	0.2431855059454	1	1	1	-1
11720000	1	1.384555587876e+15	-1335152322371	-2670304644741	0.2432706223193	1	1	1	-1
11740000	1	1.386014456462e+15	-1330310117580	-2660620235159	0.2433555212244	1	1	1	-1
11760000	1	1.387473833438e+15	-1325485929410	-2650971858820	0.2434402032715	1	1	1	-1
11780000	1	1.388933717506e+15	-1320679698923	-2641359397845	0.2435246690705	1	1	1	-1
11800000	1	1.390394107372e+15	-1315891367249	-2631782734499	0.2436089192309	1	1	1	-1
11820000	1	1.391855001744e+15	-1311120875594	-2622241751189	0.2436929543614	1	1	1	-1
11840000	1	1.393316399335e+15	-1306368165236	-2612736330471	0.2437767750703	1	1	1	-1
11860000	1	1.394778298861e+15	-1301633177526	-2603266355052	0.2438603819649	1	1	1	-1
11880000	1	1.396240699042e+15	-1296915853895	-2593831707791	0.2439437756521	1	1	1	-1
11900000	1	1.397703598601e+15	-1292216135852	-2584432271704	0.2440269567377	1	1	1	-1
11920000	1	1.399166996265e+15	-1287533964983	-2575067929967	0.2441099258271	1	1	1	-1
11940000	1	1.400630890765e+15	-1282869282959	-2565738565918	0.2441926835249	1	1	1	-1
11960000	1	1.402095280836e+15	-1278222031529	-2556444063058	0.2442752304347	1	1	1	-1
11980000	1	1.403560165216e+15	-1273592152529	-2547184305058	0.2443575671595	1	1	1	-1
12000000	1	1.405025542645e+15	-1268979587879	-2537959175759	0.2444396943014	1	1	1	-1
12020000	1	1.40649141187e+15	-1264384279586	-2528768559172	0.2445216124618	1	1	1	-1
12040000	1	1.407957771638e+15	-1259806169743	-2519612339486	0.2446033222411	1	1	1	-1
12060000	1	1.409424620703e+15	-1255245200533	-2510490401067	0.2446848242388	1	1	1	-1
12080000	1	1.41089195782e+15	-1250701314231	-2501402628462	0.2447661190538	1	1	1	-1
12100000	1	1.412359781749e+15	-1246174453201	-2492348906401	0.2448472072839	1	1	1	-1
12120000	1	1.413828091252e+15	-1241664559899	-2483329119798	0.2449280895259	1	1	1	-1
12140000	1	1.415296885098e+15	-1237171576878	-2474343153757	0.2450087663759	1	1	1	-1
12160000	1	1.416766162055e+15	-1232695446784	-2465390893568	0.2450892384289	1	1	1	-1
12180000	1	1.418235920898e+15	-1228236112359	-2456472224718	0.245169506279	1	1	1	-1
12200000	1	1.419706160405e+15	-1223793516442	-2447587032885	0.2452495705195	1	1	1	-1
12220000	1	1.421176879355e+15	-1219367601972	-2438735203945	0.2453294317424	1	1	1	-1
12240000	1	1.422648076535e+15	-1214958311987	-2429916623974	0.2454090905389	1	1	1	-1
12260000	1	1.424119750731e+15	-1210565589624	-2421131179247	0.2454885474991	1	1	1	-1
12280000	1	1.425591900735e+15	-1206189378122	-2412378756244	0.2455678032123	1	1	1	-1
12300000	1	1.427064525343e+15	-1201829620825	-2403659241650	0.2456468582666	1	1	1	-1
12320000	1	1.428537623353e+15	-1197486261177	-2394972522355	0.245725713249	1	1	1	-1
12340000	1	1.430011193567e+15	-1193159242730	-2386318485461	0.2458043687455	1	1	1	-1
12360000	1	1.431485234791e+15	-1188848509140	-2377697018279	0.245882825341	1	1	1	-1
12380000	1	1.432959745834e+15	-1184554004168	-2369108008336	0.2459610836196	1	1	1	-1
12400000	1	1.434434725509e+15	-1180275671685	-2360551343370	0.2460391441639	1	1	1	-1
12420000	1	1.435910172632e+15	-1176013455670	-2352026911340	0.2461170075556	1	1	1	-1
12440000	1	1.437386086022e+15	-1171767300210	-2343534600420	0.2461946743753	1	1	1	-1
12460000	1	1.438862464503e+15	-1167537149504	-2335074299008	0.2462721452024	1	1	1	-1
12480000	1	1.440339306901e+15	-1163322947860	-2326645895720	0.2463494206153	1	1	1	-1
12500000	1	1.441816612047e+15	-1159124639699	-2318249279399	0.2464265011912	1	1	1	-1
12520000	1	1.443294378774e+15	-1154942169556	-2309884339113	0.246503387506	1	1	1	-1
12540000	1	1.444772605918e+15	-1150775482078	-2301550964156	0.2465800801347	1	1	1	-1
12560000	1	1.44625129232e+15	-1146624522026	-2293249044052	0.2466565796509	1	1	1	-1
12580000	1	1.447730436825e+15	-1142489234277	-2284978468555	0.2467328866272	1	1	1	-1
12600000	1	1.449210038279e+15	-1138369563825	-2276739127650	0.2468090016349	1	1	1	-1
12620000	1	1.450690095533e+15	-1134265455779	-2268530911558	0.246884925244	1	1	1	-1
12640000	1	1.452170607441e+15	-1130176855366	-2260353710732	0.2469606580237	1	1	1	-1
12660000	1	1.45365157286e+15	-1126103707931	-2252207415862	0.2470362005415	1	1	1	-1
12680000	1	1.455132990652e+15	-1122045958939	-2244091917878	0.247111553364	1	1	1	-1
12700000	1	1.456614859682e+15	-1118003553973	-2236007107947	0.2471867170565	1	1	1	-1
12720000	1	1.458097178815e+15	-1113976438738	-2227952877477	0.2472616921829	1	1	1	-1
12740000	1	1.459579946925e+15	-1109964559059	-2219929118118	0.2473364793062	1	1	1	-1
12760000	1	1.461063162884e+15	-1105967860881	-2211935721763	0.2474110789877	1	1	1	-1
12780000	1	1.462546825571e+15	-1101986290275	-2203972580550	0.2474854917879	1	1	1	-1
12800000	1	1.464030933868e+15	-1098019793431	-2196039586862	0.2475597182657	1	1	1	-1
12820000	1	1.465515486658e+15	-1094068316666	-2188136633331	0.2476337589789	1	1	1	-1
12840000	1	1.467000482829e+15	-1090131806417	-2180263612834	0.247707614484	1	1	1	-1
12860000	1	1.468485921273e+15	-1086210209250	-2172420418500	0.2477812853362	1	1	1	-1
12880000	1	1.469971800884e+15	-1082303471853	-2164606943706	0.2478547720893	1	1	1	-1
12900000	1	1.47145812056e+15	-1078411541042	-2156823082083	0.247928075296	1	1	1	-1
12920000	1	1.472944879202e+15	-1074534363757	-2149068727513	0.2480011955077	1	1	1	-1
12940000	1	1.474432075715e+15	-1070671887066	-2141343774133	0.2480741332743	1	1	1	-1
12960000	1	1.475919709006e+15	-1066824058167	-2133648116333	0.2481468891444	1	1	1	-1
12980000	1	1.477407777986e+15	-1062990824380	-2125981648761	0.2482194636656	1	1	1	-1
13000000	1	1.47889628157e+15	-1059172133160	-2118344266320	0.2482918573839	1	1	1	-1
13020000	1	1.480385218675e+15	-1055367932085	-2110735864170	0.2483640708439	1	1	1	-1
13040000	1	1.481874588222e+15	-1051578168867	-2103156337733	0.2484361045892	1	1	1	-1
13060000	1	1.483364389135e+15	-1047802791344	-2095605582687	0.2485079591617	1	1	1	-1
13080000	1	1.484854620342e+15	-1044041747487	-2088083494973	0.2485796351022	1	1	1	-1
13100000	1	1.486345280772e+15	-1040294985396	-2080589970792	0.2486511329501	1	1	1	-1
13120000	1	1.48783636936e+15	-1036562453303	-2073124906606	0.2487224532435	1	1	1	-1
13140000	1	1.489327885043e+15	-1032844099571	-2065688199143	0.248793596519	1	1	1	-1
13160000	1	1.490819826761e+15	-1029139872696	-2058279745392	0.248864563312	1	1	1	-1
13180000	1	1.492312193457e+15	-1025449721304	-2050899442608	0.2489353541564	1	1	1	-1
13200000	1	1.493804984078e+15	-1021773594155	-2043547188311	0.2490059695848	1	1	1	-1
13220000	1	1.495298197574e+15	-1018111440143	-2036222880287	0.2490764101286	1	1	1	-1
13240000	1	1.496791832899e+15	-1014463208294	-2028926416587	0.2491466763176	1	1	1	-1
13260000	1	1.498285889007e+15	-1010828847767	-2021657695534	0.2492167686802	1	1	1	-1
13280000	1	1.499780364859e+15	-1007208307856	-2014416615713	0.2492866877437	1	1	1	-1
13300000	1	1.501275259416e+15	-1003601537991	-2007203075982	0.2493564340337	1	1	1	-1
13320000	1	1.502770571645e+15	-1000008487734	-2000016975468	0.2494260080747	1	1	1	-1
13340000	1	1.504266300515e+15	-996429106782.7	-1992858213565	0.2494954103897	1	1	1	-1
13360000	1	1.505762444997e+15	-992863344970.7	-1985726689941	0.2495646415002	1	1	1	-1
13380000	1	1.507259004066e+15	-989311152266.8	-1978622304534	0.2496337019264	1	1	1	-1
13400000	1	1.508755976701e+15	-985772478775.3	-1971544957551	0.2497025921873	1	1	1	-1
13420000	1	1.510253361882e+15	-982247274737.1	-1964494549474	0.2497713128001	1	1	1	-1
13440000	1	1.511751158595e+15	-978735490529	-1957470981058	0.2498398642811	1	1	1	-1
13460000	1	1.513249365826e+15	-975237076664.5	-1950474153329	0.2499082471447	1	1	1	-1
13480000	1	1.514747982566e+15	-971751983793.8	-1943503967588	0.2499764619043	1	1	1	-1
13500000	1	1.516247007809e+15	-968280162704.3	-1936560325409	0.2500445090717	1	1	1	-1
13520000	1	1.517746440552e+15	-964821564320.4	-1929643128641	0.2501123891573	1	1	1	-1
13540000	1	1.519246279793e+15	-961376139704	-1922752279408	0.2501801026702	1	1	1	-1
13560000	1	1.520746524537e+15	-957943840054.7	-1915887680109	0.250247650118	1	1	1	-1
13580000	1	1.522247173788e+15	-954524616709.8	-1909049233420	0.250315032007	1	1	1	-1
13600000	1	1.523748226556e+15	-951118421144.6	-1902236842289	0.2503822488419	1	1	1	-1
13620000	1	1.525249681852e+15	-947725204972.7	-1895450409945	0.2504493011261	1	1	1	-1
13640000	1	1.526751538691e+15	-944344919945.7	-1888689839891	0.2505161893618	1	1	1	-1
13660000	1	1.528253796092e+15	-940977517954	-1881955035908	0.2505829140494	1	1	1	-1
13680000	1	1.529756453075e+15	-937622951026.5	-1875245902053	0.2506494756882	1	1	1	-1
13700000	1	1.531259508664e+15	-934281171330.7	-1868562342661	0.2507158747759	1	1	1	-1
13720000	1	1.532762961885e+15	-930952131173.1	-1861904262346	0.2507821118089	1	1	1	-1
13740000	1	1.53426681177e+15	-927635782999.3	-1855271565999	0.2508481872821	1	1	1	-1
13760000	1	1.535771057349e+15	-924332079393.8	-1848664158788	0.2509141016891	1	1	1	-1
13780000	1	1.53727569766e+15	-921040973080.4	-1842081946161	0.2509798555219	1	1	1	-1
13800000	1	1.538780731741e+15	-917762416922.2	-1835524833844	0.2510454492714	1	1	1	-1
13820000	1	1.540286158634e+15	-914496363921.9	-1828992727844	0.2511108834267	1	1	1	-1
13840000	1	1.541791977382e+15	-911242767221.2	-1822485534442	0.2511761584757	1	1	1	-1
13860000	1	1.543298187034e+15	-908001580101.9	-1816003160204	0.251241274905	1	1	1	-1
13880000	1	1.54480478664e+15	-904772755985.1	-1809545511970	0.2513062331995	1	1	1	-1
13900000	1	1.546311775254e+15	-901556248431.5	-1803112496863	0.2513710338429	1	1	1	-1
13920000	1	1.54781915193e+15	-898352011141.9	-1796704022284	0.2514356773174	1	1	1	-1
13940000	1	1.54932691573e+15	-895159997956.6	-1790319995913	0.2515001641037	1	1	1	-1
13960000	1	1.550835065714e+15	-891980162855.7	-1783960325711	0.2515644946814	1	1	1	-1
13980000	1	1.552343600947e+15	-888812459959.3	-1777624919919	0.2516286695283	1	1	1	-1
14000000	1	1.553852520497e+15	-885656843527.3	-1771313687055	0.2516926891211	1	1	1	-1
14020000	1	1.555361823435e+15	-882513267959.6	-1765026535919	0.2517565539348	1	1	1	-1
14040000	1	1.556871508833e+15	-879381687795.8	-1758763375592	0.2518202644432	1	1	1	-1
14060000	1	1.558381575769e+15	-876262057715.6	-1752524115431	0.2518838211187	1	1	1	-1
14080000	1	1.559892023321e+15	-873154332538.5	-1746308665077	0.251947224432	1	1	1	-1
14100000	1	1.561402850572e+15	-870058467224.1	-1740116934448	0.2520104748529	1	1	1	-1
14120000	1	1.562914056605e+15	-866974416871.6	-1733948833743	0.2520735728493	1	1	1	-1
14140000	1	1.564425640508e+15	-863902136720.4	-1727804273441	0.2521365188879	1	1	1	-1
14160000	1	1.565937601372e+15	-860841582149.5	-1721683164299	0.252199313434	1	1	1	-1
14180000	1	1.567449938289e+15	-857792708677.8	-1715585417356	0.2522619569515	1	1	1	-1
14200000	1	1.568962650356e+15	-854755471964	-1709510943928	0.2523244499028	1	1	1	-1
14220000	1	1.570475736671e+15	-851729827806.7	-1703459655613	0.252386792749	1	1	1	-1
14240000	1	1.571989196336e+15	-848715732143.9	-1697431464288	0.2524489859498	1	1	1	-1
14260000	1	1.573503028454e+15	-845713141053.4	-1691426282107	0.2525110299635	1	1	1	-1
14280000	1	1.575017232132e+15	-842722010752.6	-1685444021505	0.2525729252468	1	1	1	-1
14300000	1	1.576531806481e+15	-839742297598.5	-1679484595197	0.2526346722552	1	1	1	-1
14320000	1	1.578046750612e+15	-836773958087.3	-1673547916175	0.2526962714428	1	1	1	-1
14340000	1	1.57956206364e+15	-833816948854.8	-1667633897710	0.2527577232623	1	1	1	-1
14360000	1	1.581077744684e+15	-830871226676	-1661742453352	0.252819028165	1	1	1	-1
14380000	1	1.582593792863e+15	-827936748465.2	-1655873496930	0.2528801866006	1	1	1	-1
14400000	1	1.584110207301e+15	-825013471275.8	-1650026942552	0.2529411990177	1	1	1	-1
14420000	1	1.585626987123e+15	-822101352300	-1644202704600	0.2530020658634	1	1	1	-1
14440000	1	1.587144131459e+15	-819200348869.3	-1638400697739	0.2530627875834	1	1	1	-1
14460000	1	1.588661639439e+15	-816310418453.8	-1632620836908	0.2531233646219	1	1	1	-1
14480000	1	1.590179510197e+15	-813431518662.2	-1626863037324	0.253183797422	1	1	1	-1
14500000	1	1.591697742869e+15	-810563607242.2	-1621127214484	0.2532440864252	1	1	1	-1
14520000	1	1.593216336596e+15	-807706642079.6	-1615413284159	0.2533042320716	1	1	1	-1
14540000	1	1.594735290518e+15	-804860581198.6	-1609721162397	0.2533642348001	1	1	1	-1
14560000	1	1.59625460378e+15	-802025382761.9	-1604050765524	0.253424095048	1	1	1	-1
14580000	1	1.597774275529e+15	-799201005070	-1598402010140	0.2534838132514	1	1	1	-1
14600000	1	1.599294304915e+15	-796387406561.5	-1592774813123	0.2535433898449	1	1	1	-1
14620000	1	1.600814691089e+15	-793584545812.8	-1587169091626	0.2536028252619	1	1	1	-1
14640000	1	1.602335433207e+15	-790792381538	-1581584763076	0.2536621199342	1	1	1	-1
14660000	1	1.603856530426e+15	-788010872588.6	-1576021745177	0.2537212742924	1	1	1	-1
14680000	1	1.605377981906e+15	-785239977953.6	-1570479955907	0.2537802887656	1	1	1	-1
14700000	1	1.60689978681e+15	-782479656759.3	-1564959313519	0.2538391637818	1	1	1	-1
14720000	1	1.608421944302e+15	-779729868268.8	-1559459736538	0.2538978997674	1	1	1	-1
14740000	1	1.609944453551e+15	-776990571882.3	-1553981143765	0.2539564971474	1	1	1	-1
14760000	1	1.611467313726e+15	-774261727136.6	-1548523454273	0.2540149563456	1	1	1	-1
14780000	1	1.612990524001e+15	-771543293705.2	-1543086587410	0.2540732777845	1	1	1	-1
14800000	1	1.61451408355e+15	-768835231397.7	-1537670462795	0.254131461885	1	1	1	-1
14820000	1	1.616037991552e+15	-766137500160.1	-1532275000320	0.2541895090669	1	1	1	-1
14840000	1	1.617562247186e+15	-763450060074.5	-1526900120149	0.2542474197484	1	1	1	-1
14860000	1	1.619086849636e+15	-760772871358.6	-1521545742717	0.2543051943467	1	1	1	-1
14880000	1	1.620611798087e+15	-758105894365.8	-1516211788732	0.2543628332773	1	1	1	-1
14900000	1	1.622137091726e+15	-755449089584.9	-1510898179170	0.2544203369546	1	1	1	-1
14920000	1	1.623662729744e+15	-752802417640.2	-1505604835280	0.2544777057915	1	1	1	-1
14940000	1	1.625188711334e+15	-750165839290.6	-1500331678581	0.2545349401997	1	1	1	-1
14960000	1	1.626715035691e+15	-747539315430.2	-1495078630860	0.2545920405896	1	1	1	-1
14980000	1	1.628241702013e+15	-744922807087.6	-1489845614175	0.2546490073701	1	1	1	-1
15000000	1	1.629768709499e+15	-742316275425.8	-1484632550852	0.2547058409488	1	1	1	-1
15020000	1	1.631296057352e+15	-739719681742.1	-1479439363484	0.2547625417321	1	1	1	-1
15040000	1	1.632823744778e+15	-737132987467.5	-1474265974935	0.2548191101251	1	1	1	-1
15060000	1	1.634351770983e+15	-734556154167.2	-1469112308334	0.2548755465314	1	1	1	-1
15080000	1	1.635880135178e+15	-731989143539.7	-1463978287079	0.2549318513534	1	1	1	-1
15100000	1	1.637408836575e+15	-729431917416.7	-1458863834833	0.2549880249921	1	1	1	-1
15120000	1	1.638937874388e+15	-726884437763.3	-1453768875527	0.2550440678474	1	1	1	-1
15140000	1	1.640467247834e+15	-724346666677.3	-1448693333355	0.2550999803177	1	1	1	-1
15160000	1	1.641996956133e+15	-721818566389.1	-1443637132778	0.2551557628001	1	1	1	-1
15180000	1	1.643526998507e+15	-719300099261.7	-1438600198523	0.2552114156904	1	1	1	-1
15200000	1	1.64505737418e+15	-716791227789.9	-1433582455580	0.2552669393833	1	1	1	-1
15220000	1	1.646588082378e+15	-714291914600.6	-1428583829201	0.255322334272	1	1	1	-1
15240000	1	1.64811912233e+15	-711802122452.6	-1423604244905	0.2553776007484	1	1	1	-1
15260000	1	1.649650493268e+15	-709321814235.8	-1418643628472	0.2554327392031	1	1	1	-1
15280000	1	1.651182194425e+15	-706850952971.5	-1413701905943	0.2554877500257	1	1	1	-1
15300000	1	1.652714225036e+15	-704389501811.6	-1408779003623	0.2555426336041	1	1	1	-1
15320000	1	1.654246584341e+15	-701937424039.2	-1403874848078	0.2555973903252	1	1	1	-1
15340000	1	1.65577927158e+15	-699494683067.2	-1398989366134	0.2556520205745	1	1	1	-1
15360000	1	1.657312285995e+15	-697061242439.3	-1394122484879	0.2557065247363	1	1	1	-1
15380000	1	1.658845626832e+15	-694637065828.5	-1389274131657	0.2557609031936	1	1	1	-1
15400000	1	1.660379293337e+15	-692222117038	-1384444234076	0.2558151563281	1	1	1	-1
15420000	1	1.661913284762e+15	-689816359999.8	-1379632720000	0.2558692845202	1	1	1	-1
15440000	1	1.663447600358e+15	-687419758775.5	-1374839517551	0.2559232881491	1	1	1	-1
15460000	1	1.664982239379e+15	-685032277555.4	-1370064555111	0.2559771675928	1	1	1	-1
15480000	1	1.666517201081e+15	-682653880658.1	-1365307761316	0.2560309232279	1	1	1	-1
15500000	1	1.668052484724e+15	-680284532530.9	-1360569065062	0.2560845554299	1	1	1	-1
15520000	1	1.669588089568e+15	-677924197748.8	-1355848395498	0.2561380645729	1	1	1	-1
15540000	1	1.671124014877e+15	-675572841014.8	-1351145682030	0.2561914510299	1	1	1	-1
15560000	1	1.672660259917e+15	-673230427159.2	-1346460854318	0.2562447151725	1	1	1	-1
15580000	1	1.674196823954e+15	-670896921139.6	-1341793842279	0.2562978573711	1	1	1	-1
15600000	1	1.675733706259e+15	-668572288040.3	-1337144576081	0.256350877995	1	1	1	-1
15620000	1	1.677270906105e+15	-666256493072.5	-1332512986145	0.2564037774121	1	1	1	-1
15640000	1	1.678808422765e+15	-663949501573.5	-1327899003147	0.2564565559891	1	1	1	-1
15660000	1	1.680346255516e+15	-661651279006.9	-1323302558014	0.2565092140916	1	1	1	-1
15680000	1	1.681884403636e+15	-659361790961.9	-1318723581924	0.2565617520838	1	1	1	-1
15700000	1	1.683422866408e+15	-657081003153.2	-1314162006306	0.2566141703289	1	1	1	-1
15720000	1	1.684961643113e+15	-654808881420.6	-1309617762841	0.2566664691885	1	1	1	-1
15740000	1	1.686500733037e+15	-652545391728.9	-1305090783458	0.2567186490233	1	1	1	-1
15760000	1	1.688040135468e+15	-650290500167.6	-1300581000335	0.2567707101929	1	1	1	-1
15780000	1	1.689579849695e+15	-648044172950.3	-1296088345901	0.2568226530552	1	1	1	-1
15800000	1	1.691119875009e+15	-645806376414.6	-1291612752829	0.2568744779674	1	1	1	-1
15820000	1	1.692660210706e+15	-643577077022.1	-1287154154044	0.2569261852853	1	1	1	-1
15840000	1	1.694200856079e+15	-641356241357.3	-1282712482715	0.2569777753633	1	1	1	-1
15860000	1	1.695741810429e+15	-639143836128.3	-1278287672257	0.257029248555	1	1	1	-1
15880000	1	1.697283073055e+15	-636939828165.7	-1273879656331	0.2570806052125	1	1	1	-1
15900000	1	1.698824643259e+15	-634744184422.8	-1269488368846	0.2571318456868	1	1	1	-1
15920000	1	1.700366520345e+15	-632556871974.8	-1265113743950	0.2571829703278	1	1	1	-1
15940000	1	1.701908703621e+15	-630377858019.2	-1260755716038	0.2572339794841	1	1	1	-1
15960000	1	1.703451192395e+15	-628207109874.7	-1256414219749	0.2572848735032	1	1	1	-1
15980000	1	1.704993985977e+15	-626044594981.4	-1252089189963	0.2573356527313	1	1	1	-1
16000000	1	1.70653708368e+15	-623890280900.5	-1247780561801	0.2573863175136	1	1	1	-1
16020000	1	1.70808048482e+15	-621744135313.7	-1243488270627	0.2574368681941	1	1	1	-1
16040000	1	1.709624188713e+15	-619606126023	-1239212252046	0.2574873051154	1	1	1	-1
16060000	1	1.711168194678e+15	-617476220950.6	-1234952441901	0.2575376286193	1	1	1	-1
16080000	1	1.712712502035e+15	-615354388138.3	-1230708776277	0.2575878390461	1	1	1	-1
16100000	1	1.714257110109e+15	-613240595747.3	-1226481191495	0.2576379367353	1	1	1	-1
16120000	1	1.715802018224e+15	-611134812057.8	-1222269624116	0.2576879220248	1	1	1	-1
16140000	1	1.717347225707e+15	-609037005469.1	-1218074010938	0.2577377952518	1	1	1	-1
16160000	1	1.718892731887e+15	-606947144498.5	-1213894288997	0.2577875567521	1	1	1	-1
16180000	1	1.720438536095e+15	-604865197781.9	-1209730395564	0.2578372068604	1	1	1	-1
16200000	1	1.721984637665e+15	-602791134072.5	-1205582268145	0.2578867459103	1	1	1	-1
16220000	1	1.723531035932e+15	-600724922241.4	-1201449844483	0.2579361742342	1	1	1	-1
16240000	1	1.725077730232e+15	-598666531276.7	-1197333062553	0.2579854921634	1	1	1	-1
16260000	1	1.726624719905e+15	-596615930283.5	-1193231860567	0.2580347000281	1	1	1	-1
16280000	1	1.728172004291e+15	-594573088483.2	-1189146176966	0.2580837981573	1	1	1	-1
16300000	1	1.729719582735e+15	-592537975213.7	-1185075950427	0.258132786879	1	1	1	-1
16320000	1	1.73126745458e+15	-590510559928.4	-1181021119857	0.25818166652	1	1	1	-1
16340000	1	1.732815619174e+15	-588490812196.6	-1176981624393	0.2582304374059	1	1	1	-1
16360000	1	1.734364075866e+15	-586478701702.8	-1172957403406	0.2582790998614	1	1	1	-1
16380000	1	1.735912824006e+15	-584474198246.3	-1168948396493	0.2583276542099	1	1	1	-1
16400000	1	1.737461862947e+15	-582477271741	-1164954543482	0.2583761007738	1	1	1	-1
16420000	1	1.739011192045e+15	-580487892215.1	-1160975784430	0.2584244398743	1	1	1	-1
16440000	1	1.740560810655e+15	-578506029810.7	-1157012059621	0.2584726718316	1	1	1	-1
16460000	1	1.742110718136e+15	-576531654783.6	-1153063309567	0.2585207969648	1	1	1	-1
16480000	1	1.743660913848e+15	-574564737502.9	-1149129475006	0.2585688155919	1	1	1	-1
16500000	1	1.745211397155e+15	-572605248450.5	-1145210496901	0.2586167280297	1	1	1	-1
16520000	1	1.74676216742e+15	-570653158220.9	-1141306316442	0.2586645345941	1	1	1	-1
16540000	1	1.748313224009e+15	-568708437521.2	-1137416875042	0.2587122355997	1	1	1	-1
16560000	1	1.749864566291e+15	-566771057170.3	-1133542114341	0.2587598313602	1	1	1	-1
16580000	1	1.751416193634e+15	-564840988098.5	-1129681976197	0.2588073221883	1	1	1	-1
16600000	1	1.752968105412e+15	-562918201347.8	-1125836402696	0.2588547083953	1	1	1	-1
16620000	1	1.754520300998e+15	-561002668071	-1122005336142	0.2589019902917	1	1	1	-1
16640000	1	1.756072779766e+15	-559094359531.5	-1118188719063	0.2589491681868	1	1	1	-1
16660000	1	1.757625541096e+15	-557193247103.2	-1114386494206	0.2589962423891	1	1	1	-1
16680000	1	1.759178584364e+15	-555299302269.7	-1110598604539	0.2590432132056	1	1	1	-1
16700000	1	1.760731908954e+15	-553412496624.6	-1106824993249	0.2590900809426	1	1	1	-1
16720000	1	1.762285514247e+15	-551532801870.6	-1103065603741	0.2591368459053	1	1	1	-1
16740000	1	1.763839399629e+15	-549660189819.4	-1099320379639	0.2591835083977	1	1	1	-1
16760000	1	1.765393564485e+15	-547794632391.4	-1095589264783	0.2592300687229	1	1	1	-1
16780000	1	1.766948008205e+15	-545936101615.5	-1091872203231	0.2592765271828	1	1	1	-1
16800000	1	1.768502730178e+15	-544084569628.4	-1088169139257	0.2593228840785	1	1	1	-1
16820000	1	1.770057729796e+15	-542240008674.4	-1084480017349	0.2593691397098	1	1	1	-1
16840000	1	1.771613006453e+15	-540402391105.4	-1080804782211	0.2594152943757	1	1	1	-1
16860000	1	1.773168559545e+15	-538571689380	-1077143378760	0.259461348374	1	1	1	-1
16880000	1	1.774724388468e+15	-536747876063.8	-1073495752128	0.2595073020016	1	1	1	-1
16900000	1	1.776280492622e+15	-534930923828.5	-1069861847657	0.2595531555543	1	1	1	-1
16920000	1	1.777836871408e+15	-533120805451.9	-1066241610904	0.2595989093269	1	1	1	-1
16940000	1	1.779393524228e+15	-531317493817.3	-1062634987635	0.2596445636132	1	1	1	-1
16960000	1	1.780950450487e+15	-529520961913.7	-1059041923827	0.2596901187059	1	1	1	-1
16980000	1	1.78250764959e+15	-527731182834.8	-1055462365670	0.259735574897	1	1	1	-1
17000000	1	1.784065120947e+15	-525948129779.1	-1051896259558	0.259780932477	1	1	1	-1
17020000	1	1.785622863966e+15	-524171776049.5	-1048343552099	0.2598261917358	1	1	1	-1
17040000	1	1.787180878058e+15	-522402095052.6	-1044804190105	0.2598713529622	1	1	1	-1
17060000	1	1.788739162637e+15	-520639060299.1	-1041278120598	0.2599164164438	1	1	1	-1
17080000	1	1.790297717117e+15	-518882645402.8	-1037765290806	0.2599613824676	1	1	1	-1
17100000	1	1.791856540916e+15	-517132824080.6	-1034265648161	0.2600062513193	1	1	1	-1
17120000	1	1.793415633451e+15	-515389570152.1	-1030779140304	0.2600510232837	1	1	1	-1
17140000	1	1.794974994142e+15	-513652857539.1	-1027305715078	0.2600956986446	1	1	1	-1
17160000	1	1.796534622411e+15	-511922660265.5	-1023845320531	0.2601402776849	1	1	1	-1
17180000	1	1.798094517681e+15	-510198952457.1	-1020397904914	0.2601847606864	1	1	1	-1
17200000	1	1.799654679377e+15	-508481708340.6	-1016963416681	0.2602291479301	1	1	1	-1
17220000	1	1.801215106926e+15	-506770902244.2	-1013541804488	0.2602734396958	1	1	1	-1
17240000	1	1.802775799756e+15	-505066508596.6	-1010133017193	0.2603176362627	1	1	1	-1
17260000	1	1.804336757298e+15	-503368501926.7	-1006737003853	0.2603617379086	1	1	1	-1
17280000	1	1.805897978982e+15	-501676856863.6	-1003353713727	0.2604057449105	1	1	1	-1
17300000	1	1.807459464243e+15	-499991548136.1	-999983096272.3	0.2604496575447	1	1	1	-1
17320000	1	1.809021212515e+15	-498312550572.5	-996625101144.9	0.2604934760862	1	1	1	-1
17340000	1	1.810583223235e+15	-496639839099.7	-993279678199.5	0.2605372008093	1	1	1	-1
17360000	1	1.812145495841e+15	-494973388743.9	-989946777487.7	0.2605808319871	1	1	1	-1
17380000	1	1.813708029774e+15	-493313174629.1	-986626349258.2	0.260624369892	1	1	1	-1
17400000	1	1.815270824474e+15	-491659171977.8	-983318343955.7	0.2606678147953	1	1	1	-1
17420000	1	1.816833879385e+15	-490011356110.1	-980022712220.2	0.2607111669675	1	1	1	-1
17440000	1	1.818397193952e+15	-488369702443.3	-976739404886.6	0.2607544266781	1	1	1	-1
17460000	1	1.819960767621e+15	-486734186492	-973468372984	0.2607975941955	1	1	1	-1
17480000	1	1.821524599841e+15	-485104783867.4	-970209567734.8	0.2608406697875	1	1	1	-1
17500000	1	1.82308869006e+15	-483481470277.2	-966962940554.5	0.2608836537208	1	1	1	-1
17520000	1	1.82465303773e+15	-481864221525.2	-963728443050.4	0.2609265462612	1	1	1	-1
17540000	1	1.826217642304e+15	-480253013510.8	-960506027021.7	0.2609693476735	1	1	1	-1
17560000	1	1.827782503237e+15	-478647822229	-957295644458	0.2610120582217	1	1	1	-1
17580000	1	1.829347619983e+15	-477048623769.8	-954097247539.6	0.2610546781688	1	1	1	-1
17600000	1	1.830912992002e+15	-475455394318	-950910788636.1	0.2610972077771	1	1	1	-1
17620000	1	1.832478618751e+15	-473868110152.9	-947736220305.9	0.2611396473077	1	1	1	-1
17640000	1	1.834044499692e+15	-472286747647.9	-944573495295.8	0.261181997021	1	1	1	-1
17660000	1	1.835610634287e+15	-470711283270.2	-941422566540.3	0.2612242571764	1	1	1	-1
17680000	1	1.837177021999e+15	-469141693580.4	-938283387160.7	0.2612664280325	1	1	1	-1
17700000	1	1.838743662295e+15	-467577955232.3	-935155910464.6	0.2613085098469	1	1	1	-1
17720000	1	1.840310554641e+15	-466020044972.7	-932040089945.4	0.2613505028764	1	1	1	-1
17740000	1	1.841877698504e+15	-464467939640.6	-928935879281.3	0.2613924073768	1	1	1	-1
17760000	1	1.843445093357e+15	-462921616167.6	-925843232335.1	0.2614342236033	1	1	1	-1
17780000	1	1.845012738668e+15	-461381051576.6	-922762103153.2	0.2614759518098	1	1	1	-1
17800000	1	1.846580633913e+15	-459846222982.6	-919692445965.2	0.2615175922496	1	1	1	-1
17820000	1	1.848148778565e+15	-458317107591.5	-916634215182.9	0.2615591451752	1	1	1	-1
17840000	1	1.849717172101e+15	-456793682700.1	-913587365400.2	0.2616006108379	1	1	1	-1
17860000	1	1.851285813997e+15	-455275925696	-910551851392	0.2616419894885	1	1	1	-1
17880000	1	1.852854703733e+15	-453763814056.9	-907527628113.7	0.2616832813767	1	1	1	-1
17900000	1	1.85442384079e+15	-452257325350.3	-904514650700.7	0.2617244867514	1	1	1	-1
17920000	1	1.855993224649e+15	-450756437233.8	-901512874467.5	0.2617656058606	1	1	1	-1
17940000	1	1.857562854794e+15	-449261127453.7	-898522254907.4	0.2618066389516	1	1	1	-1
17960000	1	1.85913273071e+15	-447771373845.8	-895542747691.5	0.2618475862707	1	1	1	-1
17980000	1	1.860702851883e+15	-446287154334.2	-892574308668.4	0.2618884480633	1	1	1	-1
18000000	1	1.862273217802e+15	-444808446931.6	-889616893863.3	0.2619292245742	1	1	1	-1
18020000	1	1.863843827955e+15	-443335229738.7	-886670459477.4	0.2619699160471	1	1	1	-1
18040000	1	1.865414681835e+15	-441867480943.9	-883734961887.7	0.262010522725	1	1	1	-1
18060000	1	1.866985778932e+15	-440405178822.8	-880810357645.7	0.2620510448501	1	1	1	-1
18080000	1	1.86855711874e+15	-438948301738.6	-877896603477.1	0.2620914826635	1	1	1	-1
18100000	1	1.870128700756e+15	-437496828140.7	-874993656281.4	0.2621318364059	1	1	1	-1
18120000	1	1.871700524475e+15	-436050736565.4	-872101473130.8	0.2621721063167	1	1	1	-1
18140000	1	1.873272589396e+15	-434610005635	-869220011270	0.2622122926349	1	1	1	-1
18160000	1	1.874844895018e+15	-433174614057.6	-866349228115.2	0.2622523955984	1	1	1	-1
18180000	1	1.876417440841e+15	-431744540626.9	-863489081253.9	0.2622924154444	1	1	1	-1
18200000	1	1.877990226369e+15	-430319764221.9	-860639528443.8	0.2623323524093	1	1	1	-1
18220000	1	1.879563251106e+15	-428900263806.4	-857800527612.8	0.2623722067285	1	1	1	-1
18240000	1	1.881136514555e+15	-427486018428.8	-854972036857.6	0.2624119786368	1	1	1	-1
18260000	1	1.882710016225e+15	-426077007221.9	-852154014443.8	0.2624516683682	1	1	1	-1
18280000	1	1.884283755622e+15	-424673209402.4	-849346418804.7	0.2624912761557	1	1	1	-1
18300000	1	1.885857732257e+15	-423274604270.7	-846549208541.4	0.2625308022317	1	1	1	-1
18320000	1	1.88743194564e+15	-421881171210.6	-843762342421.3	0.2625702468277	1	1	1	-1
18340000	1	1.889006395282e+15	-420492889689.1	-840985779378.2	0.2626096101744	1	1	1	-1
18360000	1	1.890581080699e+15	-419109739255.7	-838219478511.3	0.2626488925017	1	1	1	-1
18380000	1	1.892156001404e+15	-417731699542.5	-835463399085	0.2626880940388	1	1	1	-1
18400000	1	1.893731156914e+15	-416358750263.8	-832717500527.6	0.262727215014	1	1	1	-1
18420000	1	1.895306546746e+15	-414990871215.7	-829981742431.4	0.2627662556549	1	1	1	-1
18440000	1	1.89688217042e+15	-413628042275.9	-827256084551.7	0.2628052161883	1	1	1	-1
18460000	1	1.898458027456e+15	-412270243403.2	-824540486806.4	0.2628440968402	1	1	1	-1
18480000	1	1.900034117375e+15	-410917454637.6	-821834909275.2	0.2628828978358	1	1	1	-1
18500000	1	1.901610439702e+15	-409569656099.6	-819139312199.1	0.2629216193996	1	1	1	-1
18520000	1	1.903186993959e+15	-408226827989.9	-816453655979.9	0.2629602617552	1	1	1	-1
18540000	1	1.904763779673e+15	-406888950589.6	-813777901179.3	0.2629988251256	1	1	1	-1
18560000	1	1.906340796371e+15	-405556004259.4	-811112008518.7	0.263037309733	1	1	1	-1
18580000	1	1.907918043581e+15	-404227969439.2	-808455938878.4	0.2630757157987	1	1	1	-1
18600000	1	1.909495520833e+15	-402904826648.4	-805809653296.9	0.2631140435434	1	1	1	-1
18620000	1	1.911073227659e+15	-401586556485.2	-803173112970.5	0.263152293187	1	1	1	-1
18640000	1	1.91265116359e+15	-400273139626.3	-800546279252.5	0.2631904649485	1	1	1	-1
18660000	1	1.91422932816e+15	-398964556826.5	-797929113653	0.2632285590464	1	1	1	-1
18680000	1	1.915807720904e+15	-397660788918.9	-795321577837.8	0.2632665756983	1	1	1	-1
18700000	1	1.917386341359e+15	-396361816814.1	-792723633628.2	0.263304515121	1	1	1	-1
18720000	1	1.918965189062e+15	-395067621500.2	-790135243000.3	0.2633423775307	1	1	1	-1
18740000	1	1.920544263552e+15	-393778184042.2	-787556368084.3	0.2633801631428	1	1	1	-1
18760000	1	1.922123564369e+15	-392493485582	-784986971164.1	0.263417872172	1	1	1	-1
18780000	1	1.923703091054e+15	-391213507338.2	-782427014676.5	0.2634555048322	1	1	1	-1
18800000	1	1.925282843151e+15	-389938230605.5	-779876461210.9	0.2634930613365	1	1	1	-1
18820000	1	1.926862820204e+15	-388667636754.3	-777335273508.6	0.2635305418976	1	1	1	-1
18840000	1	1.928443021757e+15	-387401707231.1	-774803414462.1	0.263567946727	1	1	1	-1
18860000	1	1.930023447357e+15	-386140423557.3	-772280847114.6	0.2636052760358	1	1	1	-1
18880000	1	1.931604096552e+15	-384883767329.8	-769767534659.6	0.2636425300343	1	1	1	-1
18900000	1	1.933184968891e+15	-383631720220	-767263440440	0.2636797089321	1	1	1	-1
18920000	1	1.934766063925e+15	-382384263973.9	-764768527947.9	0.263716812938	1	1	1	-1
18940000	1	1.936347381204e+15	-381141380411.8	-762282760823.6	0.2637538422603	1	1	1	-1
18960000	1	1.937928920283e+15	-379903051427.8	-759806102855.5	0.2637907971062	1	1	1	-1
18980000	1	1.939510680714e+15	-378669258989.6	-757338517979.3	0.2638276776827	1	1	1	-1
19000000	1	1.941092662054e+15	-377439985138.6	-754879970277.2	0.2638644841956	1	1	1	-1
19020000	1	1.942674863859e+15	-376215211988.9	-752430423977.9	0.2639012168503	1	1	1	-1
19040000	1	1.944257285686e+15	-374994921727.7	-749989843455.5	0.2639378758514	1	1	1	-1
19060000	1	1.945839927094e+15	-373779096614.6	-747558193229.2	0.2639744614029	1	1	1	-1
19080000	1	1.947422787645e+15	-372567718981.4	-745135437962.8	0.2640109737079	1	1	1	-1
19100000	1	1.949005866898e+15	-371360771232	-742721542464	0.2640474129691	1	1	1	-1
19120000	1	1.950589164418e+15	-370158235841.9	-740316471683.7	0.2640837793883	1	1	1	-1
19140000	1	1.952172679767e+15	-368960095358	-737920190716.1	0.2641200731665	1	1	1	-1
19160000	1	1.953756412511e+15	-367766332398.5	-735532664797.1	0.2641562945044	1	1	1	-1
19180000	1	1.955340362215e+15	-366576929652.4	-733153859304.8	0.2641924436016	1	1	1	-1
19200000	1	1.956924528449e+15	-365391869879.1	-730783739758.2	0.2642285206574	1	1	1	-1
19220000	1	1.958508910779e+15	-364211135908.6	-728422271817.2	0.2642645258701	1	1	1	-1
19240000	1	1.960093508776e+15	-363034710640.8	-726069421281.6	0.2643004594375	1	1	1	-1
19260000	1	1.961678322012e+15	-361862577045.4	-723725154090.7	0.2643363215567	1	1	1	-1
19280000	1	1.963263350057e+15	-360694718161.5	-721389436323	0.2643721124241	1	1	1	-1
19300000	1	1.964848592486e+15	-359531117097.7	-719062234195.4	0.2644078322355	1	1	1	-1
19320000	1	1.966434048873e+15	-358371757031.3	-716743514062.7	0.2644434811859	1	1	1	-1
19340000	1	1.968019718794e+15	-357216621208.5	-714433242416.9	0.2644790594698	1	1	1	-1
19360000	1	1.969605601825e+15	-356065692943.7	-712131385887.3	0.264514567281	1	1	1	-1
19380000	1	1.971191697545e+15	-354918955619.6	-709837911239.2	0.2645500048125	1	1	1	-1
19400000	1	1.972778005534e+15	-353776392686.8	-707552785373.6	0.2645853722568	1	1	1	-1
19420000	1	1.97436452537e+15	-352637987663.5	-705275975327.1	0.2646206698057	1	1	1	-1
19440000	1	1.975951256636e+15	-351503724135.4	-703007448270.7	0.2646558976504	1	1	1	-1
19460000	1	1.977538198914e+15	-350373585754.9	-700747171509.8	0.2646910559814	1	1	1	-1
19480000	1	1.979125351789e+15	-349247556241.7	-698495112483.4	0.2647261449885	1	1	1	-1
19500000	1	1.980712714844e+15	-348125619381.8	-696251238763.6	0.2647611648609	1	1	1	-1
19520000	1	1.982300287667e+15	-347007759027.6	-694015518055.2	0.2647961157872	1	1	1	-1
19540000	1	1.983888069843e+15	-345893959097.5	-691787918195.1	0.2648309979554	1	1	1	-1
19560000	1	1.985476060963e+15	-344784203575.8	-689568407151.6	0.2648658115528	1	1	1	-1
19580000	1	1.987064260614e+15	-343678476512.2	-687356953024.4	0.264900556766	1	1	1	-1
19600000	1	1.988652668388e+15	-342576762021.8	-685153524043.5	0.264935233781	1	1	1	-1
19620000	1	1.990241283876e+15	-341479044284.5	-682958088569	0.2649698427833	1	1	1	-1
19640000	1	1.991830106671e+15	-340385307545.2	-680770615090.4	0.2650043839577	1	1	1	-1
19660000	1	1.993419136367e+15	-339295536113.2	-678591072226.4	0.2650388574883	1	1	1	-1
19680000	1	1.995008372558e+15	-338209714362	-676419428724.1	0.2650732635587	1	1	1	-1
19700000	1	1.996597814842e+15	-337127826729.3	-674255653458.6	0.2651076023517	1	1	1	-1
19720000	1	1.998187462814e+15	-336049857716.2	-672099715432.4	0.2651418740497	1	1	1	-1
19740000	1	1.999777316073e+15	-334975791887.5	-669951583775	0.2651760788344	1	1	1	-1
19760000	1	2.00136737422e+15	-333905613871.3	-667811227742.6	0.2652102168868	1	1	1	-1
19780000	1	2.002957636853e+15	-332839308358.5	-665678616717	0.2652442883875	1	1	1	-1
19800000	1	2.004548103574e+15	-331776860102.9	-663553720205.8	0.2652782935162	1	1	1	-1
19820000	1	2.006138773987e+15	-330718253920.6	-661436507841.2	0.2653122324522	1	1	1	-1
19840000	1	2.007729647695e+15	-329663474690.1	-659326949380.1	0.2653461053742	1	1	1	-1
19860000	1	2.009320724302e+15	-328612507351.8	-657225014703.5	0.2653799124602	1	1	1	-1
19880000	1	2.010912003414e+15	-327565336907.8	-655130673815.7	0.2654136538877	1	1	1	-1
19900000	1	2.012503484638e+15	-326521948421.9	-653043896843.8	0.2654473298335	1	1	1	-1
19920000	1	2.014095167583e+15	-325482327018.9	-650964654037.8	0.2654809404739	1	1	1	-1
19940000	1	2.015687051856e+15	-324446457884.7	-648892915769.4	0.2655144859845	1	1	1	-1
19960000	1	2.017279137068e+15	-323414326266	-646828652532	0.2655479665405	1	1	1	-1
19980000	1	2.018871422831e+15	-322385917469.9	-644771834939.9	0.2655813823162	1	1	1	-1
20000000	1	2.020463908755e+15	-321361216864	-642722433728	0.2656147334857	1	1	1	-1
