1440000	1	4.316485098735e+14	-190808977931.8	-381617955863.5	0.9740794642475	1	1	1	-1
1460000	1	4.374474867318e+14	-292611393801.5	-585222787603.1	0.9603975422469	1	1	1	-1
1480000	1	4.431668689099e+14	-385949093055.3	-771898186110.5	0.9474983659963	1	1	1	-1
1500000	1	4.488108298666e+14	-472552323362.9	-945104646725.7	0.935215014708	1	1	1	-1
1520000	1	4.543826482724e+14	-553795753977.5	-1107591507955	0.923414367617	1	1	1	-1
1540000	1	4.598848852304e+14	-630786773181.9	-1261573546364	0.9119890593615	1	1	1	-1
1560000	1	4.653195203081e+14	-704428532075.6	-1408857064151	0.9008516492783	1	1	1	-1
1580000	1	4.706880575079e+14	-775465745848.5	-1550931491697	0.8899303342981	1	1	1	-1
1600000	1	4.759916089954e+14	-844518476152	-1689036952304	0.8791657562339	1	1	1	-1
1620000	1	4.812309621753e+14	-912107378261.2	-1824214756522	0.8685085970405	1	1	1	-1
1640000	1	4.8640663416e+14	-978672784258.1	-1957345568516	0.8579177494828	1	1	1	-1
1660000	1	4.915189166098e+14	-1044589266634	-2089178533268	0.8473589133834	1	1	1	-1
1680000	1	4.965679131557e+14	-1110176842480	-2220353684960	0.8368035102239	1	1	1	-1
1700000	1	5.015535710682e+14	-1175709650132	-2351419300263	0.8262278382246	1	1	1	-1
1720000	1	5.064757084337e+14	-1241422703964	-2482845407929	0.8156124105322	1	1	1	-1
1740000	1	5.11334037802e+14	-1307517175008	-2615034350016	0.8049414336465	1	1	1	-1
1760000	1	5.161281870432e+14	-1374164533146	-2748329066292	0.7942023936023	1	1	1	-1
1780000	1	5.208577179831e+14	-1441509806495	-2883019612991	0.7833857249444	1	1	1	-1
1800000	1	5.255221432517e+14	-1509674155459	-3019348310918	0.7724845430468	1	1	1	-1
1820000	1	5.301209416782e+14	-1578756916326	-3157513832651	0.7614944244228	1	1	1	-1
1840000	1	5.346535724807e+14	-1648837237685	-3297674475371	0.7504132227615	1	1	1	-1
1860000	1	5.391194884346e+14	-1719975409131	-3439950818261	0.7392409107935	1	1	1	-1
1880000	1	5.435181481511e+14	-1792213963456	-3584427926911	0.727979439952	1	1	1	-1
1900000	1	5.478490275492e+14	-1865578619298	-3731157238597	0.7166326112935	1	1	1	-1
1920000	1	5.521116305751e+14	-1940079119652	-3880158239304	0.7052059523903	1	1	1	-1
1940000	1	5.563054991905e+14	-2015710012104	-4031420024208	0.6937065959774	1	1	1	-1
1960000	1	5.6043022263e+14	-2092451408414	-4184902816827	0.6821431570827	1	1	1	-1
1980000	1	5.644854459107e+14	-2170269753699	-4340539507399	0.6705256062305	1	1	1	-1
2000000	1	5.684708775662e+14	-2249118628763	-4498237257526	0.6588651370988	1	1	1	-1
2020000	1	5.723862965677e+14	-2328939602791	-4657879205583	0.6471740277492	1	1	1	-1
2040000	1	5.762315583928e+14	-2409663147728	-4819326295456	0.6354654952306	1	1	1	-1
2060000	1	5.800066002045e+14	-2491209619995	-4982419239991	0.6237535439794	1	1	1	-1
2080000	1	5.837114451039e+14	-2573490310022	-5146980620043	0.6120528089982	1	1	1	-1
2100000	1	5.873462054315e+14	-2656408555228	-5312817110455	0.6003783952696	1	1	1	-1
2120000	1	5.909110850979e+14	-2739860907884	-5479721815767	0.5887457152515	1	1	1	-1
2140000	1	5.944063809405e+14	-2823738345634	-5647476691269	0.5771703265896	1	1	1	-1
2160000	1	5.97832483113e+14	-2907927509600	-5815855019201	0.5656677723652	1	1	1	-1
2180000	1	6.011898745314e+14	-2992311952880	-5984623905759	0.5542534262702	1	1	1	-1
2200000	1	6.04479129411e+14	-3076773381019	-6153546762038	0.5429423450687	1	1	1	-1
2220000	1	6.077009109478e+14	-3161192865618	-6322385731237	0.53174913057	1	1	1	-1
2240000	1	6.108559682047e+14	-3245452012627	-6490904025254	0.520687803114	1	1	1	-1
2260000	1	6.139451322789e+14	-3329434068039	-6658868136079	0.509771688272	1	1	1	-1
2280000	1	6.169693118322e+14	-3413024945475	-6826049890951	0.4990133181103	1	1	1	-1
2300000	1	6.199294880761e+14	-3496114162431	-6992228324861	0.4884243479728	1	1	1	-1
2320000	1	6.228267093054e+14	-3578595674655	-7157191349310	0.478015489331	1	1	1	-1
2340000	1	6.256620850788e+14	-3660368601017	-7320737202033	0.4677964588409	1	1	1	-1
2360000	1	6.284367801404e+14	-3741337834183	-7482675668366	0.4577759433669	1	1	1	-1
2380000	1	6.311520081799e+14	-3821414535380	-7642829070760	0.4479615803761	1	1	1	-1
2400000	1	6.338090255175e+14	-3900516514230	-7801033028460	0.4383599528083	1	1	1	-1
2420000	1	6.364091248e+14	-3978568497159	-7957136994318	0.4289765972746	1	1	1	-1
2440000	1	6.389536287816e+14	-4055502289999	-8111004579998	0.4198160242482	1	1	1	-1
2460000	1	6.414438842585e+14	-4131256842163	-8262513684326	0.4108817487801	1	1	1	-1
2480000	1	6.438812562158e+14	-4205778221133	-8411556442266	0.4021763301963	1	1	1	-1
2500000	1	6.462671222349e+14	-4279019506938	-8558039013876	0.3937014192145	1	1	1	-1
2520000	1	6.486028672018e+14	-4350940616858	-8701881233716	0.3854578109407	1	1	1	-1
2540000	1	6.508898783472e+14	-4421508070817	-8843016141633	0.3774455022712	1	1	1	-1
2560000	1	6.531295406407e+14	-4490694707804	-8981389415608	0.3696637523204	1	1	1	-1
2580000	1	6.553232325531e+14	-4558479363336	-9116958726672	0.3621111446119	1	1	1	-1
2600000	1	6.574723221936e+14	-4624846517390	-9249693034781	0.3547856499052	1	1	1	-1
2620000	1	6.595781638238e+14	-4689785921530	-9379571843060	0.3476846886709	1	1	1	-1
2640000	1	6.616420947427e+14	-4753292213121	-9506584426242	0.3408051923747	1	1	1	-1
2660000	1	6.636654325335e+14	-4815364523658	-9630729047316	0.3341436628708	1	1	1	-1
2680000	1	6.656494726603e+14	-4876006087287	-9752012174574	0.3276962293423	1	1	1	-1
2700000	1	6.675954863968e+14	-4935223854734	-9870447709469	0.3214587023556	1	1	1	-1
2720000	1	6.695047190704e+14	-4993028116953	-9986056233906	0.3154266247083	1	1	1	-1
2740000	1	6.713783886e+14	-5049432141988	-1.009886428398e+13	0.3095953188573	1	1	1	-1
2760000	1	6.732176843089e+14	-5104451827796	-1.020890365559e+13	0.3039599308024	1	1	1	-1
2780000	1	6.750237659892e+14	-5158105373069	-1.031621074614e+13	0.2985154703781	1	1	1	-1
2800000	1	6.767977631969e+14	-5210412967502	-1.0420825935e+13	0.2932568479736	1	1	1	-1
2820000	1	6.785407747572e+14	-5261396502397	-1.052279300479e+13	0.2881789077512	1	1	1	-1
2840000	1	6.802538684585e+14	-5311079302077	-1.062215860415e+13	0.2832764574777	1	1	1	-1
2860000	1	6.819380809157e+14	-5359485876143	-1.071897175229e+13	0.2785442951162	1	1	1	-1
2880000	1	6.835944175827e+14	-5406641692342	-1.081328338468e+13	0.2739772323469	1	1	1	-1
2900000	1	6.85223852899e+14	-5452572969527	-1.090514593905e+13	0.2695701152052	1	1	1	-1
2920000	1	6.868273305495e+14	-5497306490007	-1.099461298001e+13	0.2653178420337	1	1	1	-1
2940000	1	6.88405763827e+14	-5540869430425	-1.108173886085e+13	0.2612153789485	1	1	1	-1
2960000	1	6.899600360782e+14	-5583289210199	-1.11665784204e+13	0.2572577730232	1	1	1	-1
2980000	1	6.914910012237e+14	-5624593356479	-1.124918671296e+13	0.2534401633882	1	1	1	-1
3000000	1	6.929994843387e+14	-5664809384556	-1.132961876911e+13	0.2497577904375	1	1	1	-1
3020000	1	6.944862822831e+14	-5703964692607	-1.140792938521e+13	0.2462060033298	1	1	1	-1
3040000	1	6.959521643723e+14	-5742086469694	-1.148417293939e+13	0.2427802659569	1	1	1	-1
3060000	1	6.973978730799e+14	-5779201615937	-1.155840323187e+13	0.2394761615458	1	1	1	-1
3080000	1	6.988241247635e+14	-5815336673828	-1.163067334766e+13	0.2362893960485	1	1	1	-1
3100000	1	7.002316104083e+14	-5850517769677	-1.170103553935e+13	0.2332158004611	1	1	1	-1
3120000	1	7.016209963813e+14	-5884770564255	-1.176954112851e+13	0.2302513322045	1	1	1	-1
3140000	1	7.029929251914e+14	-5918120211718	-1.183624042344e+13	0.2273920756871	1	1	1	-1
3160000	1	7.043480162506e+14	-5950591325997	-1.190118265199e+13	0.2246342421582	1	1	1	-1
3180000	1	7.056868666327e+14	-5982207953847	-1.196441590769e+13	0.2219741689526	1	1	1	-1
3200000	1	7.070100518258e+14	-6012993553854	-1.202598710771e+13	0.2194083182141	1	1	1	-1
3220000	1	7.083181264754e+14	-6042970980712	-1.208594196142e+13	0.2169332751813	1	1	1	-1
3240000	1	7.096116251163e+14	-6072162474168	-1.214432494834e+13	0.2145457461039	1	1	1	-1
3260000	1	7.108910628917e+14	-6100589652074	-1.220117930415e+13	0.212242555857	1	1	1	-1
3280000	1	7.121569362562e+14	-6128273507031	-1.225654701406e+13	0.2100206453073	1	1	1	-1
3300000	1	7.134097236629e+14	-6155234406168	-1.231046881234e+13	0.2078770684835	1	1	1	-1
3320000	1	7.146498862334e+14	-6181492093629	-1.236298418726e+13	0.2058089895938	1	1	1	-1
3340000	1	7.158778684085e+14	-6207065695402	-1.24141313908e+13	0.2038136799286	1	1	1	-1
3360000	1	7.170940985817e+14	-6231973726141	-1.246394745228e+13	0.2018885146836	1	1	1	-1
3380000	1	7.182989897114e+14	-6256234097685	-1.251246819537e+13	0.2000309697308	1	1	1	-1
3400000	1	7.19492939916e+14	-6279864128996	-1.255972825799e+13	0.1982386183635	1	1	1	-1
3420000	1	7.206763330473e+14	-6302880557284	-1.260576111457e+13	0.1965091280363	1	1	1	-1
3440000	1	7.218495392457e+14	-6325299550093	-1.265059910019e+13	0.1948402571188	1	1	1	-1
3460000	1	7.230129154757e+14	-6347136718172	-1.269427343634e+13	0.193229851678	1	1	1	-1
3480000	1	7.241668060421e+14	-6368407128955	-1.273681425791e+13	0.1916758423034	1	1	1	-1
3500000	1	7.253115430874e+14	-6389125320503	-1.277825064101e+13	0.1901762409841	1	1	1	-1
3520000	1	7.264474470707e+14	-6409305315784	-1.281861063157e+13	0.1887291380481	1	1	1	-1
3540000	1	7.275748272283e+14	-6428960637181	-1.285792127436e+13	0.1873326991708	1	1	1	-1
3560000	1	7.286939820167e+14	-6448104321121	-1.289620864224e+13	0.1859851624567	1	1	1	-1
3580000	1	7.298051995384e+14	-6466748932747	-1.293349786549e+13	0.1846848356012	1	1	1	-1
3600000	1	7.309087579509e+14	-6484906580566	-1.296981316113e+13	0.183430093134	1	1	1	-1
3620000	1	7.320049258592e+14	-6502588930995	-1.300517786199e+13	0.1822193737468	1	1	1	-1
3640000	1	7.330939626929e+14	-6519807222773	-1.303961444555e+13	0.1810511777066	1	1	1	-1
3660000	1	7.341761190675e+14	-6536572281175	-1.307314456235e+13	0.179924064356	1	1	1	-1
3680000	1	7.35251637132e+14	-6552894532006	-1.310578906401e+13	0.1788366496997	1	1	1	-1
3700000	1	7.363207509008e+14	-6568784015331	-1.313756803066e+13	0.1777876040772	1	1	1	-1
3720000	1	7.373836865734e+14	-6584250398932	-1.316850079786e+13	0.1767756499213	1	1	1	-1
3740000	1	7.384406628398e+14	-6599302991453	-1.319860598291e+13	0.1757995596002	1	1	1	-1
3760000	1	7.39491891174e+14	-6613950755236	-1.322790151047e+13	0.1748581533426	1	1	1	-1
3780000	1	7.405375761145e+14	-6628202318821	-1.325640463764e+13	0.1739502972441	1	1	1	-1
3800000	1	7.415779155339e+14	-6642065989110	-1.328413197822e+13	0.173074901352	1	1	1	-1
3820000	1	7.426131008968e+14	-6655549763188	-1.331109952638e+13	0.172230917828	1	1	1	-1
3840000	1	7.43643317507e+14	-6668661339794	-1.333732267959e+13	0.1714173391844	1	1	1	-1
3860000	1	7.446687447441e+14	-6681408130448	-1.33628162609e+13	0.1706331965947	1	1	1	-1
3880000	1	7.456895562907e+14	-6693797270227	-1.338759454045e+13	0.1698775582727	1	1	1	-1
3900000	1	7.467059203497e+14	-6705835628198	-1.34116712564e+13	0.1691495279207	1	1	1	-1
3920000	1	7.477179998526e+14	-6717529817506	-1.343505963501e+13	0.1684482432426	1	1	1	-1
3940000	1	7.487259526592e+14	-6728886205132	-1.345777241026e+13	0.1677728745209	1	1	1	-1
3960000	1	7.497299317483e+14	-6739910921314	-1.347982184263e+13	0.1671226232536	1	1	1	-1
3980000	1	7.507300854018e+14	-6750609868643	-1.350121973729e+13	0.1664967208502	1	1	1	-1
4000000	1	7.517265573794e+14	-6760988730850	-1.35219774617e+13	0.1658944273845	1	1	1	-1
4020000	1	7.527194870875e+14	-6771052981269	-1.354210596254e+13	0.1653150303998	1	1	1	-1
4040000	1	7.5370900974e+14	-6780807891014	-1.356161578203e+13	0.1647578437679	1	1	1	-1
4060000	1	7.546952565133e+14	-6790258536846	-1.358051707369e+13	0.1642222065962	1	1	1	-1
4080000	1	7.55678354694e+14	-6799409808766	-1.359881961753e+13	0.1637074821836	1	1	1	-1
4100000	1	7.566584278213e+14	-6808266417326	-1.361653283465e+13	0.1632130570208	1	1	1	-1
4120000	1	7.576355958229e+14	-6816832900673	-1.363366580135e+13	0.1627383398358	1	1	1	-1
4140000	1	7.586099751459e+14	-6825113631332	-1.365022726266e+13	0.1622827606797	1	1	1	-1
4160000	1	7.595816788816e+14	-6833112822735	-1.366622564547e+13	0.1618457700534	1	1	1	-1
4180000	1	7.605508168858e+14	-6840834535513	-1.368166907103e+13	0.1614268380723	1	1	1	-1
4200000	1	7.615174958942e+14	-6848282683548	-1.36965653671e+13	0.1610254536676	1	1	1	-1
4220000	1	7.624818196324e+14	-6855461039801	-1.37109220796e+13	0.1606411238221	1	1	1	-1
4240000	1	7.634438889225e+14	-6862373241920	-1.372474648384e+13	0.16027337284	1	1	1	-1
4260000	1	7.644038017844e+14	-6869022797641	-1.373804559528e+13	0.1599217416484	1	1	1	-1
4280000	1	7.653616535338e+14	-6875413089979	-1.375082617996e+13	0.1595857871286	1	1	1	-1
4300000	1	7.663175368755e+14	-6881547382233	-1.376309476447e+13	0.1592650814776	1	1	1	-1
4320000	1	7.672715419939e+14	-6887428822794	-1.377485764559e+13	0.1589592115965	1	1	1	-1
4340000	1	7.682237566389e+14	-6893060449780	-1.378612089956e+13	0.1586677785057	1	1	1	-1
4360000	1	7.691742662092e+14	-6898445195492	-1.379689039098e+13	0.1583903967854	1	1	1	-1
4380000	1	7.701231538321e+14	-6903585890704	-1.380717178141e+13	0.1581266940402	1	1	1	-1
4400000	1	7.710705004395e+14	-6908485268789	-1.381697053758e+13	0.1578763103868	1	1	1	-1
4420000	1	7.720163848419e+14	-6913145969702	-1.38262919394e+13	0.1576388979639	1	1	1	-1
4440000	1	7.72960883799e+14	-6917570543795	-1.383514108759e+13	0.1574141204626	1	1	1	-1
4460000	1	7.739040720875e+14	-6921761455510	-1.384352291102e+13	0.1572016526775	1	1	1	-1
4480000	1	7.748460225664e+14	-6925721086919	-1.385144217384e+13	0.1570011800763	1	1	1	-1
4500000	1	7.757868062398e+14	-6929451741140	-1.385890348228e+13	0.1568123983884	1	1	1	-1
4520000	1	7.767264923173e+14	-6932955645624	-1.386591129125e+13	0.1566350132098	1	1	1	-1
4540000	1	7.776651482718e+14	-6936234955322	-1.387246991064e+13	0.1564687396263	1	1	1	-1
4560000	1	7.786028398954e+14	-6939291755734	-1.387858351147e+13	0.1563133018511	1	1	1	-1
4580000	1	7.795396313534e+14	-6942128065843	-1.388425613169e+13	0.1561684328781	1	1	1	-1
4600000	1	7.804755852353e+14	-6944745840948	-1.38894916819e+13	0.1560338741501	1	1	1	-1
4620000	1	7.814107626051e+14	-6947146975389	-1.389429395078e+13	0.1559093752403	1	1	1	-1
4640000	1	7.823452230488e+14	-6949333305169	-1.389866661034e+13	0.1557946935469	1	1	1	-1
4660000	1	7.832790247205e+14	-6951306610490	-1.390261322098e+13	0.1556895940014	1	1	1	-1
4680000	1	7.842122243869e+14	-6953068618187	-1.390613723637e+13	0.1555938487872	1	1	1	-1
4700000	1	7.851448774695e+14	-6954621004081	-1.390924200816e+13	0.1555072370713	1	1	1	-1
4720000	1	7.860770380864e+14	-6955965395246	-1.391193079049e+13	0.1554295447463	1	1	1	-1
4740000	1	7.870087590912e+14	-6957103372187	-1.391420674437e+13	0.155360564183	1	1	1	-1
4760000	1	7.879400921115e+14	-6958036470954	-1.391607294191e+13	0.1553000939926	1	1	1	-1
4780000	1	7.888710875855e+14	-6958766185167	-1.391753237033e+13	0.1552479387996	1	1	1	-1
4800000	1	7.898017947976e+14	-6959293967976	-1.391858793595e+13	0.155203909023	1	1	1	-1
4820000	1	7.907322619121e+14	-6959621233949	-1.39192424679e+13	0.155167820666	1	1	1	-1
4840000	1	7.916625360065e+14	-6959749360893	-1.391949872179e+13	0.1551394951155	1	1	1	-1
4860000	1	7.92592663103e+14	-6959679691615	-1.391935938323e+13	0.1551187589477	1	1	1	-1
4880000	1	7.935226881989e+14	-6959413535610	-1.391882707122e+13	0.1551054437431	1	1	1	-1
4900000	1	7.944526552965e+14	-6958952170704	-1.391790434141e+13	0.1550993859078	1	1	1	-1
4920000	1	7.953826074311e+14	-6958296844628	-1.391659368926e+13	0.1551004265022	1	1	1	-1
4940000	1	7.963125866985e+14	-6957448776538	-1.391489755308e+13	0.1551084110763	1	1	1	-1
4960000	1	7.972426342817e+14	-6956409158494	-1.391281831699e+13	0.1551231895113	1	1	1	-1
4980000	1	7.98172790476e+14	-6955179156867	-1.391035831373e+13	0.1551446158679	1	1	1	-1
5000000	1	7.991030947139e+14	-6953759913715	-1.390751982743e+13	0.1551725482399	1	1	1	-1
5020000	1	8.000335855889e+14	-6952152548102	-1.39043050962e+13	0.1552068486137	1	1	1	-1
5040000	1	8.009643008783e+14	-6950358157372	-1.390071631474e+13	0.1552473827329	1	1	1	-1
5060000	1	8.018952775652e+14	-6948377818383	-1.389675563677e+13	0.1552940199687	1	1	1	-1
5080000	1	8.028265518601e+14	-6946212588690	-1.389242517738e+13	0.1553466331947	1	1	1	-1
5100000	1	8.037581592217e+14	-6943863507698	-1.38877270154e+13	0.1554050986666	1	1	1	-1
5120000	1	8.046901343761e+14	-6941331597764	-1.388266319553e+13	0.1554692959065	1	1	1	-1
5140000	1	8.056225113371e+14	-6938617865268	-1.387723573054e+13	0.1555391075917	1	1	1	-1
5160000	1	8.065553234239e+14	-6935723301643	-1.387144660329e+13	0.155614419447	1	1	1	-1
5180000	1	8.074886032794e+14	-6932648884373	-1.386529776875e+13	0.1556951201422	1	1	1	-1
5200000	1	8.084223828877e+14	-6929395577951	-1.38587911559e+13	0.1557811011924	1	1	1	-1
5220000	1	8.093566935908e+14	-6925964334809	-1.385192866962e+13	0.1558722568622	1	1	1	-1
5240000	1	8.102915661044e+14	-6922356096210	-1.384471219242e+13	0.155968484074	1	1	1	-1
5260000	1	8.112270305342e+14	-6918571793114	-1.383714358623e+13	0.1560696823188	1	1	1	-1
5280000	1	8.121631163908e+14	-6914612347010	-1.382922469402e+13	0.1561757535713	1	1	1	-1
5300000	1	8.13099852604e+14	-6910478670721	-1.382095734144e+13	0.156286602207	1	1	1	-1
5320000	1	8.140372675374e+14	-6906171669176	-1.381234333835e+13	0.1564021349232	1	1	1	-1
5340000	1	8.149753890021e+14	-6901692240163	-1.380338448033e+13	0.1565222606623	1	1	1	-1
5360000	1	8.159142442695e+14	-6897041275044	-1.379408255009e+13	0.1566468905386	1	1	1	-1
5380000	1	8.168538600847e+14	-6892219659455	-1.378443931891e+13	0.1567759377664	1	1	1	-1
5400000	1	8.177942626782e+14	-6887228273972	-1.377445654794e+13	0.1569093175925	1	1	1	-1
5420000	1	8.187354777784e+14	-6882067994761	-1.376413598952e+13	0.1570469472294	1	1	1	-1
5440000	1	8.196775306234e+14	-6876739694195	-1.375347938839e+13	0.1571887457919	1	1	1	-1
5460000	1	8.206204459713e+14	-6871244241453	-1.374248848291e+13	0.157334634236	1	1	1	-1
5480000	1	8.21564248112e+14	-6865582503103	-1.373116500621e+13	0.1574845352991	1	1	1	-1
5500000	1	8.225089608772e+14	-6859755343647	-1.371951068729e+13	0.1576383734431	1	1	1	-1
5520000	1	8.234546076509e+14	-6853763626063	-1.370752725213e+13	0.1577960747997	1	1	1	-1
5540000	1	8.244012113789e+14	-6847608212311	-1.369521642462e+13	0.1579575671163	1	1	1	-1
5560000	1	8.253487945785e+14	-6841289963834	-1.368257992767e+13	0.1581227797058	1	1	1	-1
5580000	1	8.262973793477e+14	-6834809742023	-1.366961948405e+13	0.158291643396	1	1	1	-1
5600000	1	8.272469873744e+14	-6828168408679	-1.365633681736e+13	0.1584640904826	1	1	1	-1
5620000	1	8.281976399446e+14	-6821366826446	-1.364273365289e+13	0.1586400546827	1	1	1	-1
5640000	1	8.291493579511e+14	-6814405859227	-1.362881171845e+13	0.1588194710903	1	1	1	-1
5660000	1	8.301021619017e+14	-6807286372592	-1.361457274518e+13	0.1590022761335	1	1	1	-1
5680000	1	8.310560719268e+14	-6800009234156	-1.360001846831e+13	0.1591884075327	1	1	1	-1
5700000	1	8.32011107787e+14	-6792575313947	-1.358515062789e+13	0.1593778042608	1	1	1	-1
5720000	1	8.329672888809e+14	-6784985484758	-1.356997096952e+13	0.1595704065043	1	1	1	-1
5740000	1	8.339246342519e+14	-6777240622485	-1.355448124497e+13	0.159766155626	1	1	1	-1
5760000	1	8.348831625953e+14	-6769341606443	-1.353868321289e+13	0.1599649941291	1	1	1	-1
5780000	1	8.35842892265e+14	-6761289319671	-1.352257863934e+13	0.160166865622	1	1	1	-1
5800000	1	8.368038412799e+14	-6753084649225	-1.350616929845e+13	0.160371714785	1	1	1	-1
5820000	1	8.377660273304e+14	-6744728486452	-1.34894569729e+13	0.1605794873376	1	1	1	-1
5840000	1	8.387294677846e+14	-6736221727251	-1.34724434545e+13	0.160790130007	1	1	1	-1
5860000	1	8.39694179694e+14	-6727565272323	-1.345513054465e+13	0.161003590498	1	1	1	-1
5880000	1	8.406601797993e+14	-6718760027406	-1.343752005481e+13	0.1612198174635	1	1	1	-1
5900000	1	8.416274845365e+14	-6709806903493	-1.341961380699e+13	0.1614387604764	1	1	1	-1
5920000	1	8.425961100414e+14	-6700706817046	-1.340141363409e+13	0.161660370002	1	1	1	-1
5940000	1	8.435660721558e+14	-6691460690189	-1.338292138038e+13	0.1618845973718	1	1	1	-1
5960000	1	8.445373864322e+14	-6682069450891	-1.336413890178e+13	0.1621113947578	1	1	1	-1
5980000	1	8.455100681385e+14	-6672534033144	-1.334506806629e+13	0.162340715148	1	1	1	-1
6000000	1	8.464841322634e+14	-6662855377116	-1.332571075423e+13	0.1625725123225	1	1	1	-1
6020000	1	8.474595935206e+14	-6653034429308	-1.330606885862e+13	0.1628067408303	1	1	1	-1
6040000	1	8.484364663538e+14	-6643072142683	-1.328614428537e+13	0.1630433559675	1	1	1	-1
6060000	1	8.494147649405e+14	-6632969476802	-1.32659389536e+13	0.1632823137554	1	1	1	-1
6080000	1	8.503945031968e+14	-6622727397933	-1.324545479587e+13	0.1635235709199	1	1	1	-1
6100000	1	8.513756947816e+14	-6612346879161	-1.322469375832e+13	0.1637670848715	1	1	1	-1
6120000	1	8.523583531e+14	-6601828900483	-1.320365780097e+13	0.1640128136857	1	1	1	-1
6140000	1	8.53342491308e+14	-6591174448890	-1.318234889778e+13	0.1642607160846	1	1	1	-1
6160000	1	8.54328122316e+14	-6580384518448	-1.31607690369e+13	0.1645107514186	1	1	1	-1
6180000	1	8.553152587923e+14	-6569460110361	-1.313892022072e+13	0.164762879649	1	1	1	-1
6200000	1	8.563039131671e+14	-6558402233027	-1.311680446605e+13	0.1650170613311	1	1	1	-1
6220000	1	8.572940976358e+14	-6547211902087	-1.309442380417e+13	0.1652732575979	1	1	1	-1
6240000	1	8.582858241623e+14	-6535890140462	-1.307178028092e+13	0.1655314301444	1	1	1	-1
6260000	1	8.592791044829e+14	-6524437978385	-1.304887595677e+13	0.1657915412123	1	1	1	-1
6280000	1	8.602739501085e+14	-6512856453421	-1.302571290684e+13	0.1660535535755	1	1	1	-1
6300000	1	8.612703723289e+14	-6501146610476	-1.300229322095e+13	0.1663174305258	1	1	1	-1
6320000	1	8.622683822149e+14	-6489309501808	-1.297861900362e+13	0.1665831358589	1	1	1	-1
6340000	1	8.632679906221e+14	-6477346187019	-1.295469237404e+13	0.166850633862	1	1	1	-1
6360000	1	8.642692081931e+14	-6465257733042	-1.293051546608e+13	0.1671198893001	1	1	1	-1
6380000	1	8.652720453608e+14	-6453045214128	-1.290609042826e+13	0.1673908674044	1	1	1	-1
6400000	1	8.662765123509e+14	-6440709711813	-1.288141942363e+13	0.1676635338599	1	1	1	-1
6420000	1	8.672826191847e+14	-6428252314886	-1.285650462977e+13	0.1679378547942	1	1	1	-1
6440000	1	8.682903756819e+14	-6415674119350	-1.28313482387e+13	0.1682137967665	1	1	1	-1
6460000	1	8.692997914626e+14	-6402976228370	-1.280595245674e+13	0.1684913267566	1	1	1	-1
6480000	1	8.703108759505e+14	-6390159752222	-1.278031950444e+13	0.1687704121547	1	1	1	-1
6500000	1	8.713236383748e+14	-6377225808226	-1.275445161645e+13	0.1690510207518	1	1	1	-1
6520000	1	8.723380877727e+14	-6364175520685	-1.272835104137e+13	0.1693331207295	1	1	1	-1
6540000	1	8.73354232992e+14	-6351010020803	-1.270202004161e+13	0.1696166806513	1	1	1	-1
6560000	1	8.743720826929e+14	-6337730446611	-1.267546089322e+13	0.1699016694533	1	1	1	-1
6580000	1	8.753916453506e+14	-6324337942876	-1.264867588575e+13	0.1701880564358	1	1	1	-1
6600000	1	8.764129292571e+14	-6310833661009	-1.262166732202e+13	0.1704758112549	1	1	1	-1
6620000	1	8.774359425238e+14	-6297218758970	-1.259443751794e+13	0.1707649039146	1	1	1	-1
6640000	1	8.78460693083e+14	-6283494401162	-1.256698880232e+13	0.171055304759	1	1	1	-1
6660000	1	8.794871886904e+14	-6269661758319	-1.253932351664e+13	0.171346984465	1	1	1	-1
6680000	1	8.805154369268e+14	-6255722007400	-1.25114440148e+13	0.1716399140352	1	1	1	-1
6700000	1	8.815454451999e+14	-6241676331463	-1.248335266293e+13	0.1719340647906	1	1	1	-1
6720000	1	8.825772207466e+14	-6227525919541	-1.245505183908e+13	0.1722294083644	1	1	1	-1
6740000	1	8.836107706347e+14	-6213271966518	-1.242654393304e+13	0.1725259166958	1	1	1	-1
6760000	1	8.846461017644e+14	-6198915672993	-1.239783134599e+13	0.1728235620232	1	1	1	-1
6780000	1	8.856832208706e+14	-6184458245139	-1.236891649028e+13	0.1731223168787	1	1	1	-1
6800000	1	8.867221345241e+14	-6169900894568	-1.233980178914e+13	0.1734221540826	1	1	1	-1
6820000	1	8.877628491338e+14	-6155244838177	-1.231048967635e+13	0.1737230467375	1	1	1	-1
6840000	1	8.88805370948e+14	-6140491298007	-1.228098259601e+13	0.1740249682234	1	1	1	-1
6860000	1	8.898497060564e+14	-6125641501078	-1.225128300216e+13	0.1743278921924	1	1	1	-1
6880000	1	8.908958603914e+14	-6110696679243	-1.222139335849e+13	0.1746317925639	1	1	1	-1
6900000	1	8.919438397297e+14	-6095658069018	-1.219131613804e+13	0.1749366435201	1	1	1	-1
6920000	1	8.929936496943e+14	-6080526911421	-1.216105382284e+13	0.1752424195014	1	1	1	-1
6940000	1	8.940452957555e+14	-6065304451806	-1.213060890361e+13	0.1755490952021	1	1	1	-1
6960000	1	8.950987832324e+14	-6049991939689	-1.209998387938e+13	0.1758566455662	1	1	1	-1
6980000	1	8.961541172952e+14	-6034590628576	-1.206918125715e+13	0.1761650457836	1	1	1	-1
7000000	1	8.972113029654e+14	-6019101775788	-1.203820355158e+13	0.1764742712861	1	1	1	-1
7020000	1	8.982703451185e+14	-6003526642277	-1.200705328455e+13	0.176784297744	1	1	1	-1
7040000	1	8.993312484843e+14	-5987866492450	-1.19757329849e+13	0.1770951010623	1	1	1	-1
7060000	1	9.003940176493e+14	-5972122593983	-1.194424518797e+13	0.1774066573776	1	1	1	-1
7080000	1	9.014586570572e+14	-5956296217632	-1.191259243526e+13	0.1777189430548	1	1	1	-1
7100000	1	9.025251710111e+14	-5940388637050	-1.18807772741e+13	0.1780319346839	1	1	1	-1
7120000	1	9.035935636739e+14	-5924401128590	-1.184880225718e+13	0.1783456090774	1	1	1	-1
7140000	1	9.046638390705e+14	-5908334971122	-1.181666994224e+13	0.178659943267	1	1	1	-1
7160000	1	9.057360010886e+14	-5892191445828	-1.178438289166e+13	0.1789749145013	1	1	1	-1
7180000	1	9.068100534802e+14	-5875971836018	-1.175194367204e+13	0.179290500243	1	1	1	-1
7200000	1	9.078859998627e+14	-5859677426924	-1.171935485385e+13	0.1796066781663	1	1	1	-1
7220000	1	9.089638437203e+14	-5843309505509	-1.168661901102e+13	0.1799234261551	1	1	1	-1
7240000	1	9.100435884054e+14	-5826869360264	-1.165373872053e+13	0.1802407223001	1	1	1	-1
7260000	1	9.111252371393e+14	-5810358281006	-1.162071656201e+13	0.1805585448969	1	1	1	-1
7280000	1	9.122087930141e+14	-5793777558685	-1.158755511737e+13	0.180876872444	1	1	1	-1
7300000	1	9.132942589933e+14	-5777128485172	-1.155425697034e+13	0.1811956836408	1	1	1	-1
7320000	1	9.143816379136e+14	-5760412353064	-1.152082470613e+13	0.1815149573855	1	1	1	-1
7340000	1	9.154709324855e+14	-5743630455478	-1.148726091096e+13	0.1818346727737	1	1	1	-1
7360000	1	9.165621452949e+14	-5726784085846	-1.145356817169e+13	0.1821548090964	1	1	1	-1
7380000	1	9.17655278804e+14	-5709874537716	-1.141974907543e+13	0.1824753458382	1	1	1	-1
7400000	1	9.187503353527e+14	-5692903104545	-1.138580620909e+13	0.1827962626764	1	1	1	-1
7420000	1	9.198473171595e+14	-5675871079494	-1.135174215899e+13	0.1831175394786	1	1	1	-1
7440000	1	9.209462263228e+14	-5658779755227	-1.131755951045e+13	0.1834391563022	1	1	1	-1
7460000	1	9.22047064822e+14	-5641630423706	-1.128326084741e+13	0.1837610933923	1	1	1	-1
7480000	1	9.231498345187e+14	-5624424375989	-1.124884875198e+13	0.1840833311809	1	1	1	-1
7500000	1	9.242545371575e+14	-5607162902023	-1.121432580405e+13	0.1844058502853	1	1	1	-1
7520000	1	9.253611743676e+14	-5589847290447	-1.117969458089e+13	0.1847286315073	1	1	1	-1
7540000	1	9.264697476634e+14	-5572478828388	-1.114495765678e+13	0.1850516558316	1	1	1	-1
7560000	1	9.275802584461e+14	-5555058801257	-1.111011760251e+13	0.1853749044255	1	1	1	-1
7580000	1	9.286927080044e+14	-5537588492553	-1.107517698511e+13	0.1856983586368	1	1	1	-1
7600000	1	9.298070975155e+14	-5520069183663	-1.104013836733e+13	0.1860219999941	1	1	1	-1
7620000	1	9.309234280466e+14	-5502502153662	-1.100500430732e+13	0.1863458102046	1	1	1	-1
7640000	1	9.320417005559e+14	-5484888679115	-1.096977735823e+13	0.1866697711541	1	1	1	-1
7660000	1	9.331619158932e+14	-5467230033885	-1.093446006777e+13	0.1869938649061	1	1	1	-1
7680000	1	9.342840748014e+14	-5449527488934	-1.089905497787e+13	0.1873180737003	1	1	1	-1
7700000	1	9.354081779176e+14	-5431782312132	-1.086356462426e+13	0.1876423799526	1	1	1	-1
7720000	1	9.365342257739e+14	-5413995768067	-1.082799153613e+13	0.1879667662541	1	1	1	-1
7740000	1	9.376622187983e+14	-5396169117851	-1.07923382357e+13	0.1882912153702	1	1	1	-1
7760000	1	9.387921573163e+14	-5378303618931	-1.075660723786e+13	0.1886157102403	1	1	1	-1
7780000	1	9.399240415516e+14	-5360400524909	-1.072080104982e+13	0.1889402339766	1	1	1	-1
7800000	1	9.41057871627e+14	-5342461085348	-1.06849221707e+13	0.1892647698642	1	1	1	-1
7820000	1	9.421936475656e+14	-5324486545594	-1.064897309119e+13	0.1895893013598	1	1	1	-1
7840000	1	9.43331369292e+14	-5306478146597	-1.061295629319e+13	0.1899138120916	1	1	1	-1
7860000	1	9.444710366331e+14	-5288437124725	-1.057687424945e+13	0.1902382858587	1	1	1	-1
7880000	1	9.45612649319e+14	-5270364711592	-1.054072942318e+13	0.1905627066301	1	1	1	-1
7900000	1	9.467562069844e+14	-5252262133883	-1.050452426777e+13	0.1908870585448	1	1	1	-1
7920000	1	9.479017091693e+14	-5234130613180	-1.046826122636e+13	0.191211325911	1	1	1	-1
7940000	1	9.490491553201e+14	-5215971365792	-1.043194273158e+13	0.1915354932055	1	1	1	-1
7960000	1	9.501985447907e+14	-5197785602586	-1.039557120517e+13	0.1918595450735	1	1	1	-1
7980000	1	9.513498768434e+14	-5179574528824	-1.035914905765e+13	0.1921834663278	1	1	1	-1
8000000	1	9.525031506499e+14	-5161339343998	-1.0322678688e+13	0.1925072419488	1	1	1	-1
8020000	1	9.536583652925e+14	-5143081241671	-1.028616248334e+13	0.1928308570835	1	1	1	-1
8040000	1	9.548155197647e+14	-5124801409318	-1.024960281864e+13	0.1931542970454	1	1	1	-1
8060000	1	9.559746129727e+14	-5106501028170	-1.021300205634e+13	0.1934775473142	1	1	1	-1
8080000	1	9.57135643736e+14	-5088181273063	-1.017636254613e+13	0.193800593535	1	1	1	-1
8100000	1	9.582986107885e+14	-5069843312288	-1.013968662458e+13	0.1941234215181	1	1	1	-1
8120000	1	9.594635127795e+14	-5051488307444	-1.010297661489e+13	0.1944460172385	1	1	1	-1
8140000	1	9.606303482748e+14	-5033117413292	-1.006623482658e+13	0.1947683668357	1	1	1	-1
8160000	1	9.617991157576e+14	-5014731777614	-1.002946355523e+13	0.1950904566127	1	1	1	-1
8180000	1	9.629698136293e+14	-4996332541079	-9992665082158	0.1954122730364	1	1	1	-1
8200000	1	9.641424402108e+14	-4977920837100	-9955841674200	0.1957338027366	1	1	1	-1
8220000	1	9.653169937433e+14	-4959497791706	-9918995583412	0.1960550325056	1	1	1	-1
8240000	1	9.664934723892e+14	-4941064523413	-9882129046826	0.1963759492982	1	1	1	-1
8260000	1	9.676718742333e+14	-4922622143093	-9845244286187	0.1966965402307	1	1	1	-1
8280000	1	9.688521972835e+14	-4904171753856	-9808343507713	0.1970167925811	1	1	1	-1
8300000	1	9.700344394721e+14	-4885714450925	-9771428901850	0.1973366937879	1	1	1	-1
8320000	1	9.712185986563e+14	-4867251321520	-9734502643040	0.1976562314504	1	1	1	-1
8340000	1	9.724046726196e+14	-4848783444743	-9697566889486	0.197975393328	1	1	1	-1
8360000	1	9.735926590726e+14	-4830311891469	-9660623782938	0.1982941673394	1	1	1	-1
8380000	1	9.747825556539e+14	-4811837724235	-9623675448469	0.1986125415627	1	1	1	-1
8400000	1	9.759743599311e+14	-4793361997136	-9586723994272	0.1989305042345	1	1	1	-1
8420000	1	9.771680694016e+14	-4774885755724	-9549771511449	0.1992480437497	1	1	1	-1
8440000	1	9.78363681494e+14	-4756410036909	-9512820073818	0.1995651486608	1	1	1	-1
8460000	1	9.795611935684e+14	-4737935868861	-9475871737722	0.1998818076776	1	1	1	-1
8480000	1	9.807606029179e+14	-4719464270921	-9438928541842	0.2001980096667	1	1	1	-1
8500000	1	9.819619067692e+14	-4700996253511	-9401992507021	0.2005137436508	1	1	1	-1
8520000	1	9.831651022837e+14	-4682532818045	-9365065636090	0.2008289988081	1	1	1	-1
8540000	1	9.843701865585e+14	-4664074956851	-9328149913701	0.2011437644724	1	1	1	-1
8560000	1	9.855771566269e+14	-4645623653086	-9291247306173	0.2014580301318	1	1	1	-1
8580000	1	9.867860094599e+14	-4627179880666	-9254359761332	0.2017717854284	1	1	1	-1
8600000	1	9.879967419668e+14	-4608744604185	-9217489208370	0.202085020158	1	1	1	-1
8620000	1	9.892093509961e+14	-4590318778850	-9180637557700	0.2023977242692	1	1	1	-1
8640000	1	9.904238333366e+14	-4571903350413	-9143806700825	0.202709887863	1	1	1	-1
8660000	1	9.916401857181e+14	-4553499255105	-9106998510210	0.2030215011921	1	1	1	-1
8680000	1	9.928584048124e+14	-4535107419578	-9070214839155	0.2033325546602	1	1	1	-1
8700000	1	9.940784872344e+14	-4516728760845	-9033457521689	0.2036430388218	1	1	1	-1
8720000	1	9.953004295425e+14	-4498364186226	-8996728372452	0.2039529443809	1	1	1	-1
8740000	1	9.965242282402e+14	-4480014593297	-8960029186594	0.2042622621909	1	1	1	-1
8760000	1	9.977498797762e+14	-4461680869841	-8923361739682	0.2045709832538	1	1	1	-1
8780000	1	9.98977380546e+14	-4443363893801	-8886727787603	0.2048790987193	1	1	1	-1
8800000	1	1.000206726892e+15	-4425064533242	-8850129066483	0.2051865998845	1	1	1	-1
8820000	1	1.001437915106e+15	-4406783646304	-8813567292607	0.2054934781929	1	1	1	-1
8840000	1	1.002670941428e+15	-4388522081172	-8777044162345	0.2057997252336	1	1	1	-1
8860000	1	1.003905802047e+15	-4370280676042	-8740561352084	0.2061053327412	1	1	1	-1
8880000	1	1.005142493106e+15	-4352060259085	-8704120518169	0.2064102925942	1	1	1	-1
8900000	1	1.006381010696e+15	-4333861648423	-8667723296847	0.2067145968149	1	1	1	-1
8920000	1	1.007621350863e+15	-4315685652106	-8631371304212	0.2070182375683	1	1	1	-1
8940000	1	1.008863509606e+15	-4297533068085	-8595066136170	0.2073212071616	1	1	1	-1
8960000	1	1.010107482878e+15	-4279404684195	-8558809368389	0.2076234980433	1	1	1	-1
8980000	1	1.011353266588e+15	-4261301278138	-8522602556277	0.207925102802	1	1	1	-1
9000000	1	1.012600856598e+15	-4243223617472	-8486447234944	0.2082260141664	1	1	1	-1
9020000	1	1.013850248732e+15	-4225172459594	-8450344919188	0.2085262250038	1	1	1	-1
9040000	1	1.015101438766e+15	-4207148551736	-8414297103472	0.2088257283195	1	1	1	-1
9060000	1	1.016354422439e+15	-4189152630958	-8378305261916	0.2091245172563	1	1	1	-1
9080000	1	1.017609195447e+15	-4171185424144	-8342370848287	0.2094225850928	1	1	1	-1
9100000	1	1.018865753447e+15	-4153247648000	-8306495296001	0.2097199252435	1	1	1	-1
9120000	1	1.020124092055e+15	-4135340009062	-8270680018123	0.2100165312571	1	1	1	-1
9140000	1	1.021384206852e+15	-4117463203690	-8234926407380	0.2103123968165	1	1	1	-1
9160000	1	1.022646093379e+15	-4099617918085	-8199235836169	0.2106075157368	1	1	1	-1
9180000	1	1.02390974714e+15	-4081804828289	-8163609656579	0.2109018819655	1	1	1	-1
9200000	1	1.025175163606e+15	-4064024600206	-8128049200412	0.2111954895807	1	1	1	-1
9220000	1	1.02644233821e+15	-4046277889606	-8092555779212	0.2114883327908	1	1	1	-1
9240000	1	1.027711266352e+15	-4028565342148	-8057130684296	0.2117804059332	1	1	1	-1
9260000	1	1.028981943398e+15	-4010887593395	-8021775186790	0.2120717034735	1	1	1	-1
9280000	1	1.030254364681e+15	-3993245268837	-7986490537674	0.2123622200045	1	1	1	-1
9300000	1	1.031528525503e+15	-3975638983910	-7951277967820	0.2126519502454	1	1	1	-1
9320000	1	1.032804421134e+15	-3958069344024	-7916138688048	0.2129408890404	1	1	1	-1
9340000	1	1.034082046813e+15	-3940536944590	-7881073889179	0.2132290313582	1	1	1	-1
9360000	1	1.03536139775e+15	-3923042371044	-7846084742089	0.2135163722908	1	1	1	-1
9380000	1	1.036642469125e+15	-3905586198886	-7811172397773	0.2138029070525	1	1	1	-1
9400000	1	1.03792525609e+15	-3888168993706	-7776337987412	0.2140886309789	1	1	1	-1
9420000	1	1.039209753771e+15	-3870791311220	-7741582622440	0.2143735395259	1	1	1	-1
9440000	1	1.040495957266e+15	-3853453697311	-7706907394621	0.2146576282689	1	1	1	-1
9460000	1	1.041783861645e+15	-3836156688060	-7672313376120	0.2149408929013	1	1	1	-1
9480000	1	1.043073461954e+15	-3818900809795	-7637801619589	0.2152233292338	1	1	1	-1
9500000	1	1.044364753217e+15	-3801686579123	-7603373158247	0.2155049331935	1	1	1	-1
9520000	1	1.045657730428e+15	-3784514502985	-7569029005969	0.2157857008225	1	1	1	-1
9540000	1	1.046952388563e+15	-3767385078689	-7534770157378	0.216065628277	1	1	1	-1
9560000	1	1.048248722573e+15	-3750298793967	-7500597587935	0.2163447118264	1	1	1	-1
9580000	1	1.049546727387e+15	-3733256127020	-7466512254039	0.2166229478521	1	1	1	-1
9600000	1	1.050846397912e+15	-3716257546563	-7432515093126	0.2169003328463	1	1	1	-1
9620000	1	1.052147729036e+15	-3699303511886	-7398607023771	0.2171768634113	1	1	1	-1
9640000	1	1.053450715626e+15	-3682394472898	-7364788945796	0.2174525362582	1	1	1	-1
9660000	1	1.054755352529e+15	-3665530870188	-7331061740376	0.2177273482056	1	1	1	-1
9680000	1	1.056061634575e+15	-3648713135075	-7297426270150	0.2180012961792	1	1	1	-1
9700000	1	1.057369556574e+15	-3631941689669	-7263883379339	0.21827437721	1	1	1	-1
9720000	1	1.058679113319e+15	-3615216946928	-7230433893857	0.2185465884336	1	1	1	-1
9740000	1	1.059990299587e+15	-3598539310717	-7197078621433	0.218817927089	1	1	1	-1
9760000	1	1.061303110138e+15	-3581909175866	-7163818351733	0.2190883905177	1	1	1	-1
9780000	1	1.062617539717e+15	-3565326928239	-7130653856479	0.2193579761622	1	1	1	-1
9800000	1	1.063933583053e+15	-3548792944790	-7097585889579	0.2196266815654	1	1	1	-1
9820000	1	1.065251234862e+15	-3532307593627	-7064615187254	0.2198945043691	1	1	1	-1
9840000	1	1.066570489844e+15	-3515871234083	-7031742468167	0.2201614423134	1	1	1	-1
9860000	1	1.067891342687e+15	-3499484216777	-6998968433554	0.220427493235	1	1	1	-1
9880000	1	1.069213788067e+15	-3483146883679	-6966293767358	0.2206926550664	1	1	1	-1
9900000	1	1.070537820647e+15	-3466859568184	-6933719136367	0.2209569258351	1	1	1	-1
9920000	1	1.071863435079e+15	-3450622595175	-6901245190349	0.2212203036619	1	1	1	-1
9940000	1	1.073190626002e+15	-3434436281095	-6868872562190	0.2214827867602	1	1	1	-1
9960000	1	1.074519388049e+15	-3418300934018	-6836601868036	0.221744373435	1	1	1	-1
9980000	1	1.075849715838e+15	-3402216853717	-6804433707435	0.2220050620815	1	1	1	-1
10000000	1	1.077181603981e+15	-3386184331739	-6772368663478	0.2222648511842	1	1	1	-1
10020000	1	1.07851504708e+15	-3370203651474	-6740407302948	0.2225237393156	1	1	1	-1
10040000	1	1.079850039729e+15	-3354275088231	-6708550176462	0.2227817251355	1	1	1	-1
10060000	1	1.081186576513e+15	-3338398909310	-6676797818621	0.2230388073895	1	1	1	-1
10080000	1	1.082524652012e+15	-3322575374077	-6645150748155	0.2232949849082	1	1	1	-1
10100000	1	1.083864260798e+15	-3306804734038	-6613609468077	0.223550256606	1	1	1	-1
10120000	1	1.085205397436e+15	-3291087232914	-6582174465829	0.2238046214801	1	1	1	-1
10140000	1	1.086548056487e+15	-3275423106718	-6550846213437	0.2240580786091	1	1	1	-1
10160000	1	1.087892232505e+15	-3259812583830	-6519625167660	0.2243106271525	1	1	1	-1
10180000	1	1.089237920041e+15	-3244255885073	-6488511770147	0.2245622663491	1	1	1	-1
10200000	1	1.090585113639e+15	-3228753223793	-6457506447586	0.2248129955162	1	1	1	-1
10220000	1	1.091933807841e+15	-3213304805931	-6426609611862	0.2250628140485	1	1	1	-1
10240000	1	1.093283997187e+15	-3197910830106	-6395821660213	0.225311721417	1	1	1	-1
10260000	1	1.09463567621e+15	-3182571487690	-6365142975381	0.2255597171679	1	1	1	-1
10280000	1	1.095988839445e+15	-3167286962886	-6334573925772	0.2258068009217	1	1	1	-1
10300000	1	1.097343481422e+15	-3152057432807	-6304114865614	0.226052972372	1	1	1	-1
10320000	1	1.098699596671e+15	-3136883067554	-6273766135108	0.2262982312845	1	1	1	-1
10340000	1	1.100057179718e+15	-3121764030296	-6243528060592	0.2265425774959	1	1	1	-1
10360000	1	1.101416225092e+15	-3106700477348	-6213400954696	0.2267860109131	1	1	1	-1
10380000	1	1.10277672732e+15	-3091692558248	-6183385116497	0.2270285315119	1	1	1	-1
10400000	1	1.104138680928e+15	-3076740415841	-6153480831682	0.2272701393359	1	1	1	-1
10420000	1	1.105502080444e+15	-3061844186352	-6123688372704	0.2275108344961	1	1	1	-1
10440000	1	1.106866920396e+15	-3047003999470	-6094007998939	0.227750617169	1	1	1	-1
10460000	1	1.108233195314e+15	-3032219978424	-6064439956847	0.2279894875962	1	1	1	-1
10480000	1	1.109600899729e+15	-3017492240064	-6034984480128	0.2282274460832	1	1	1	-1
10500000	1	1.110970028174e+15	-3002820894940	-6005641789880	0.2284644929986	1	1	1	-1
10520000	1	1.112340575185e+15	-2988206047380	-5976412094759	0.2287006287725	1	1	1	-1
10540000	1	1.113712535299e+15	-2973647795568	-5947295591137	0.2289358538965	1	1	1	-1
10560000	1	1.11508590306e+15	-2959146231628	-5918292463256	0.2291701689217	1	1	1	-1
10580000	1	1.116460673011e+15	-2944701441696	-5889402883391	0.2294035744584	1	1	1	-1
10600000	1	1.117836839702e+15	-2930313506001	-5860627012002	0.229636071175	1	1	1	-1
10620000	1	1.119214397685e+15	-2915982498947	-5831964997895	0.2298676597968	1	1	1	-1
10640000	1	1.120593341519e+15	-2901708489187	-5803416978373	0.2300983411052	1	1	1	-1
10660000	1	1.121973665764e+15	-2887491539700	-5774983079401	0.230328115937	1	1	1	-1
10680000	1	1.12335536499e+15	-2873331707875	-5746663415751	0.230556985183	1	1	1	-1
10700000	1	1.124738433768e+15	-2859229045582	-5718458091165	0.2307849497874	1	1	1	-1
10720000	1	1.126122866678e+15	-2845183599253	-5690367198507	0.2310120107465	1	1	1	-1
10740000	1	1.127508658305e+15	-2831195409958	-5662390819916	0.2312381691086	1	1	1	-1
10760000	1	1.12889580324e+15	-2817264513481	-5634529026961	0.2314634259719	1	1	1	-1
10780000	1	1.130284296082e+15	-2803390940397	-5606781880794	0.2316877824846	1	1	1	-1
10800000	1	1.131674131435e+15	-2789574716150	-5579149432300	0.2319112398437	1	1	1	-1
10820000	1	1.133065303913e+15	-2775815861126	-5551631722251	0.2321337992937	1	1	1	-1
10840000	1	1.134457808134e+15	-2762114390728	-5524228781457	0.2323554621262	1	1	1	-1
10860000	1	1.135851638728e+15	-2748470315456	-5496940630912	0.2325762296791	1	1	1	-1
10880000	1	1.137246790331e+15	-2734883640975	-5469767281950	0.2327961033353	1	1	1	-1
10900000	1	1.138643257586e+15	-2721354368194	-5442708736388	0.2330150845219	1	1	1	-1
10920000	1	1.140041035147e+15	-2707882493338	-5415764986676	0.23323317471	1	1	1	-1
10940000	1	1.141440117677e+15	-2694468008021	-5388936016042	0.2334503754128	1	1	1	-1
10960000	1	1.142840499847e+15	-2681110899322	-5362221798643	0.2336666881856	1	1	1	-1
10980000	1	1.144242176338e+15	-2667811149852	-5335622299704	0.2338821146248	1	1	1	-1
11000000	1	1.14564514184e+15	-2654568737833	-5309137475667	0.2340966563667	1	1	1	-1
11020000	1	1.147049391054e+15	-2641383637165	-5282767274329	0.2343103150872	1	1	1	-1
11040000	1	1.148454918691e+15	-2628255817496	-5256511634992	0.2345230925006	1	1	1	-1
11060000	1	1.149861719471e+15	-2615185244299	-5230370488598	0.2347349903591	1	1	1	-1
11080000	1	1.151269788126e+15	-2602171878935	-5204343757870	0.2349460104517	1	1	1	-1
11100000	1	1.152679119399e+15	-2589215678728	-5178431357457	0.2351561546036	1	1	1	-1
11120000	1	1.154089708043e+15	-2576316597032	-5152633194064	0.2353654246757	1	1	1	-1
11140000	1	1.155501548823e+15	-2563474583299	-5126949166597	0.2355738225632	1	1	1	-1
11160000	1	1.156914636516e+15	-2550689583148	-5101379166295	0.2357813501954	1	1	1	-1
11180000	1	1.158328965909e+15	-2537961538433	-5075923076867	0.2359880095347	1	1	1	-1
11200000	1	1.159744531802e+15	-2525290387312	-5050580774624	0.236193802576	1	1	1	-1
11220000	1	1.161161329007e+15	-2512676064307	-5025352128614	0.2363987313456	1	1	1	-1
11240000	1	1.162579352348e+15	-2500118500378	-5000237000756	0.236602797901	1	1	1	-1
11260000	1	1.163998596662e+15	-2487617622983	-4975235245965	0.23680600433	1	1	1	-1
11280000	1	1.165419056798e+15	-2475173356144	-4950346712289	0.2370083527497	1	1	1	-1
11300000	1	1.166840727617e+15	-2462785620515	-4925571241030	0.2372098453062	1	1	1	-1
11320000	1	1.168263603995e+15	-2450454333440	-4900908666879	0.2374104841737	1	1	1	-1
11340000	1	1.16968768082e+15	-2438179409018	-4876358818036	0.2376102715538	1	1	1	-1
11360000	1	1.171112952992e+15	-2425960758170	-4851921516339	0.237809209675	1	1	1	-1
11380000	1	1.172539415427e+15	-2413798288694	-4827596577387	0.2380073007917	1	1	1	-1
11400000	1	1.173967063053e+15	-2401691905331	-4803383810662	0.2382045471841	1	1	1	-1
11420000	1	1.175395890811e+15	-2389641509826	-4779283019652	0.2384009511569	1	1	1	-1
11440000	1	1.176825893659e+15	-2377647000985	-4755294001969	0.2385965150391	1	1	1	-1
11460000	1	1.178257066566e+15	-2365708274736	-4731416549472	0.2387912411831	1	1	1	-1
11480000	1	1.179689404515e+15	-2353825224191	-4707650448383	0.2389851319645	1	1	1	-1
11500000	1	1.181122902506e+15	-2341997739701	-4683995479401	0.2391781897809	1	1	1	-1
11520000	1	1.182557555552e+15	-2330225708912	-4660451417824	0.2393704170517	1	1	1	-1
11540000	1	1.183993358679e+15	-2318509016829	-4637018033657	0.2395618162173	1	1	1	-1
11560000	1	1.185430306931e+15	-2306847545865	-4613695091730	0.2397523897386	1	1	1	-1
11580000	1	1.186868395363e+15	-2295241175903	-4590482351806	0.2399421400965	1	1	1	-1
11600000	1	1.188307619049e+15	-2283689784348	-4567379568697	0.240131069791	1	1	1	-1
11620000	1	1.189747973074e+15	-2272193246183	-4544386492366	0.2403191813409	1	1	1	-1
11640000	1	1.191189452542e+15	-2260751434022	-4521502868043	0.2405064772834	1	1	1	-1
11660000	1	1.192632052569e+15	-2249364218164	-4498728436329	0.240692960173	1	1	1	-1
11680000	1	1.194075768288e+15	-2238031466649	-4476062933299	0.2408786325815	1	1	1	-1
11700000	1	1.195520594848e+15	-2226753045305	-4453506090611	0.241063497097	1	1	1	-1
11720000	1	1.196966527412e+15	-2215528817804	-4431057635607	0.2412475563238	1	1	1	-1
11740000	1	1.19841356116e+15	-2204358645709	-4408717291418	0.2414308128816	1	1	1	-1
11760000	1	1.199861691286e+15	-2193242388531	-4386484777061	0.2416132694051	1	1	1	-1
11780000	1	1.201310913003e+15	-2182179903771	-4364359807541	0.2417949285432	1	1	1	-1
11800000	1	1.202761221536e+15	-2171171046975	-4342342093951	0.241975792959	1	1	1	-1
11820000	1	1.20421261213e+15	-2160215671783	-4320431343566	0.242155865329	1	1	1	-1
11840000	1	1.205665080042e+15	-2149313629970	-4298627259941	0.2423351483426	1	1	1	-1
11860000	1	1.207118620549e+15	-2138464771504	-4276929543007	0.2425136447015	1	1	1	-1
11880000	1	1.208573228941e+15	-2127668944582	-4255337889164	0.2426913571197	1	1	1	-1
11900000	1	1.210028900527e+15	-2116925995686	-4233851991373	0.2428682883225	1	1	1	-1
11920000	1	1.21148563063e+15	-2106235769623	-4212471539246	0.2430444410464	1	1	1	-1
11940000	1	1.212943414592e+15	-2095598109570	-4191196219140	0.2432198180384	1	1	1	-1
11960000	1	1.214402247769e+15	-2085012857121	-4170025714243	0.2433944220557	1	1	1	-1
11980000	1	1.215862125535e+15	-2074479852331	-4148959704662	0.2435682558653	1	1	1	-1
12000000	1	1.21732304328e+15	-2063998933756	-4127997867513	0.2437413222433	1	1	1	-1
12020000	1	1.218784996411e+15	-2053569938500	-4107139877000	0.2439136239749	1	1	1	-1
12040000	1	1.220247980352e+15	-2043192702254	-4086385404508	0.2440851638535	1	1	1	-1
12060000	1	1.221711990543e+15	-2032867059338	-4065734118676	0.2442559446808	1	1	1	-1
12080000	1	1.223177022442e+15	-2022592842745	-4045185685490	0.244425969266	1	1	1	-1
12100000	1	1.224643071522e+15	-2012369884177	-4024739768353	0.2445952404253	1	1	1	-1
12120000	1	1.226110133275e+15	-2002198014087	-4004396028175	0.2447637609822	1	1	1	-1
12140000	1	1.227578203209e+15	-1992077061721	-3984154123443	0.2449315337662	1	1	1	-1
12160000	1	1.229047276848e+15	-1982006855152	-3964013710304	0.2450985616132	1	1	1	-1
12180000	1	1.230517349735e+15	-1971987221320	-3943974442640	0.2452648473645	1	1	1	-1
12200000	1	1.231988417429e+15	-1962017986071	-3924035972142	0.245430393867	1	1	1	-1
12220000	1	1.233460475505e+15	-1952098974193	-3904197948385	0.2455952039724	1	1	1	-1
12240000	1	1.234933519558e+15	-1942230009452	-3884460018903	0.2457592805371	1	1	1	-1
12260000	1	1.236407545197e+15	-1932410914628	-3864821829257	0.2459226264215	1	1	1	-1
12280000	1	1.237882548049e+15	-1922641511554	-3845283023108	0.2460852444904	1	1	1	-1
12300000	1	1.239358523761e+15	-1912921621145	-3825843242290	0.2462471376117	1	1	1	-1
12320000	1	1.240835467993e+15	-1903251063437	-3806502126874	0.2464083086569	1	1	1	-1
12340000	1	1.242313376424e+15	-1893629657618	-3787259315235	0.2465687605001	1	1	1	-1
12360000	1	1.243792244752e+15	-1884057222063	-3768114444127	0.2467284960182	1	1	1	-1
12380000	1	1.24527206869e+15	-1874533574369	-3749067148737	0.2468875180905	1	1	1	-1
12400000	1	1.246752843968e+15	-1865058531380	-3730117062761	0.2470458295981	1	1	1	-1
12420000	1	1.248234566335e+15	-1855631909229	-3711263818457	0.2472034334237	1	1	1	-1
12440000	1	1.249717231556e+15	-1846253523359	-3692507046718	0.2473603324515	1	1	1	-1
12460000	1	1.251200835415e+15	-1836923188562	-3673846377124	0.2475165295669	1	1	1	-1
12480000	1	1.252685373711e+15	-1827640719005	-3655281438010	0.2476720276559	1	1	1	-1
12500000	1	1.254170842262e+15	-1818405928261	-3636811856522	0.2478268296051	1	1	1	-1
12520000	1	1.255657236902e+15	-1809218629338	-3618437258675	0.2479809383015	1	1	1	-1
12540000	1	1.257144553483e+15	-1800078634707	-3600157269415	0.2481343566317	1	1	1	-1
12560000	1	1.258632787875e+15	-1790985756335	-3581971512670	0.2482870874823	1	1	1	-1
12580000	1	1.260121935965e+15	-1781939805705	-3563879611410	0.2484391337393	1	1	1	-1
12600000	1	1.261611993656e+15	-1772940593850	-3545881187701	0.248590498288	1	1	1	-1
12620000	1	1.263102956869e+15	-1763987931379	-3527975862757	0.2487411840123	1	1	1	-1
12640000	1	1.264594821543e+15	-1755081628498	-3510163256996	0.2488911937951	1	1	1	-1
12660000	1	1.266087583634e+15	-1746221495045	-3492442990091	0.2490405305177	1	1	1	-1
12680000	1	1.267581239115e+15	-1737407340509	-3474814681017	0.2491891970596	1	1	1	-1
12700000	1	1.269075783976e+15	-1728638974055	-3457277948110	0.2493371962983	1	1	1	-1
12720000	1	1.270571214225e+15	-1719916204554	-3439832409109	0.2494845311089	1	1	1	-1
12740000	1	1.272067525887e+15	-1711238840604	-3422477681207	0.2496312043643	1	1	1	-1
12760000	1	1.273564715003e+15	-1702606690550	-3405213381100	0.2497772189347	1	1	1	-1
12780000	1	1.275062777633e+15	-1694019562516	-3388039125031	0.2499225776871	1	1	1	-1
12800000	1	1.276561709853e+15	-1685477264420	-3370954528840	0.2500672834859	1	1	1	-1
12820000	1	1.278061507756e+15	-1676979604002	-3353959208005	0.2502113391917	1	1	1	-1
12840000	1	1.279562167455e+15	-1668526388844	-3337052777688	0.2503547476619	1	1	1	-1
12860000	1	1.281063685076e+15	-1660117426390	-3320234852780	0.2504975117502	1	1	1	-1
12880000	1	1.282566056764e+15	-1651752523971	-3303505047942	0.2506396343063	1	1	1	-1
12900000	1	1.284069278681e+15	-1643431488823	-3286862977646	0.2507811181759	1	1	1	-1
12920000	1	1.285573347006e+15	-1635154128110	-3270308256220	0.2509219662004	1	1	1	-1
12940000	1	1.287078257936e+15	-1626920248942	-3253840497884	0.2510621812168	1	1	1	-1
12960000	1	1.288584007683e+15	-1618729658396	-3237459316791	0.2512017660575	1	1	1	-1
12980000	1	1.290090592478e+15	-1610582163534	-3221164327069	0.2513407235502	1	1	1	-1
13000000	1	1.291598008568e+15	-1602477571426	-3204955142852	0.2514790565173	1	1	1	-1
13020000	1	1.293106252215e+15	-1594415689163	-3188831378326	0.2516167677766	1	1	1	-1
13040000	1	1.294615319702e+15	-1586396323879	-3172792647759	0.2517538601403	1	1	1	-1
13060000	1	1.296125207326e+15	-1578419282769	-3156838565539	0.2518903364153	1	1	1	-1
13080000	1	1.2976359114e+15	-1570484373105	-3140968746209	0.2520261994027	1	1	1	-1
13100000	1	1.299147428257e+15	-1562591402252	-3125182804505	0.2521614518983	1	1	1	-1
13120000	1	1.300659754245e+15	-1554740177691	-3109480355381	0.2522960966917	1	1	1	-1
13140000	1	1.302172885727e+15	-1546930507027	-3093861014054	0.2524301365665	1	1	1	-1
13160000	1	1.303686819086e+15	-1539162198012	-3078324396023	0.2525635743002	1	1	1	-1
13180000	1	1.305201550719e+15	-1531435058557	-3062870117115	0.2526964126643	1	1	1	-1
13200000	1	1.306717077041e+15	-1523748896751	-3047497793502	0.2528286544234	1	1	1	-1
13220000	1	1.308233394483e+15	-1516103520872	-3032207041743	0.2529603023358	1	1	1	-1
13240000	1	1.309750499492e+15	-1508498739404	-3016997478807	0.2530913591532	1	1	1	-1
13260000	1	1.311268388533e+15	-1500934361052	-3001868722104	0.2532218276205	1	1	1	-1
13280000	1	1.312787058087e+15	-1493410194758	-2986820389515	0.2533517104754	1	1	1	-1
13300000	1	1.314306504649e+15	-1485926049708	-2971852099416	0.2534810104491	1	1	1	-1
13320000	1	1.315826724734e+15	-1478481735355	-2956963470710	0.2536097302652	1	1	1	-1
13340000	1	1.317347714871e+15	-1471077061426	-2942154122851	0.2537378726402	1	1	1	-1
13360000	1	1.318869471607e+15	-1463711837935	-2927423675870	0.2538654402834	1	1	1	-1
13380000	1	1.320391991502e+15	-1456385875200	-2912771750401	0.2539924358965	1	1	1	-1
13400000	1	1.321915271136e+15	-1449098983853	-2898197967706	0.2541188621737	1	1	1	-1
13420000	1	1.323439307102e+15	-1441850974850	-2883701949700	0.2542447218015	1	1	1	-1
13440000	1	1.324964096012e+15	-1434641659487	-2869283318973	0.2543700174587	1	1	1	-1
13460000	1	1.326489634491e+15	-1427470849408	-2854941698816	0.2544947518163	1	1	1	-1
13480000	1	1.328015919183e+15	-1420338356621	-2840676713241	0.2546189275372	1	1	1	-1
13500000	1	1.329542946746e+15	-1413243993502	-2826487987005	0.2547425472766	1	1	1	-1
13520000	1	1.331070713853e+15	-1406187572814	-2812375145628	0.2548656136813	1	1	1	-1
13540000	1	1.332599217196e+15	-1399168907711	-2798337815422	0.2549881293901	1	1	1	-1
13560000	1	1.334128453481e+15	-1392187811751	-2784375623502	0.2551100970335	1	1	1	-1
13580000	1	1.335658419428e+15	-1385244098907	-2770488197814	0.2552315192336	1	1	1	-1
13600000	1	1.337189111776e+15	-1378337583575	-2756675167150	0.2553523986042	1	1	1	-1
13620000	1	1.338720527278e+15	-1371468080583	-2742936161167	0.2554727377506	1	1	1	-1
13640000	1	1.340252662702e+15	-1364635405205	-2729270810410	0.2555925392694	1	1	1	-1
13660000	1	1.341785514832e+15	-1357839373162	-2715678746325	0.2557118057489	1	1	1	-1
13680000	1	1.343319080469e+15	-1351079800640	-2702159601280	0.2558305397685	1	1	1	-1
13700000	1	1.344853356427e+15	-1344356504290	-2688713008581	0.2559487438987	1	1	1	-1
13720000	1	1.346388339537e+15	-1337669301244	-2675338602489	0.2560664207016	1	1	1	-1
13740000	1	1.347924026645e+15	-1331018009118	-2662036018235	0.2561835727302	1	1	1	-1
13760000	1	1.349460414612e+15	-1324402446020	-2648804892040	0.2563002025286	1	1	1	-1
13780000	1	1.350997500315e+15	-1317822430563	-2635644861125	0.2564163126319	1	1	1	-1
13800000	1	1.352535280644e+15	-1311277781865	-2622555563730	0.2565319055663	1	1	1	-1
13820000	1	1.354073752507e+15	-1304768319563	-2609536639126	0.2566469838488	1	1	1	-1
13840000	1	1.355612912826e+15	-1298293863816	-2596587727633	0.2567615499874	1	1	1	-1
13860000	1	1.357152758536e+15	-1291854235314	-2583708470628	0.2568756064808	1	1	1	-1
13880000	1	1.358693286591e+15	-1285449255282	-2570898510564	0.2569891558186	1	1	1	-1
13900000	1	1.360234493956e+15	-1279078745490	-2558157490980	0.2571022004812	1	1	1	-1
13920000	1	1.361776377612e+15	-1272742528257	-2545485056515	0.2572147429395	1	1	1	-1
13940000	1	1.363318934558e+15	-1266440426459	-2532880852918	0.2573267856553	1	1	1	-1
13960000	1	1.364862161802e+15	-1260172263531	-2520344527063	0.2574383310809	1	1	1	-1
13980000	1	1.366406056371e+15	-1253937863479	-2507875726958	0.2575493816592	1	1	1	-1
14000000	1	1.367950615305e+15	-1247737050879	-2495474101758	0.2576599398237	1	1	1	-1
14020000	1	1.369495835659e+15	-1241569650886	-2483139301773	0.2577700079984	1	1	1	-1
14040000	1	1.371041714502e+15	-1235435489241	-2470870978483	0.2578795885979	1	1	1	-1
14060000	1	1.372588248919e+15	-1229334392271	-2458668784543	0.2579886840272	1	1	1	-1
14080000	1	1.374135436006e+15	-1223266186898	-2446532373797	0.2580972966818	1	1	1	-1
14100000	1	1.375683272878e+15	-1217230700642	-2434461401283	0.2582054289476	1	1	1	-1
14120000	1	1.37723175666e+15	-1211227761624	-2422455523249	0.2583130832007	1	1	1	-1
14140000	1	1.378780884493e+15	-1205257198576	-2410514397153	0.258420261808	1	1	1	-1
14160000	1	1.380330653533e+15	-1199318840839	-2398637681678	0.2585269671264	1	1	1	-1
14180000	1	1.381881060949e+15	-1193412518369	-2386825036738	0.2586332015033	1	1	1	-1
14200000	1	1.383432103924e+15	-1187538061743	-2375076123486	0.2587389672764	1	1	1	-1
14220000	1	1.384983779656e+15	-1181695302161	-2363390604322	0.2588442667737	1	1	1	-1
14240000	1	1.386536085356e+15	-1175884071449	-2351768142899	0.2589491023134	1	1	1	-1
14260000	1	1.388089018249e+15	-1170104202065	-2340208404129	0.2590534762042	1	1	1	-1
14280000	1	1.389642575573e+15	-1164355527098	-2328711054196	0.2591573907447	1	1	1	-1
14300000	1	1.391196754583e+15	-1158637880277	-2317275760554	0.2592608482242	1	1	1	-1
14320000	1	1.392751552543e+15	-1152951095969	-2305902191938	0.259363850922	1	1	1	-1
14340000	1	1.394306966734e+15	-1147295009185	-2294590018369	0.2594664011075	1	1	1	-1
14360000	1	1.395862994449e+15	-1141669455580	-2283338911161	0.2595685010406	1	1	1	-1
14380000	1	1.397419632996e+15	-1136074271461	-2272148542922	0.2596701529712	1	1	1	-1
14400000	1	1.398976879695e+15	-1130509293782	-2261018587564	0.2597713591396	1	1	1	-1
14420000	1	1.400534731881e+15	-1124974360153	-2249948720306	0.2598721217762	1	1	1	-1
14440000	1	1.402093186899e+15	-1119469308838	-2238938617677	0.2599724431016	1	1	1	-1
14460000	1	1.403652242112e+15	-1113993978761	-2227987957522	0.2600723253267	1	1	1	-1
14480000	1	1.405211894893e+15	-1108548209504	-2217096419008	0.2601717706525	1	1	1	-1
14500000	1	1.406772142628e+15	-1103131841312	-2206263682624	0.2602707812703	1	1	1	-1
14520000	1	1.408332982719e+15	-1097744715093	-2195489430186	0.2603693593615	1	1	1	-1
14540000	1	1.409894412577e+15	-1092386672422	-2184773344843	0.2604675070978	1	1	1	-1
14560000	1	1.41145642963e+15	-1087057555539	-2174115111077	0.260565226641	1	1	1	-1
14580000	1	1.413019031317e+15	-1081757207354	-2163514414709	0.2606625201433	1	1	1	-1
14600000	1	1.414582215088e+15	-1076485471448	-2152970942896	0.260759389747	1	1	1	-1
14620000	1	1.41614597841e+15	-1071242192072	-2142484384143	0.2608558375847	1	1	1	-1
14640000	1	1.417710318759e+15	-1066027214149	-2132054428297	0.260951865779	1	1	1	-1
14660000	1	1.419275233626e+15	-1060840383277	-2121680766553	0.2610474764431	1	1	1	-1
14680000	1	1.420840720513e+15	-1055681545728	-2111363091456	0.2611426716802	1	1	1	-1
14700000	1	1.422406776937e+15	-1050550548451	-2101101096902	0.2612374535839	1	1	1	-1
14720000	1	1.423973400424e+15	-1045447239069	-2090894478139	0.2613318242379	1	1	1	-1
14740000	1	1.425540588517e+15	-1040371465886	-2080742931771	0.2614257857163	1	1	1	-1
14760000	1	1.427108338766e+15	-1035323077879	-2070646155758	0.2615193400836	1	1	1	-1
14780000	1	1.428676648738e+15	-1030301924707	-2060603849414	0.2616124893944	1	1	1	-1
14800000	1	1.43024551601e+15	-1025307856708	-2050615713415	0.2617052356937	1	1	1	-1
14820000	1	1.431814938172e+15	-1020340724896	-2040681449792	0.2617975810169	1	1	1	-1
14840000	1	1.433384912825e+15	-1015400380969	-2030800761938	0.2618895273896	1	1	1	-1
14860000	1	1.434955437584e+15	-1010486677302	-2020973354603	0.261981076828	1	1	1	-1
14880000	1	1.436526510075e+15	-1005599466950	-2011198933900	0.2620722313384	1	1	1	-1
14900000	1	1.438098127935e+15	-1000738603650	-2001477207299	0.2621629929177	1	1	1	-1
14920000	1	1.439670288815e+15	-995903941817	-1991807883634	0.2622533635532	1	1	1	-1
14940000	1	1.441242990377e+15	-991095336547.9	-1982190673096	0.2623433452224	1	1	1	-1
14960000	1	1.442816230294e+15	-986312643618.3	-1972625287237	0.2624329398936	1	1	1	-1
14980000	1	1.444390006252e+15	-981555719483.8	-1963111438968	0.2625221495253	1	1	1	-1
15000000	1	1.445964315948e+15	-976824421279.6	-1953648842559	0.2626109760667	1	1	1	-1
15020000	1	1.447539157091e+15	-972118606819.7	-1944237213639	0.2626994214573	1	1	1	-1
15040000	1	1.449114527401e+15	-967438134596.9	-1934876269194	0.2627874876272	1	1	1	-1
15060000	1	1.45069042461e+15	-962782863782.2	-1925565727564	0.2628751764972	1	1	1	-1
15080000	1	1.452266846463e+15	-958152654224.3	-1916305308449	0.2629624899785	1	1	1	-1
15100000	1	1.453843790713e+15	-953547366449	-1907094732898	0.2630494299729	1	1	1	-1
15120000	1	1.455421255128e+15	-948966861658.2	-1897933723316	0.263135998373	1	1	1	-1
15140000	1	1.456999237484e+15	-944411001729.7	-1888822003459	0.2632221970618	1	1	1	-1
15160000	1	1.458577735571e+15	-939879649216.4	-1879759298433	0.2633080279131	1	1	1	-1
15180000	1	1.460156747189e+15	-935372667344.9	-1870745334690	0.2633934927914	1	1	1	-1
15200000	1	1.461736270148e+15	-930889920015.2	-1861779840030	0.2634785935519	1	1	1	-1
15220000	1	1.463316302272e+15	-926431271799.6	-1852862543599	0.2635633320405	1	1	1	-1
15240000	1	1.464896841394e+15	-921996587941.6	-1843993175883	0.2636477100939	1	1	1	-1
15260000	1	1.466477885358e+15	-917585734354.9	-1835171468710	0.2637317295397	1	1	1	-1
15280000	1	1.468059432019e+15	-913198577622.5	-1826397155245	0.263815392196	1	1	1	-1
15300000	1	1.469641479244e+15	-908834984995.2	-1817669969990	0.2638986998722	1	1	1	-1
15320000	1	1.471224024909e+15	-904494824390.7	-1808989648781	0.2639816543681	1	1	1	-1
15340000	1	1.472807066902e+15	-900177964392.4	-1800355928785	0.2640642574747	1	1	1	-1
15360000	1	1.474390603123e+15	-895884274248	-1791768548496	0.264146510974	1	1	1	-1
15380000	1	1.475974631479e+15	-891613623868	-1783227247736	0.2642284166386	1	1	1	-1
15400000	1	1.477559149891e+15	-887365883824.8	-1774731767650	0.2643099762324	1	1	1	-1
15420000	1	1.479144156289e+15	-883140925350.9	-1766281850702	0.2643911915103	1	1	1	-1
15440000	1	1.480729648613e+15	-878938620337.7	-1757877240675	0.264472064218	1	1	1	-1
15460000	1	1.482315624816e+15	-874758841333.7	-1749517682667	0.2645525960925	1	1	1	-1
15480000	1	1.483902082858e+15	-870601461543.5	-1741202923087	0.2646327888618	1	1	1	-1
15500000	1	1.485489020711e+15	-866466354825.8	-1732932709652	0.2647126442451	1	1	1	-1
15520000	1	1.487076436358e+15	-862353395691.9	-1724706791384	0.2647921639527	1	1	1	-1
15540000	1	1.488664327791e+15	-858262459304.2	-1716524918608	0.264871349686	1	1	1	-1
15560000	1	1.490252693013e+15	-854193421474.3	-1708386842949	0.264950203138	1	1	1	-1
15580000	1	1.491841530036e+15	-850146158661.8	-1700292317324	0.2650287259925	1	1	1	-1
15600000	1	1.493430836884e+15	-846120547971.9	-1692241095944	0.2651069199248	1	1	1	-1
15620000	1	1.495020611589e+15	-842116467154.1	-1684232934308	0.2651847866015	1	1	1	-1
15640000	1	1.496610852193e+15	-838133794600.4	-1676267589201	0.2652623276806	1	1	1	-1
15660000	1	1.49820155675e+15	-834172409343.1	-1668344818686	0.2653395448113	1	1	1	-1
15680000	1	1.499792723323e+15	-830232191053.5	-1660464382107	0.2654164396345	1	1	1	-1
15700000	1	1.501384349983e+15	-826313020039.6	-1652626040079	0.2654930137822	1	1	1	-1
15720000	1	1.502976434813e+15	-822414777244.3	-1644829554489	0.2655692688782	1	1	1	-1
15740000	1	1.504568975904e+15	-818537344243.6	-1637074688487	0.2656452065375	1	1	1	-1
15760000	1	1.506161971358e+15	-814680603244.4	-1629361206489	0.265720828367	1	1	1	-1
15780000	1	1.507755419287e+15	-810844437082.9	-1621688874166	0.2657961359649	1	1	1	-1
15800000	1	1.50934931781e+15	-807028729222.2	-1614057458444	0.2658711309211	1	1	1	-1
15820000	1	1.510943665059e+15	-803233363750.6	-1606466727501	0.265945814817	1	1	1	-1
15840000	1	1.512538459173e+15	-799458225379	-1598916450758	0.266020189226	1	1	1	-1
15860000	1	1.5141336983e+15	-795703199439.7	-1591406398879	0.2660942557129	1	1	1	-1
15880000	1	1.5157293806e+15	-791968171883.5	-1583936343767	0.2661680158343	1	1	1	-1
15900000	1	1.517325504239e+15	-788253029278.1	-1576506058556	0.2662414711388	1	1	1	-1
15920000	1	1.518922067396e+15	-784557658805.7	-1569115317611	0.2663146231665	1	1	1	-1
15940000	1	1.520519068255e+15	-780881948260.8	-1561763896522	0.2663874734495	1	1	1	-1
15960000	1	1.522116505013e+15	-777225786048.3	-1554451572097	0.2664600235117	1	1	1	-1
15980000	1	1.523714375875e+15	-773589061181.2	-1547178122362	0.2665322748691	1	1	1	-1
16000000	1	1.525312679052e+15	-769971663278.3	-1539943326557	0.2666042290294	1	1	1	-1
16020000	1	1.526911412769e+15	-766373482562.1	-1532746965124	0.2666758874925	1	1	1	-1
16040000	1	1.528510575256e+15	-762794409856.3	-1525588819713	0.26674725175	1	1	1	-1
16060000	1	1.530110164755e+15	-759234336584.1	-1518468673168	0.2668183232859	1	1	1	-1
16080000	1	1.531710179513e+15	-755693154765.2	-1511386309530	0.2668891035761	1	1	1	-1
16100000	1	1.53331061779e+15	-752170757014.3	-1504341514029	0.2669595940887	1	1	1	-1
16120000	1	1.534911477853e+15	-748667036538.1	-1497334073076	0.2670297962838	1	1	1	-1
16140000	1	1.536512757977e+15	-745181887133.5	-1490363774267	0.2670997116138	1	1	1	-1
16160000	1	1.538114456446e+15	-741715203184.9	-1483430406370	0.2671693415234	1	1	1	-1
16180000	1	1.539716571553e+15	-738266879662.4	-1476533759325	0.2672386874493	1	1	1	-1
16200000	1	1.5413191016e+15	-734836812118.7	-1469673624237	0.2673077508207	1	1	1	-1
16220000	1	1.542922044897e+15	-731424896687.5	-1462849793375	0.2673765330592	1	1	1	-1
16240000	1	1.544525399763e+15	-728031030080.6	-1456062060161	0.2674450355784	1	1	1	-1
16260000	1	1.546129164525e+15	-724655109585.9	-1449310219172	0.2675132597847	1	1	1	-1
16280000	1	1.547733337518e+15	-721297033064.8	-1442594066130	0.2675812070767	1	1	1	-1
16300000	1	1.549337917086e+15	-717956698949.7	-1435913397899	0.2676488788455	1	1	1	-1
16320000	1	1.550942901581e+15	-714634006242	-1429268012484	0.2677162764748	1	1	1	-1
16340000	1	1.552548289363e+15	-711328854509.4	-1422657709019	0.2677834013406	1	1	1	-1
16360000	1	1.554154078802e+15	-708041143883.4	-1416082287767	0.2678502548117	1	1	1	-1
16380000	1	1.555760268274e+15	-704770775057.3	-1409541550115	0.2679168382493	1	1	1	-1
16400000	1	1.557366856165e+15	-701517649283.2	-1403035298566	0.2679831530075	1	1	1	-1
16420000	1	1.558973840866e+15	-698281668370.2	-1396563336740	0.2680492004329	1	1	1	-1
16440000	1	1.560581220779e+15	-695062734681.3	-1390125469363	0.2681149818648	1	1	1	-1
16460000	1	1.562188994314e+15	-691860751131.6	-1383721502263	0.2681804986353	1	1	1	-1
16480000	1	1.563797159888e+15	-688675621185.3	-1377351242371	0.2682457520692	1	1	1	-1
16500000	1	1.565405715925e+15	-685507248853.7	-1371014497707	0.2683107434841	1	1	1	-1
16520000	1	1.567014660859e+15	-682355538692.3	-1364711077385	0.2683754741907	1	1	1	-1
16540000	1	1.56862399313e+15	-679220395798.8	-1358440791598	0.2684399454922	1	1	1	-1
16560000	1	1.570233711186e+15	-676101725810.3	-1352203451621	0.268504158685	1	1	1	-1
16580000	1	1.571843813485e+15	-672999434901	-1345998869802	0.2685681150583	1	1	1	-1
16600000	1	1.57345429849e+15	-669913429779.7	-1339826859559	0.2686318158943	1	1	1	-1
16620000	1	1.575065164672e+15	-666843617687.2	-1333687235374	0.2686952624683	1	1	1	-1
16640000	1	1.576676410512e+15	-663789906394.1	-1327579812788	0.2687584560486	1	1	1	-1
16660000	1	1.578288034495e+15	-660752204198	-1321504408396	0.2688213978967	1	1	1	-1
16680000	1	1.579900035117e+15	-657730419921.3	-1315460839843	0.2688840892669	1	1	1	-1
16700000	1	1.581512410878e+15	-654724462908.6	-1309448925817	0.2689465314069	1	1	1	-1
16720000	1	1.58312516029e+15	-651734243024.2	-1303468486048	0.2690087255577	1	1	1	-1
16740000	1	1.584738281868e+15	-648759670649.7	-1297519341299	0.2690706729533	1	1	1	-1
16760000	1	1.586351774136e+15	-645800656681.5	-1291601313363	0.269132374821	1	1	1	-1
16780000	1	1.587965635626e+15	-642857112528.3	-1285714225057	0.2691938323815	1	1	1	-1
16800000	1	1.589579864878e+15	-639928950108.5	-1279857900217	0.2692550468487	1	1	1	-1
16820000	1	1.591194460436e+15	-637016081848	-1274032163696	0.2693160194299	1	1	1	-1
16840000	1	1.592809420854e+15	-634118420677.6	-1268236841355	0.2693767513259	1	1	1	-1
16860000	1	1.594424744694e+15	-631235880030.3	-1262471760061	0.2694372437308	1	1	1	-1
16880000	1	1.596040430521e+15	-628368373839.4	-1256736747679	0.2694974978321	1	1	1	-1
16900000	1	1.597656476912e+15	-625515816535.3	-1251031633071	0.2695575148109	1	1	1	-1
16920000	1	1.599272882447e+15	-622678123043.6	-1245356246087	0.269617295842	1	1	1	-1
16940000	1	1.600889645716e+15	-619855208782.4	-1239710417565	0.2696768420934	1	1	1	-1
16960000	1	1.602506765314e+15	-617046989659.7	-1234093979319	0.2697361547269	1	1	1	-1
16980000	1	1.604124239845e+15	-614253382071.4	-1228506764143	0.269795234898	1	1	1	-1
17000000	1	1.605742067917e+15	-611474302898.4	-1222948605797	0.2698540837556	1	1	1	-1
17020000	1	1.607360248148e+15	-608709669504.3	-1217419339009	0.2699127024426	1	1	1	-1
17040000	1	1.60897877916e+15	-605959399732.9	-1211918799466	0.2699710920954	1	1	1	-1
17060000	1	1.610597659584e+15	-603223411905.8	-1206446823812	0.2700292538443	1	1	1	-1
17080000	1	1.612216888056e+15	-600501624820.2	-1201003249640	0.2700871888133	1	1	1	-1
17100000	1	1.613836463221e+15	-597793957745.8	-1195587915492	0.2701448981203	1	1	1	-1
17120000	1	1.615456383728e+15	-595100330423.1	-1190200660846	0.2702023828769	1	1	1	-1
17140000	1	1.617076648235e+15	-592420663060.6	-1184841326121	0.2702596441889	1	1	1	-1
17160000	1	1.618697255405e+15	-589754876332.3	-1179509752665	0.2703166831556	1	1	1	-1
17180000	1	1.620318203908e+15	-587102891375.5	-1174205782751	0.2703735008707	1	1	1	-1
17200000	1	1.621939492421e+15	-584464629788.2	-1168929259576	0.2704300984215	1	1	1	-1
17220000	1	1.623561119627e+15	-581840013626.9	-1163680027254	0.2704864768896	1	1	1	-1
17240000	1	1.625183084216e+15	-579228965404	-1158457930808	0.2705426373505	1	1	1	-1
17260000	1	1.626805384884e+15	-576631408085.5	-1153262816171	0.2705985808738	1	1	1	-1
17280000	1	1.628428020332e+15	-574047265088.5	-1148094530177	0.2706543085233	1	1	1	-1
17300000	1	1.630050989271e+15	-571476460278.8	-1142952920558	0.2707098213568	1	1	1	-1
17320000	1	1.631674290415e+15	-568918917968.8	-1137837835938	0.2707651204264	1	1	1	-1
17340000	1	1.633297922486e+15	-566374562914.9	-1132749125830	0.2708202067785	1	1	1	-1
17360000	1	1.634921884211e+15	-563843320314.9	-1127686640630	0.2708750814534	1	1	1	-1
17380000	1	1.636546174324e+15	-561325115806.2	-1122650231612	0.270929745486	1	1	1	-1
17400000	1	1.638170791565e+15	-558819875462.8	-1117639750926	0.2709841999054	1	1	1	-1
17420000	1	1.639795734682e+15	-556327525793.6	-1112655051587	0.271038445735	1	1	1	-1
17440000	1	1.641421002425e+15	-553847993739.4	-1107695987479	0.2710924839925	1	1	1	-1
17460000	1	1.643046593554e+15	-551381206671	-1102762413342	0.2711463156902	1	1	1	-1
17480000	1	1.644672506832e+15	-548927092386.9	-1097854184774	0.2711999418346	1	1	1	-1
17500000	1	1.646298741032e+15	-546485579110.6	-1092971158221	0.2712533634269	1	1	1	-1
17520000	1	1.647925294928e+15	-544056595488.5	-1088113190977	0.2713065814625	1	1	1	-1
17540000	1	1.649552167304e+15	-541640070587.8	-1083280141176	0.2713595969315	1	1	1	-1
17560000	1	1.651179356948e+15	-539235933893.7	-1078471867787	0.2714124108186	1	1	1	-1
17580000	1	1.652806862654e+15	-536844115307.6	-1073688230615	0.271465024103	1	1	1	-1
17600000	1	1.654434683222e+15	-534464545144.5	-1068929090289	0.2715174377583	1	1	1	-1
17620000	1	1.656062817459e+15	-532097154130.8	-1064194308262	0.2715696527531	1	1	1	-1
17640000	1	1.657691264176e+15	-529741873402.2	-1059483746804	0.2716216700505	1	1	1	-1
17660000	1	1.65932002219e+15	-527398634500.9	-1054797269002	0.2716734906082	1	1	1	-1
17680000	1	1.660949090326e+15	-525067369374	-1050134738748	0.2717251153787	1	1	1	-1
17700000	1	1.662578467411e+15	-522748010371	-1045496020742	0.2717765453095	1	1	1	-1
17720000	1	1.66420815228e+15	-520440490241.2	-1040880980482	0.2718277813424	1	1	1	-1
17740000	1	1.665838143774e+15	-518144742132.1	-1036289484264	0.2718788244144	1	1	1	-1
17760000	1	1.667468440738e+15	-515860699586.7	-1031721399173	0.2719296754572	1	1	1	-1
17780000	1	1.669099042024e+15	-513588296541.4	-1027176593083	0.2719803353974	1	1	1	-1
17800000	1	1.670729946489e+15	-511327467323.9	-1022654934648	0.2720308051564	1	1	1	-1
17820000	1	1.672361152995e+15	-509078146650.9	-1018156293302	0.2720810856507	1	1	1	-1
17840000	1	1.67399266041e+15	-506840269625.7	-1013680539251	0.2721311777917	1	1	1	-1
17860000	1	1.675624467608e+15	-504613771736.6	-1009227543473	0.2721810824856	1	1	1	-1
17880000	1	1.677256573467e+15	-502398588854	-1004797177708	0.2722308006339	1	1	1	-1
17900000	1	1.678888976872e+15	-500194657228.9	-1000389314458	0.2722803331329	1	1	1	-1
17920000	1	1.680521676711e+15	-498001913490.2	-996003826980.4	0.2723296808741	1	1	1	-1
17940000	1	1.682154671881e+15	-495820294642.8	-991640589285.6	0.2723788447442	1	1	1	-1
17960000	1	1.68378796128e+15	-493649738065.5	-987299476131	0.2724278256247	1	1	1	-1
17980000	1	1.685421543816e+15	-491490181508.7	-982980363017.3	0.2724766243925	1	1	1	-1
18000000	1	1.687055418397e+15	-489341563092.4	-978683126184.7	0.2725252419197	1	1	1	-1
18020000	1	1.688689583941e+15	-487203821304	-974407642608	0.2725736790735	1	1	1	-1
18040000	1	1.690324039368e+15	-485076894996.4	-970153789992.8	0.2726219367163	1	1	1	-1
18060000	1	1.691958783604e+15	-482960723385.5	-965921446771	0.2726700157059	1	1	1	-1
18080000	1	1.693593815582e+15	-480855246048.5	-961710492097.1	0.2727179168953	1	1	1	-1
18100000	1	1.695229134236e+15	-478760402921.7	-957520805843.3	0.2727656411328	1	1	1	-1
18120000	1	1.69686473851e+15	-476676134298.1	-953352268596.2	0.272813189262	1	1	1	-1
18140000	1	1.698500627349e+15	-474602380826	-949204761652	0.2728605621221	1	1	1	-1
18160000	1	1.700136799706e+15	-472539083506.3	-945078167012.6	0.2729077605473	1	1	1	-1
18180000	1	1.701773254536e+15	-470486183690.9	-940972367381.7	0.2729547853676	1	1	1	-1
18200000	1	1.703409990802e+15	-468443623080.2	-936887246160.5	0.2730016374083	1	1	1	-1
18220000	1	1.705047007469e+15	-466411343721.8	-932822687443.6	0.2730483174901	1	1	1	-1
18240000	1	1.70668430351e+15	-464389288007.6	-928778576015.2	0.2730948264292	1	1	1	-1
18260000	1	1.7083218779e+15	-462377398672.5	-924754797345	0.2731411650375	1	1	1	-1
18280000	1	1.709959729621e+15	-460375618792	-920751237584	0.2731873341223	1	1	1	-1
18300000	1	1.711597857658e+15	-458383891780.3	-916767783560.7	0.2732333344865	1	1	1	-1
18320000	1	1.713236261003e+15	-456402161388.6	-912804322777.1	0.2732791669286	1	1	1	-1
18340000	1	1.714874938651e+15	-454430371702.5	-908860743404.9	0.2733248322427	1	1	1	-1
18360000	1	1.716513889603e+15	-452468467140.6	-904936934281.2	0.2733703312186	1	1	1	-1
18380000	1	1.718153112862e+15	-450516392452.5	-901032784905	0.2734156646418	1	1	1	-1
18400000	1	1.71979260744e+15	-448574092716.5	-897148185433	0.2734608332934	1	1	1	-1
18420000	1	1.72143237235e+15	-446641513337.9	-893283026675.8	0.2735058379503	1	1	1	-1
18440000	1	1.723072406611e+15	-444718600047.2	-889437200094.3	0.2735506793852	1	1	1	-1
18460000	1	1.724712709247e+15	-442805298897.7	-885610597795.5	0.2735953583664	1	1	1	-1
18480000	1	1.726353279287e+15	-440901556264.4	-881803112528.8	0.2736398756581	1	1	1	-1
18500000	1	1.727994115763e+15	-439007318841.2	-878014637682.4	0.2736842320204	1	1	1	-1
18520000	1	1.729635217712e+15	-437122533639.6	-874245067279.3	0.2737284282091	1	1	1	-1
18540000	1	1.731276584177e+15	-435247147986.7	-870494295973.4	0.273772464976	1	1	1	-1
18560000	1	1.732918214203e+15	-433381109523.1	-866762219046.3	0.2738163430687	1	1	1	-1
18580000	1	1.734560106842e+15	-431524366201.5	-863048732402.9	0.2738600632307	1	1	1	-1
18600000	1	1.736202261149e+15	-429676866284.1	-859353732568.3	0.2739036262016	1	1	1	-1
18620000	1	1.737844676184e+15	-427838558341.8	-855677116683.6	0.2739470327168	1	1	1	-1
18640000	1	1.73948735101e+15	-426009391251.3	-852018782502.5	0.2739902835078	1	1	1	-1
18660000	1	1.741130284697e+15	-424189314193.9	-848378628387.8	0.274033379302	1	1	1	-1
18680000	1	1.742773476316e+15	-422378276653.7	-844756553307.4	0.2740763208229	1	1	1	-1
18700000	1	1.744416924946e+15	-420576228415.4	-841152456830.8	0.2741191087901	1	1	1	-1
18720000	1	1.746060629667e+15	-418783119562.9	-837566239125.7	0.2741617439192	1	1	1	-1
18740000	1	1.747704589566e+15	-416998900477.2	-833997800954.4	0.2742042269219	1	1	1	-1
18760000	1	1.749348803732e+15	-415223521834.9	-830447043669.7	0.2742465585061	1	1	1	-1
18780000	1	1.750993271259e+15	-413456934606.2	-826913869212.3	0.2742887393758	1	1	1	-1
18800000	1	1.752637991247e+15	-411699090053.2	-823398180106.4	0.2743307702312	1	1	1	-1
18820000	1	1.754282962797e+15	-409949939728.4	-819899879456.7	0.2743726517686	1	1	1	-1
18840000	1	1.755928185017e+15	-408209435472.4	-816418870944.7	0.2744143846807	1	1	1	-1
18860000	1	1.757573657017e+15	-406477529412.7	-812955058825.5	0.2744559696562	1	1	1	-1
18880000	1	1.759219377913e+15	-404754173961.9	-809508347923.8	0.2744974073803	1	1	1	-1
18900000	1	1.760865346823e+15	-403039321815.6	-806078643631.2	0.2745386985343	1	1	1	-1
18920000	1	1.762511562872e+15	-401332925951.1	-802665851902.2	0.2745798437959	1	1	1	-1
18940000	1	1.764158025185e+15	-399634939625.5	-799269879250.9	0.2746208438391	1	1	1	-1
18960000	1	1.765804732894e+15	-397945316374	-795890632748	0.2746616993341	1	1	1	-1
18980000	1	1.767451685136e+15	-396264010008.6	-792528020017.1	0.2747024109478	1	1	1	-1
19000000	1	1.769098881048e+15	-394590974615.6	-789181949231.3	0.2747429793432	1	1	1	-1
19020000	1	1.770746319775e+15	-392926164555.1	-785852329110.1	0.2747834051797	1	1	1	-1
19040000	1	1.772394000463e+15	-391269534458	-782539068916	0.2748236891134	1	1	1	-1
19060000	1	1.774041922263e+15	-389621039225.7	-779242078451.3	0.2748638317966	1	1	1	-1
19080000	1	1.775690084332e+15	-387980634027.3	-775961268054.6	0.2749038338782	1	1	1	-1
19100000	1	1.777338485826e+15	-386348274298.9	-772696548597.7	0.2749436960034	1	1	1	-1
19120000	1	1.778987125911e+15	-384723915741.3	-769447831482.6	0.2749834188142	1	1	1	-1
19140000	1	1.780636003751e+15	-383107514318.8	-766215028637.6	0.275023002949	1	1	1	-1
19160000	1	1.782285118517e+15	-381499026257.6	-762998052515.1	0.2750624490426	1	1	1	-1
19180000	1	1.783934469384e+15	-379898408043.7	-759796816087.4	0.2751017577266	1	1	1	-1
19200000	1	1.78558405553e+15	-378305616422.1	-756611232844.3	0.2751409296291	1	1	1	-1
19220000	1	1.787233876136e+15	-376720608394.7	-753441216789.3	0.2751799653748	1	1	1	-1
19240000	1	1.788883930387e+15	-375143341218.7	-750286682437.4	0.2752188655851	1	1	1	-1
19260000	1	1.790534217474e+15	-373573772405.4	-747147544810.8	0.2752576308779	1	1	1	-1
19280000	1	1.792184736589e+15	-372011859718.4	-744023719436.7	0.275296261868	1	1	1	-1
19300000	1	1.793835486928e+15	-370457561172.1	-740915122344.1	0.2753347591668	1	1	1	-1
19320000	1	1.795486467692e+15	-368910835030.2	-737821670060.4	0.2753731233822	1	1	1	-1
19340000	1	1.797137678084e+15	-367371639804.2	-734743279608.4	0.2754113551191	1	1	1	-1
19360000	1	1.798789117313e+15	-365839934251.9	-731679868503.8	0.2754494549791	1	1	1	-1
19380000	1	1.800440784588e+15	-364315677375.7	-728631354751.4	0.2754874235604	1	1	1	-1
19400000	1	1.802092679126e+15	-362798828421.4	-725597656842.8	0.2755252614583	1	1	1	-1
19420000	1	1.803744800143e+15	-361289346876.5	-722578693753	0.2755629692645	1	1	1	-1
19440000	1	1.805397146862e+15	-359787192468.9	-719574384937.7	0.275600547568	1	1	1	-1
19460000	1	1.807049718509e+15	-358292325165.1	-716584650330.2	0.2756379969541	1	1	1	-1
19480000	1	1.808702514311e+15	-356804705169.2	-713609410338.4	0.2756753180055	1	1	1	-1
19500000	1	1.810355533501e+15	-355324292921.1	-710648585842.3	0.2757125113014	1	1	1	-1
19520000	1	1.812008775315e+15	-353851049095.2	-707702098190.5	0.275749577418	1	1	1	-1
19540000	1	1.813662238992e+15	-352384934598.9	-704769869197.8	0.2757865169286	1	1	1	-1
19560000	1	1.815315923775e+15	-350925910571.2	-701851821142.4	0.2758233304031	1	1	1	-1
19580000	1	1.816969828909e+15	-349473938381.2	-698947876762.4	0.2758600184085	1	1	1	-1
19600000	1	1.818623953645e+15	-348028979626.9	-696057959253.8	0.275896581509	1	1	1	-1
19620000	1	1.820278297234e+15	-346590996133.6	-693181992267.3	0.2759330202655	1	1	1	-1
19640000	1	1.821932858933e+15	-345159949952.7	-690319899905.3	0.2759693352359	1	1	1	-1
19660000	1	1.823587638001e+15	-343735803359.8	-687471606719.6	0.2760055269754	1	1	1	-1
19680000	1	1.825242633702e+15	-342318518854.1	-684637037708.2	0.2760415960359	1	1	1	-1
19700000	1	1.826897845301e+15	-340908059156.5	-681816118313	0.2760775429665	1	1	1	-1
19720000	1	1.828553272067e+15	-339504387208.3	-679008774416.6	0.2761133683135	1	1	1	-1
19740000	1	1.830208913274e+15	-338107466169.9	-676214932339.9	0.2761490726202	1	1	1	-1
19760000	1	1.831864768196e+15	-336717259419.6	-673434518839.3	0.2761846564269	1	1	1	-1
19780000	1	1.833520836114e+15	-335333730552	-670667461104.1	0.2762201202711	1	1	1	-1
19800000	1	1.83517711631e+15	-333956843376.9	-667913686753.7	0.2762554646875	1	1	1	-1
19820000	1	1.836833608069e+15	-332586561917.6	-665173123835.2	0.276290690208	1	1	1	-1
19840000	1	1.838490310679e+15	-331222850410.2	-662445700820.4	0.2763257973615	1	1	1	-1
19860000	1	1.840147223433e+15	-329865673301.7	-659731346603.4	0.2763607866742	1	1	1	-1
19880000	1	1.841804345626e+15	-328514995249.1	-657029990498.2	0.2763956586696	1	1	1	-1
19900000	1	1.843461676555e+15	-327170781117.8	-654341562235.6	0.2764304138681	1	1	1	-1
19920000	1	1.845119215523e+15	-325832995980.6	-651665991961.1	0.2764650527878	1	1	1	-1
19940000	1	1.846776961833e+15	-324501605116.1	-649003210232.2	0.2764995759437	1	1	1	-1
19960000	1	1.848434914793e+15	-323176574007.9	-646353148015.7	0.2765339838483	1	1	1	-1
19980000	1	1.850093073713e+15	-321857868342.7	-643715736685.4	0.2765682770111	1	1	1	-1
20000000	1	1.851751437907e+15	-320545454009.8	-641090908019.5	0.2766024559393	1	1	1	-1
