2960000	1	8.874920714147e+14	-405951064256.4	-811902128512.9	0.9349674404037	1	1	1	-1
2980000	1	8.929592431214e+14	-741876333927	-1483752667854	0.8904721117163	1	1	1	-1
3000000	1	8.981882409447e+14	-998853959488.4	-1997707918977	0.8549801634188	1	1	1	-1
3020000	1	9.032245883683e+14	-1202293503118	-2404587006235	0.8258625987464	1	1	1	-1
3040000	1	9.081010094817e+14	-1367730271016	-2735460542031	0.8014029761377	1	1	1	-1
3060000	1	9.128417423038e+14	-1505224015950	-3010448031900	0.7804427591239	1	1	1	-1
3080000	1	9.174652089371e+14	-1621592347152	-3243184694304	0.7621744969352	1	1	1	-1
3100000	1	9.219857217035e+14	-1721629022184	-3443258044368	0.7460190793153	1	1	1	-1
3120000	1	9.264146093919e+14	-1808808535939	-3617617071878	0.7315506483006	1	1	1	-1
3140000	1	9.307609834871e+14	-1885713830296	-3771427660592	0.7184491722811	1	1	1	-1
3160000	1	9.350322737546e+14	-1954306702003	-3908613404006	0.7064695710787	1	1	1	-1
3180000	1	9.392346116932e+14	-2016104775609	-4032209551217	0.69542105251	1	1	1	-1
3200000	1	9.43373110955e+14	-2072300823089	-4144601646178	0.6851529342559	1	1	1	-1
3220000	1	9.474520763101e+14	-2123845318171	-4247690636341	0.6755446956504	1	1	1	-1
3240000	1	9.51475161988e+14	-2171504862066	-4343009724132	0.6664988559743	1	1	1	-1
3260000	1	9.554454934623e+14	-2215904368371	-4431808736743	0.6579357833747	1	1	1	-1
3280000	1	9.593657623805e+14	-2257558068429	-4515116136857	0.6497898489875	1	1	1	-1
3300000	1	9.632383014532e+14	-2296892665575	-4593785331151	0.6420065354327	1	1	1	-1
3320000	1	9.670651441804e+14	-2334264875776	-4668529751552	0.6345402336232	1	1	1	-1
3340000	1	9.708480729548e+14	-2369974888807	-4739949777613	0.6273525434969	1	1	1	-1
3360000	1	9.745886581519e+14	-2404276820954	-4808553641907	0.6204109487722	1	1	1	-1
3380000	1	9.782882901564e+14	-2437386919077	-4874773838153	0.6136877728299	1	1	1	-1
3400000	1	9.819482057981e+14	-2469490063262	-4938980126523	0.6071593483569	1	1	1	-1
3420000	1	9.855695103215e+14	-2500744967539	-5001489935077	0.600805351277	1	1	1	-1
3440000	1	9.891531957615e+14	-2531288373986	-5062576747971	0.5946082621957	1	1	1	-1
3460000	1	9.927001564002e+14	-2561238461076	-5122476922152	0.5885529277307	1	1	1	-1
3480000	1	9.962112018398e+14	-2590697633214	-5181395266428	0.5826262007512	1	1	1	-1
3500000	1	9.996870681131e+14	-2619754818931	-5239509637861	0.5768166434522	1	1	1	-1
3520000	1	1.003128427172e+15	-2648487375950	-5296974751900	0.5711142808334	1	1	1	-1
3540000	1	1.00653589502e+15	-2676962679489	-5353925358978	0.5655103948921	1	1	1	-1
3560000	1	1.009910038722e+15	-2705239453604	-5410478907207	0.5599973519143	1	1	1	-1
3580000	1	1.01325138245e+15	-2733368892830	-5466737785659	0.5545684568367	1	1	1	-1
3600000	1	1.016560412735e+15	-2761395611675	-5522791223350	0.5492178298753	1	1	1	-1
3620000	1	1.019837583032e+15	-2789358452040	-5578716904080	0.543940301566	1	1	1	-1
3640000	1	1.023083317704e+15	-2817291172791	-5634582345583	0.5387313231069	1	1	1	-1
3660000	1	1.026298015503e+15	-2845223041119	-5690446082237	0.5335868894772	1	1	1	-1
3680000	1	1.029482052632e+15	-2873179341683	-5746358683366	0.5285034732714	1	1	1	-1
3700000	1	1.032635785432e+15	-2901181816660	-5802363633320	0.5234779675572	1	1	1	-1
3720000	1	1.035759552747e+15	-2929249047474	-5858498094948	0.5185076363644	1	1	1	-1
3740000	1	1.038853678024e+15	-2957396787153	-5914793574307	0.5135900716479	1	1	1	-1
3760000	1	1.041918471157e+15	-2985638250729	-5971276501458	0.5087231557661	1	1	1	-1
3780000	1	1.044954230132e+15	-3013984369865	-6027968739729	0.5039050286709	1	1	1	-1
3800000	1	1.047961242479e+15	-3042444016914	-6084888033829	0.4991340591373	1	1	1	-1
3820000	1	1.050939786574e+15	-3071024202760	-6142048405519	0.4944088194653	1	1	1	-1
3840000	1	1.053890132784e+15	-3099730252117	-6199460504234	0.4897280631759	1	1	1	-1
3860000	1	1.056812544494e+15	-3128565959427	-6257131918854	0.4850907052969	1	1	1	-1
3880000	1	1.059707279027e+15	-3157533727972	-6315067455944	0.4804958048911	1	1	1	-1
3900000	1	1.062574588455e+15	-3186634694478	-6373269388956	0.4759425495361	1	1	1	-1
3920000	1	1.06541472033e+15	-3215868841122	-6431737682243	0.4714302415024	1	1	1	-1
3940000	1	1.068227918332e+15	-3245235096589	-6490470193178	0.4669582854148	1	1	1	-1
3960000	1	1.071014422852e+15	-3274731427598	-6549462855197	0.4625261772133	1	1	1	-1
3980000	1	1.073774471506e+15	-3304354922097	-6608709844195	0.4581334942518	1	1	1	-1
4000000	1	1.076508299597e+15	-3334101865179	-6668203730358	0.4537798863995	1	1	1	-1
4020000	1	1.079216140528e+15	-3363967808614	-6727935617229	0.4494650680248	1	1	1	-1
4040000	1	1.081898226164e+15	-3393947634775	-6787895269549	0.4451888107586	1	1	1	-1
4060000	1	1.084554787153e+15	-3424035615616	-6848071231232	0.4409509369485	1	1	1	-1
4080000	1	1.087186053219e+15	-3454225467298	-6908450934597	0.4367513137257	1	1	1	-1
4100000	1	1.089792253407e+15	-3484510400942	-6969020801884	0.4325898476165	1	1	1	-1
4120000	1	1.09237361631e+15	-3514883169948	-7029766339896	0.4284664796408	1	1	1	-1
4140000	1	1.094930370256e+15	-3545336114260	-7090672228520	0.4243811808455	1	1	1	-1
4160000	1	1.097462743481e+15	-3575861201883	-7151722403766	0.4203339482274	1	1	1	-1
4180000	1	1.099970964273e+15	-3606450067934	-7212900135868	0.4163248010073	1	1	1	-1
4200000	1	1.102455261091e+15	-3637094051473	-7274188102947	0.4123537772204	1	1	1	-1
4220000	1	1.104915862671e+15	-3667784230306	-7335568460613	0.4084209305931	1	1	1	-1
4240000	1	1.107352998112e+15	-3698511453944	-7397022907888	0.4045263276798	1	1	1	-1
4260000	1	1.109766896943e+15	-3729266374866	-7458532749732	0.4006700452353	1	1	1	-1
4280000	1	1.112157789177e+15	-3760039478216	-7520078956432	0.396852167805	1	1	1	-1
4300000	1	1.114525905354e+15	-3790821110041	-7581642220081	0.3930727855118	1	1	1	-1
4320000	1	1.116871476563e+15	-3821601504164	-7643203008328	0.3893319920255	1	1	1	-1
4340000	1	1.119194734463e+15	-3852370807780	-7704741615561	0.3856298827012	1	1	1	-1
4360000	1	1.121495911285e+15	-3883119105825	-7766238211651	0.3819665528715	1	1	1	-1
4380000	1	1.123775239826e+15	-3913836444191	-7827672888383	0.3783420962851	1	1	1	-1
4400000	1	1.12603295344e+15	-3944512851829	-7889025703658	0.3747566036785	1	1	1	-1
4420000	1	1.128269286008e+15	-3975138361779	-7950276723559	0.3712101614737	1	1	1	-1
4440000	1	1.130484471918e+15	-4005703031168	-8011406062336	0.3677028505938	1	1	1	-1
4460000	1	1.132678746021e+15	-4036196960196	-8072393920392	0.3642347453884	1	1	1	-1
4480000	1	1.134852343594e+15	-4066610310147	-8133220620294	0.3608059126636	1	1	1	-1
4500000	1	1.137005500286e+15	-4096933320437	-8193866640875	0.3574164108087	1	1	1	-1
4520000	1	1.139138452073e+15	-4127156324729	-8254312649458	0.3540662890161	1	1	1	-1
4540000	1	1.141251435194e+15	-4157269766117	-8314539532234	0.3507555865882	1	1	1	-1
4560000	1	1.143344686094e+15	-4187264211417	-8374528422833	0.347484332326	1	1	1	-1
4580000	1	1.145418441356e+15	-4217130364559	-8434260729117	0.3442525439967	1	1	1	-1
4600000	1	1.147472937638e+15	-4246859079111	-8493718158221	0.3410602278747	1	1	1	-1
4620000	1	1.149508411597e+15	-4276441369938	-8552882739875	0.3379073783526	1	1	1	-1
4640000	1	1.151525099823e+15	-4305868424020	-8611736848040	0.334793977618	1	1	1	-1
4660000	1	1.15352323876e+15	-4335131610440	-8670263220880	0.3317199953934	1	1	1	-1
4680000	1	1.155503064632e+15	-4364222489551	-8728444979103	0.328685388735	1	1	1	-1
4700000	1	1.15746481337e+15	-4393132821358	-8786265642717	0.325690101887	1	1	1	-1
4720000	1	1.159408720529e+15	-4421854573106	-8843709146212	0.3227340661893	1	1	1	-1
4740000	1	1.161335021215e+15	-4450379926113	-8900759852225	0.3198172000335	1	1	1	-1
4760000	1	1.163243950006e+15	-4478701281858	-8957402563715	0.3169394088666	1	1	1	-1
4780000	1	1.165135740874e+15	-4506811267345	-9013622534690	0.314100585237	1	1	1	-1
4800000	1	1.167010627108e+15	-4534702739762	-9069405479524	0.3113006088824	1	1	1	-1
4820000	1	1.168868841238e+15	-4562368790460	-9124737580919	0.3085393468543	1	1	1	-1
4840000	1	1.17071061496e+15	-4589802748271	-9179605496542	0.3058166536787	1	1	1	-1
4860000	1	1.17253617906e+15	-4616998182195	-9233996364389	0.3031323715482	1	1	1	-1
4880000	1	1.174345763341e+15	-4643948903465	-9287897806930	0.3004863305452	1	1	1	-1
4900000	1	1.176139596552e+15	-4670648967037	-9341297934075	0.2978783488914	1	1	1	-1
4920000	1	1.177917906317e+15	-4697092672506	-9394185345013	0.2953082332227	1	1	1	-1
4940000	1	1.179680919067e+15	-4723274564492	-9446549128985	0.2927757788867	1	1	1	-1
4960000	1	1.181428859973e+15	-4749189432512	-9498378865024	0.2902807702605	1	1	1	-1
4980000	1	1.183161952881e+15	-4774832310366	-9549664620732	0.2878229810863	1	1	1	-1
5000000	1	1.184880420247e+15	-4800198475068	-9600396950136	0.2854021748232	1	1	1	-1
5020000	1	1.186584483084e+15	-4825283445341	-9650566890682	0.2830181050128	1	1	1	-1
5040000	1	1.188274360893e+15	-4850082979704	-9700165959408	0.2806705156568	1	1	1	-1
5060000	1	1.189950271616e+15	-4874593074184	-9749186148368	0.2783591416041	1	1	1	-1
5080000	1	1.191612431577e+15	-4898809959670	-9797619919340	0.2760837089472	1	1	1	-1
5100000	1	1.193261055434e+15	-4922730098938	-9845460197875	0.2738439354241	1	1	1	-1
5120000	1	1.194896356127e+15	-4946350183371	-9892700366743	0.2716395308257	1	1	1	-1
5140000	1	1.196518544834e+15	-4969667129408	-9939334258816	0.2694701974059	1	1	1	-1
5160000	1	1.198127830926e+15	-4992678074725	-9985356149449	0.2673356302949	1	1	1	-1
5180000	1	1.199724421925e+15	-5015380374194	-1.003076074839e+13	0.2652355179116	1	1	1	-1
5200000	1	1.201308523467e+15	-5037771595634	-1.007554319127e+13	0.2631695423761	1	1	1	-1
5220000	1	1.202880339264e+15	-5059849515367	-1.011969903073e+13	0.2611373799201	1	1	1	-1
5240000	1	1.204440071069e+15	-5081612113619	-1.016322422724e+13	0.2591387012945	1	1	1	-1
5260000	1	1.205987918646e+15	-5103057569770	-1.020611513954e+13	0.2571731721726	1	1	1	-1
5280000	1	1.207524079741e+15	-5124184257484	-1.024836851497e+13	0.2552404535488	1	1	1	-1
5300000	1	1.209048750054e+15	-5144990739727	-1.028998147945e+13	0.2533402021309	1	1	1	-1
5320000	1	1.210562123213e+15	-5165475763706	-1.033095152741e+13	0.2514720707263	1	1	1	-1
5340000	1	1.212064390757e+15	-5185638255734	-1.037127651147e+13	0.2496357086208	1	1	1	-1
5360000	1	1.213555742109e+15	-5205477316035	-1.041095463207e+13	0.2478307619493	1	1	1	-1
5380000	1	1.215036364563e+15	-5224992213524	-1.044998442705e+13	0.2460568740582	1	1	1	-1
5400000	1	1.216506443269e+15	-5244182380550	-1.04883647611e+13	0.2443136858586	1	1	1	-1
5420000	1	1.217966161215e+15	-5263047407638	-1.052609481528e+13	0.2426008361704	1	1	1	-1
5440000	1	1.219415699218e+15	-5281587038227	-1.056317407645e+13	0.2409179620561	1	1	1	-1
5460000	1	1.220855235917e+15	-5299801163431	-1.059960232686e+13	0.2392646991449	1	1	1	-1
5480000	1	1.22228494776e+15	-5317689816816	-1.063537963363e+13	0.2376406819464	1	1	1	-1
5500000	1	1.223705009002e+15	-5335253169221	-1.067050633844e+13	0.2360455441538	1	1	1	-1
5520000	1	1.225115591701e+15	-5352491523622	-1.070498304724e+13	0.2344789189356	1	1	1	-1
5540000	1	1.226516865713e+15	-5369405310046	-1.073881062009e+13	0.2329404392177	1	1	1	-1
5560000	1	1.227908998693e+15	-5385995080560	-1.077199016112e+13	0.2314297379537	1	1	1	-1
5580000	1	1.229292156098e+15	-5402261504313	-1.080452300863e+13	0.2299464483844	1	1	1	-1
5600000	1	1.230666501185e+15	-5418205362667	-1.083641072533e+13	0.2284902042865	1	1	1	-1
5620000	1	1.23203219502e+15	-5433827544403	-1.086765508881e+13	0.2270606402106	1	1	1	-1
5640000	1	1.233389396478e+15	-5449129041022	-1.089825808204e+13	0.2256573917078	1	1	1	-1
5660000	1	1.234738262254e+15	-5464110942126	-1.092822188425e+13	0.2242800955457	1	1	1	-1
5680000	1	1.236078946868e+15	-5478774430906	-1.095754886181e+13	0.2229283899147	1	1	1	-1
5700000	1	1.237411602678e+15	-5493120779725	-1.098624155945e+13	0.2216019146224	1	1	1	-1
5720000	1	1.238736379885e+15	-5507151345803	-1.101430269161e+13	0.2203003112787	1	1	1	-1
5740000	1	1.240053426548e+15	-5520867567007	-1.104173513401e+13	0.2190232234704	1	1	1	-1
5760000	1	1.241362888595e+15	-5534270957749	-1.10685419155e+13	0.2177702969263	1	1	1	-1
5780000	1	1.242664909837e+15	-5547363104993	-1.109472620999e+13	0.2165411796717	1	1	1	-1
5800000	1	1.243959631982e+15	-5560145664372	-1.112029132874e+13	0.2153355221748	1	1	1	-1
5820000	1	1.24524719465e+15	-5572620356409	-1.114524071282e+13	0.2141529774824	1	1	1	-1
5840000	1	1.246527735388e+15	-5584788962860	-1.116957792572e+13	0.2129932013479	1	1	1	-1
5860000	1	1.247801389688e+15	-5596653323158	-1.119330664632e+13	0.2118558523499	1	1	1	-1
5880000	1	1.249068291003e+15	-5608215330976	-1.121643066195e+13	0.2107405920024	1	1	1	-1
5900000	1	1.250328570767e+15	-5619476930893	-1.123895386179e+13	0.209647084857	1	1	1	-1
5920000	1	1.25158235841e+15	-5630440115176	-1.126088023035e+13	0.2085749985972	1	1	1	-1
5940000	1	1.252829781381e+15	-5641106920667	-1.128221384133e+13	0.2075240041248	1	1	1	-1
5960000	1	1.254070965165e+15	-5651479425780	-1.130295885156e+13	0.2064937756395	1	1	1	-1
5980000	1	1.255306033302e+15	-5661559747602	-1.13231194952e+13	0.2054839907104	1	1	1	-1
6000000	1	1.256535107412e+15	-5671350039100	-1.13427000782e+13	0.2044943303421	1	1	1	-1
6020000	1	1.25775830721e+15	-5680852486435	-1.136170497287e+13	0.2035244790327	1	1	1	-1
6040000	1	1.258975750532e+15	-5690069306370	-1.138013861274e+13	0.2025741248269	1	1	1	-1
6060000	1	1.260187553354e+15	-5699002743784	-1.139800548757e+13	0.2016429593623	1	1	1	-1
6080000	1	1.261393829811e+15	-5707655069280	-1.141531013856e+13	0.2007306779099	1	1	1	-1
6100000	1	1.262594692227e+15	-5716028576892	-1.143205715378e+13	0.1998369794098	1	1	1	-1
6120000	1	1.263790251127e+15	-5724125581881	-1.144825116376e+13	0.1989615665007	1	1	1	-1
6140000	1	1.264980615268e+15	-5731948418628	-1.146389683726e+13	0.1981041455456	1	1	1	-1
6160000	1	1.266165891656e+15	-5739499438608	-1.147899887722e+13	0.1972644266512	1	1	1	-1
6180000	1	1.267346185569e+15	-5746781008460	-1.149356201692e+13	0.1964421236846	1	1	1	-1
6200000	1	1.268521600583e+15	-5753795508133	-1.150759101627e+13	0.1956369542839	1	1	1	-1
6220000	1	1.269692238592e+15	-5760545329120	-1.152109065824e+13	0.1948486398665	1	1	1	-1
6240000	1	1.270858199828e+15	-5767032872769	-1.153406574554e+13	0.1940769056318	1	1	1	-1
6260000	1	1.27201958289e+15	-5773260548670	-1.154652109734e+13	0.1933214805619	1	1	1	-1
6280000	1	1.273176484763e+15	-5779230773123	-1.155846154625e+13	0.1925820974178	1	1	1	-1
6300000	1	1.274329000839e+15	-5784945967668	-1.156989193534e+13	0.1918584927327	1	1	1	-1
6320000	1	1.275477224944e+15	-5790408557698	-1.15808171154e+13	0.1911504068024	1	1	1	-1
6340000	1	1.276621249356e+15	-5795620971127	-1.159124194225e+13	0.1904575836726	1	1	1	-1
6360000	1	1.27776116483e+15	-5800585637136	-1.160117127427e+13	0.1897797711237	1	1	1	-1
6380000	1	1.278897060622e+15	-5805304984973	-1.161060996995e+13	0.1891167206532	1	1	1	-1
6400000	1	1.280029024506e+15	-5809781442820	-1.161956288564e+13	0.1884681874556	1	1	1	-1
6420000	1	1.281157142801e+15	-5814017436715	-1.162803487343e+13	0.1878339303998	1	1	1	-1
6440000	1	1.282281500391e+15	-5818015389534	-1.163603077907e+13	0.1872137120054	1	1	1	-1
6460000	1	1.283402180747e+15	-5821777720025	-1.164355544005e+13	0.186607298416	1	1	1	-1
6480000	1	1.284519265948e+15	-5825306841896	-1.165061368379e+13	0.1860144593719	1	1	1	-1
6500000	1	1.285632836704e+15	-5828605162958	-1.165721032592e+13	0.1854349681798	1	1	1	-1
6520000	1	1.286742972375e+15	-5831675084304	-1.166335016861e+13	0.1848686016827	1	1	1	-1
6540000	1	1.287849750996e+15	-5834518999553	-1.166903799911e+13	0.184315140227	1	1	1	-1
6560000	1	1.288953249293e+15	-5837139294121	-1.167427858824e+13	0.1837743676291	1	1	1	-1
6580000	1	1.290053542706e+15	-5839538344547	-1.167907668909e+13	0.1832460711407	1	1	1	-1
6600000	1	1.291150705412e+15	-5841718517857	-1.168343703571e+13	0.1827300414132	1	1	1	-1
6620000	1	1.292244810342e+15	-5843682170965	-1.168736434193e+13	0.1822260724607	1	1	1	-1
6640000	1	1.293335929199e+15	-5845431650112	-1.169086330022e+13	0.1817339616229	1	1	1	-1
6660000	1	1.294424132485e+15	-5846969290349	-1.16939385807e+13	0.1812535095268	1	1	1	-1
6680000	1	1.295509489514e+15	-5848297415043	-1.169659483009e+13	0.1807845200474	1	1	1	-1
6700000	1	1.296592068434e+15	-5849418335423	-1.169883667085e+13	0.1803268002691	1	1	1	-1
6720000	1	1.297671936246e+15	-5850334350161	-1.170066870032e+13	0.179880160445	1	1	1	-1
6740000	1	1.298749158823e+15	-5851047744972	-1.170209548994e+13	0.1794444139567	1	1	1	-1
6760000	1	1.299823800928e+15	-5851560792253	-1.170312158451e+13	0.179019377274	1	1	1	-1
6780000	1	1.300895926233e+15	-5851875750747	-1.170375150149e+13	0.1786048699134	1	1	1	-1
6800000	1	1.301965597336e+15	-5851994865230	-1.170398973046e+13	0.1782007143969	1	1	1	-1
6820000	1	1.303032875781e+15	-5851920366228	-1.170384073246e+13	0.1778067362111	1	1	1	-1
6840000	1	1.304097822073e+15	-5851654469751	-1.17033089395e+13	0.1774227637649	1	1	1	-1
6860000	1	1.305160495699e+15	-5851199377059	-1.170239875412e+13	0.1770486283486	1	1	1	-1
6880000	1	1.306220955141e+15	-5850557274440	-1.170111454888e+13	0.1766841640918	1	1	1	-1
6900000	1	1.307279257896e+15	-5849730333016	-1.169946066603e+13	0.1763292079221	1	1	1	-1
6920000	1	1.30833546049e+15	-5848720708561	-1.169744141712e+13	0.1759835995233	1	1	1	-1
6940000	1	1.309389618498e+15	-5847530541348	-1.16950610827e+13	0.1756471812943	1	1	1	-1
6960000	1	1.310441786556e+15	-5846161956002	-1.1692323912e+13	0.1753197983073	1	1	1	-1
6980000	1	1.311492018382e+15	-5844617061375	-1.168923412275e+13	0.1750012982674	1	1	1	-1
7000000	1	1.312540366785e+15	-5842897950442	-1.168579590088e+13	0.1746915314711	1	1	1	-1
7020000	1	1.313586883687e+15	-5841006700199	-1.16820134004e+13	0.1743903507657	1	1	1	-1
7040000	1	1.314631620132e+15	-5838945371589	-1.167789074318e+13	0.1740976115092	1	1	1	-1
7060000	1	1.315674626309e+15	-5836716009432	-1.167343201886e+13	0.1738131715297	1	1	1	-1
7080000	1	1.316715951557e+15	-5834320642371	-1.166864128474e+13	0.173536891086	1	1	1	-1
7100000	1	1.317755644387e+15	-5831761282828	-1.166352256566e+13	0.1732686328278	1	1	1	-1
7120000	1	1.318793752494e+15	-5829039926978	-1.165807985396e+13	0.1730082617568	1	1	1	-1
7140000	1	1.319830322767e+15	-5826158554722	-1.165231710944e+13	0.1727556451875	1	1	1	-1
7160000	1	1.320865401311e+15	-5823119129681	-1.164623825936e+13	0.1725106527094	1	1	1	-1
7180000	1	1.321899033453e+15	-5819923599193	-1.163984719839e+13	0.1722731561482	1	1	1	-1
7200000	1	1.322931263758e+15	-5816573894319	-1.163314778864e+13	0.172043029529	1	1	1	-1
7220000	1	1.323962136043e+15	-5813071929864	-1.162614385973e+13	0.1718201490384	1	1	1	-1
7240000	1	1.324991693389e+15	-5809419604394	-1.161883920879e+13	0.1716043929883	1	1	1	-1
7260000	1	1.326019978154e+15	-5805618800275	-1.161123760055e+13	0.1713956417793	1	1	1	-1
7280000	1	1.327047031984e+15	-5801671383702	-1.16033427674e+13	0.1711937778647	1	1	1	-1
7300000	1	1.328072895827e+15	-5797579204751	-1.15951584095e+13	0.1709986857155	1	1	1	-1
7320000	1	1.329097609943e+15	-5793344097427	-1.158668819485e+13	0.1708102517849	1	1	1	-1
7340000	1	1.33012121392e+15	-5788967879718	-1.157793575944e+13	0.1706283644743	1	1	1	-1
7360000	1	1.33114374668e+15	-5784452353656	-1.156890470731e+13	0.170452914099	1	1	1	-1
7380000	1	1.332165246493e+15	-5779799305388	-1.155959861078e+13	0.1702837928547	1	1	1	-1
7400000	1	1.33318575099e+15	-5775010505241	-1.155002101048e+13	0.1701208947845	1	1	1	-1
7420000	1	1.334205297171e+15	-5770087707799	-1.15401754156e+13	0.169964115746	1	1	1	-1
7440000	1	1.335223921416e+15	-5765032651982	-1.153006530396e+13	0.1698133533797	1	1	1	-1
7460000	1	1.336241659499e+15	-5759847061127	-1.151969412225e+13	0.1696685070769	1	1	1	-1
7480000	1	1.337258546594e+15	-5754532643076	-1.150906528615e+13	0.1695294779488	1	1	1	-1
7500000	1	1.338274617287e+15	-5749091090259	-1.149818218052e+13	0.1693961687957	1	1	1	-1
7520000	1	1.339289905587e+15	-5743524079792	-1.148704815958e+13	0.1692684840769	1	1	1	-1
7540000	1	1.340304444936e+15	-5737833273565	-1.147566654713e+13	0.1691463298807	1	1	1	-1
7560000	1	1.341318268216e+15	-5732020318344	-1.146404063669e+13	0.1690296138958	1	1	1	-1
7580000	1	1.342331407761e+15	-5726086845864	-1.145217369173e+13	0.1689182453815	1	1	1	-1
7600000	1	1.343343895365e+15	-5720034472929	-1.144006894586e+13	0.1688121351405	1	1	1	-1
7620000	1	1.344355762292e+15	-5713864801520	-1.142772960304e+13	0.1687111954902	1	1	1	-1
7640000	1	1.345367039286e+15	-5707579418892	-1.141515883778e+13	0.168615340236	1	1	1	-1
7660000	1	1.346377756576e+15	-5701179897681	-1.140235979536e+13	0.1685244846438	1	1	1	-1
7680000	1	1.347387943891e+15	-5694667796010	-1.138933559202e+13	0.1684385454138	1	1	1	-1
7700000	1	1.348397630461e+15	-5688044657597	-1.137608931519e+13	0.1683574406547	1	1	1	-1
7720000	1	1.34940684503e+15	-5681312011859	-1.136262402372e+13	0.1682810898578	1	1	1	-1
7740000	1	1.350415615866e+15	-5674471374026	-1.134894274805e+13	0.1682094138722	1	1	1	-1
7760000	1	1.351423970764e+15	-5667524245246	-1.133504849049e+13	0.1681423348799	1	1	1	-1
7780000	1	1.352431937056e+15	-5660472112697	-1.132094422539e+13	0.1680797763715	1	1	1	-1
7800000	1	1.35343954162e+15	-5653316449696	-1.130663289939e+13	0.1680216631227	1	1	1	-1
7820000	1	1.354446810887e+15	-5646058715810	-1.129211743162e+13	0.1679679211708	1	1	1	-1
7840000	1	1.355453770849e+15	-5638700356967	-1.127740071393e+13	0.1679184777916	1	1	1	-1
7860000	1	1.356460447064e+15	-5631242805566	-1.126248561113e+13	0.1678732614768	1	1	1	-1
7880000	1	1.357466864664e+15	-5623687480588	-1.124737496118e+13	0.1678322019125	1	1	1	-1
7900000	1	1.358473048367e+15	-5616035787709	-1.123207157542e+13	0.1677952299563	1	1	1	-1
7920000	1	1.359479022475e+15	-5608289119407	-1.121657823881e+13	0.1677622776173	1	1	1	-1
7940000	1	1.360484810889e+15	-5600448855073	-1.120089771015e+13	0.1677332780339	1	1	1	-1
7960000	1	1.361490437112e+15	-5592516361124	-1.118503272225e+13	0.1677081654543	1	1	1	-1
7980000	1	1.362495924255e+15	-5584492991111	-1.116898598222e+13	0.1676868752155	1	1	1	-1
8000000	1	1.363501295044e+15	-5576380085829	-1.115276017166e+13	0.1676693437242	1	1	1	-1
8020000	1	1.364506571829e+15	-5568178973423	-1.113635794685e+13	0.1676555084366	1	1	1	-1
8040000	1	1.365511776587e+15	-5559890969503	-1.111978193901e+13	0.16764530784	1	1	1	-1
8060000	1	1.366516930929e+15	-5551517377244	-1.110303475449e+13	0.1676386814337	1	1	1	-1
8080000	1	1.367522056106e+15	-5543059487502	-1.1086118975e+13	0.167635569711	1	1	1	-1
8100000	1	1.368527173016e+15	-5534518578911	-1.106903715782e+13	0.1676359141405	1	1	1	-1
8120000	1	1.369532302209e+15	-5525895918000	-1.1051791836e+13	0.1676396571494	1	1	1	-1
8140000	1	1.370537463891e+15	-5517192759289	-1.103438551858e+13	0.1676467421051	1	1	1	-1
8160000	1	1.371542677932e+15	-5508410345399	-1.10168206908e+13	0.167657113299	1	1	1	-1
8180000	1	1.372547963873e+15	-5499549907156	-1.099909981431e+13	0.1676707159296	1	1	1	-1
8200000	1	1.373553340925e+15	-5490612663692	-1.098122532738e+13	0.1676874960859	1	1	1	-1
8220000	1	1.374558827982e+15	-5481599822548	-1.09631996451e+13	0.1677074007314	1	1	1	-1
8240000	1	1.375564443621e+15	-5472512579777	-1.094502515955e+13	0.1677303776887	1	1	1	-1
8260000	1	1.376570206109e+15	-5463352120044	-1.092670424009e+13	0.1677563756237	1	1	1	-1
8280000	1	1.377576133406e+15	-5454119616728	-1.090823923346e+13	0.1677853440304	1	1	1	-1
8300000	1	1.378582243174e+15	-5444816232016	-1.088963246403e+13	0.1678172332163	1	1	1	-1
8320000	1	1.379588552779e+15	-5435443117007	-1.087088623401e+13	0.1678519942879	1	1	1	-1
8340000	1	1.380595079296e+15	-5426001411807	-1.085200282361e+13	0.1678895791358	1	1	1	-1
8360000	1	1.381601839512e+15	-5416492245627	-1.083298449125e+13	0.1679299404214	1	1	1	-1
8380000	1	1.382608849936e+15	-5406916736874	-1.081383347375e+13	0.1679730315628	1	1	1	-1
8400000	1	1.383616126797e+15	-5397275993253	-1.079455198651e+13	0.1680188067213	1	1	1	-1
8420000	1	1.384623686052e+15	-5387571111857	-1.077514222371e+13	0.1680672207882	1	1	1	-1
8440000	1	1.385631543391e+15	-5377803179257	-1.075560635851e+13	0.1681182293721	1	1	1	-1
8460000	1	1.386639714239e+15	-5367973271602	-1.07359465432e+13	0.1681717887856	1	1	1	-1
8480000	1	1.387648213761e+15	-5358082454702	-1.07161649094e+13	0.1682278560334	1	1	1	-1
8500000	1	1.388657056865e+15	-5348131784124	-1.069626356825e+13	0.1682863887999	1	1	1	-1
8520000	1	1.389666258211e+15	-5338122305280	-1.067624461056e+13	0.1683473454369	1	1	1	-1
8540000	1	1.390675832207e+15	-5328055053512	-1.065611010702e+13	0.1684106849525	1	1	1	-1
8560000	1	1.39168579302e+15	-5317931054186	-1.063586210837e+13	0.1684763669987	1	1	1	-1
8580000	1	1.392696154577e+15	-5307751322773	-1.061550264555e+13	0.1685443518608	1	1	1	-1
8600000	1	1.393706930566e+15	-5297516864939	-1.059503372988e+13	0.1686146004461	1	1	1	-1
8620000	1	1.394718134445e+15	-5287228676626	-1.057445735325e+13	0.1686870742729	1	1	1	-1
8640000	1	1.395729779443e+15	-5276887744139	-1.055377548828e+13	0.1687617354599	1	1	1	-1
8660000	1	1.396741878562e+15	-5266495044230	-1.053299008846e+13	0.1688385467157	1	1	1	-1
8680000	1	1.397754444583e+15	-5256051544176	-1.051210308835e+13	0.1689174713287	1	1	1	-1
8700000	1	1.39876749007e+15	-5245558201864	-1.049111640373e+13	0.1689984731569	1	1	1	-1
8720000	1	1.39978102737e+15	-5235015965873	-1.047003193175e+13	0.1690815166179	1	1	1	-1
8740000	1	1.400795068619e+15	-5224425775547	-1.044885155109e+13	0.1691665666797	1	1	1	-1
8760000	1	1.401809625745e+15	-5213788561084	-1.042757712217e+13	0.1692535888506	1	1	1	-1
8780000	1	1.40282471047e+15	-5203105243603	-1.040621048721e+13	0.1693425491704	1	1	1	-1
8800000	1	1.403840334314e+15	-5192376735230	-1.038475347046e+13	0.1694334142009	1	1	1	-1
8820000	1	1.404856508599e+15	-5181603939171	-1.036320787834e+13	0.1695261510171	1	1	1	-1
8840000	1	1.405873244451e+15	-5170787749787	-1.034157549957e+13	0.1696207271986	1	1	1	-1
8860000	1	1.406890552801e+15	-5159929052670	-1.031985810534e+13	0.1697171108207	1	1	1	-1
8880000	1	1.407908444393e+15	-5149028724717	-1.029805744943e+13	0.1698152704461	1	1	1	-1
8900000	1	1.408926929782e+15	-5138087634202	-1.02761752684e+13	0.1699151751166	1	1	1	-1
8920000	1	1.40994601934e+15	-5127106640850	-1.02542132817e+13	0.1700167943447	1	1	1	-1
8940000	1	1.410965723256e+15	-5116086595908	-1.023217319182e+13	0.1701200981064	1	1	1	-1
8960000	1	1.411986051542e+15	-5105028342217	-1.021005668443e+13	0.1702250568325	1	1	1	-1
8980000	1	1.413007014033e+15	-5093932714281	-1.018786542856e+13	0.1703316414012	1	1	1	-1
9000000	1	1.414028620392e+15	-5082800538336	-1.016560107667e+13	0.1704398231311	1	1	1	-1
9020000	1	1.41505088011e+15	-5071632632420	-1.014326526484e+13	0.1705495737731	1	1	1	-1
9040000	1	1.41607380251e+15	-5060429806442	-1.012085961288e+13	0.1706608655035	1	1	1	-1
9060000	1	1.417097396749e+15	-5049192862247	-1.009838572449e+13	0.1707736709168	1	1	1	-1
9080000	1	1.418121671823e+15	-5037922593684	-1.007584518737e+13	0.170887963019	1	1	1	-1
9100000	1	1.419146636566e+15	-5026619786671	-1.005323957334e+13	0.1710037152203	1	1	1	-1
9120000	1	1.420172299654e+15	-5015285219263	-1.003057043853e+13	0.1711209013289	1	1	1	-1
9140000	1	1.421198669606e+15	-5003919661713	-1.000783932343e+13	0.171239495544	1	1	1	-1
9160000	1	1.422225754788e+15	-4992523876538	-9985047753075	0.1713594724496	1	1	1	-1
9180000	1	1.423253563417e+15	-4981098618582	-9962197237165	0.171480807008	1	1	1	-1
9200000	1	1.424282103558e+15	-4969644635081	-9939289270162	0.1716034745537	1	1	1	-1
9220000	1	1.42531138313e+15	-4958162665719	-9916325331439	0.1717274507872	1	1	1	-1
9240000	1	1.426341409908e+15	-4946653442697	-9893306885395	0.1718527117694	1	1	1	-1
9260000	1	1.427372191526e+15	-4935117690789	-9870235381577	0.171979233915	1	1	1	-1
9280000	1	1.428403735473e+15	-4923556127401	-9847112254802	0.1721069939873	1	1	1	-1
9300000	1	1.429436049105e+15	-4911969462637	-9823938925275	0.1722359690926	1	1	1	-1
9320000	1	1.430469139637e+15	-4900358399353	-9800716798707	0.1723661366741	1	1	1	-1
9340000	1	1.431503014155e+15	-4888723633216	-9777447266433	0.1724974745071	1	1	1	-1
9360000	1	1.432537679608e+15	-4877065852764	-9754131705528	0.1726299606932	1	1	1	-1
9380000	1	1.433573142817e+15	-4865385739461	-9730771478922	0.1727635736551	1	1	1	-1
9400000	1	1.434609410473e+15	-4853683967756	-9707367935512	0.1728982921319	1	1	1	-1
9420000	1	1.435646489143e+15	-4841961205138	-9683922410276	0.1730340951733	1	1	1	-1
9440000	1	1.436684385268e+15	-4830218112194	-9660436224387	0.1731709621354	1	1	1	-1
9460000	1	1.437723105165e+15	-4818455342659	-9636910685318	0.1733088726752	1	1	1	-1
9480000	1	1.438762655031e+15	-4806673543479	-9613347086957	0.1734478067463	1	1	1	-1
9500000	1	1.439803040944e+15	-4794873354856	-9589746709713	0.1735877445937	1	1	1	-1
9520000	1	1.440844268863e+15	-4783055410311	-9566110820623	0.1737286667499	1	1	1	-1
9540000	1	1.441886344634e+15	-4771220336730	-9542440673461	0.1738705540296	1	1	1	-1
9560000	1	1.442929273985e+15	-4759368754420	-9518737508841	0.1740133875258	1	1	1	-1
9580000	1	1.443973062535e+15	-4747501277162	-9495002554324	0.1741571486052	1	1	1	-1
9600000	1	1.445017715789e+15	-4735618512261	-9471237024522	0.174301818904	1	1	1	-1
9620000	1	1.446063239145e+15	-4723721060599	-9447442121197	0.1744473803236	1	1	1	-1
9640000	1	1.447109637892e+15	-4711809516684	-9423619033369	0.1745938150267	1	1	1	-1
9660000	1	1.448156917213e+15	-4699884468705	-9399768937410	0.174741105433	1	1	1	-1
9680000	1	1.449205082188e+15	-4687946498576	-9375892997152	0.1748892342151	1	1	1	-1
9700000	1	1.450254137791e+15	-4675996181991	-9351992363981	0.1750381842952	1	1	1	-1
9720000	1	1.451304088896e+15	-4664034088469	-9328068176938	0.1751879388406	1	1	1	-1
9740000	1	1.452354940277e+15	-4652060781407	-9304121562813	0.17533848126	1	1	1	-1
9760000	1	1.453406696609e+15	-4640076818125	-9280153636249	0.1754897952004	1	1	1	-1
9780000	1	1.454459362469e+15	-4628082749916	-9256165499831	0.1756418645428	1	1	1	-1
9800000	1	1.455512942339e+15	-4616079122093	-9232158244186	0.1757946733988	1	1	1	-1
9820000	1	1.456567440606e+15	-4604066474037	-9208132948075	0.1759482061071	1	1	1	-1
9840000	1	1.457622861562e+15	-4592045339243	-9184090678487	0.1761024472304	1	1	1	-1
9860000	1	1.458679209412e+15	-4580016245367	-9160032490734	0.1762573815514	1	1	1	-1
9880000	1	1.459736488264e+15	-4567979714271	-9135959428543	0.17641299407	1	1	1	-1
9900000	1	1.460794702142e+15	-4555936262071	-9111872524143	0.1765692699995	1	1	1	-1
9920000	1	1.461853854979e+15	-4543886399181	-9087772798362	0.176726194764	1	1	1	-1
9940000	1	1.462913950623e+15	-4531830630357	-9063661260715	0.1768837539947	1	1	1	-1
9960000	1	1.463974992835e+15	-4519769454746	-9039538909491	0.1770419335272	1	1	1	-1
9980000	1	1.465036985292e+15	-4507703365923	-9015406731846	0.1772007193981	1	1	1	-1
10000000	1	1.466099931588e+15	-4495632851944	-8991265703887	0.1773600978424	1	1	1	-1
10020000	1	1.467163835236e+15	-4483558395381	-8967116790762	0.17752005529	1	1	1	-1
10040000	1	1.468228699667e+15	-4471480473373	-8942960946747	0.1776805783635	1	1	1	-1
10060000	1	1.469294528233e+15	-4459399557664	-8918799115328	0.1778416538747	1	1	1	-1
10080000	1	1.470361324207e+15	-4447316114646	-8894632229293	0.1780032688223	1	1	1	-1
10100000	1	1.471429090785e+15	-4435230605406	-8870461210812	0.1781654103887	1	1	1	-1
10120000	1	1.472497831087e+15	-4423143485761	-8846286971522	0.1783280659378	1	1	1	-1
10140000	1	1.473567548157e+15	-4411055206306	-8822110412612	0.1784912230119	1	1	1	-1
10160000	1	1.474638244964e+15	-4398966212453	-8797932424906	0.1786548693294	1	1	1	-1
10180000	1	1.475709924407e+15	-4386876944471	-8773753888942	0.1788189927819	1	1	1	-1
10200000	1	1.476782589309e+15	-4374787837530	-8749575675059	0.1789835814322	1	1	1	-1
10220000	1	1.477856242426e+15	-4362699321737	-8725398643475	0.1791486235111	1	1	1	-1
10240000	1	1.47893088644e+15	-4350611822183	-8701223644366	0.1793141074158	1	1	1	-1
10260000	1	1.480006523966e+15	-4338525758976	-8677051517951	0.1794800217066	1	1	1	-1
10280000	1	1.481083157552e+15	-4326441547284	-8652883094569	0.1796463551054	1	1	1	-1
10300000	1	1.482160789676e+15	-4314359597378	-8628719194755	0.1798130964928	1	1	1	-1
10320000	1	1.483239422753e+15	-4302280314662	-8604560629325	0.1799802349058	1	1	1	-1
10340000	1	1.484319059129e+15	-4290204099723	-8580408199446	0.1801477595362	1	1	1	-1
10360000	1	1.485399701089e+15	-4278131348360	-8556262696721	0.1803156597275	1	1	1	-1
10380000	1	1.486481350852e+15	-4266062451630	-8532124903260	0.1804839249735	1	1	1	-1
10400000	1	1.487564010577e+15	-4253997795880	-8507995591760	0.1806525449157	1	1	1	-1
10420000	1	1.48864768236e+15	-4241937762789	-8483875525579	0.1808215093413	1	1	1	-1
10440000	1	1.489732368236e+15	-4229882729406	-8459765458811	0.1809908081813	1	1	1	-1
10460000	1	1.490818070179e+15	-4217833068181	-8435666136363	0.1811604315081	1	1	1	-1
10480000	1	1.491904790107e+15	-4205789147013	-8411578294025	0.1813303695342	1	1	1	-1
10500000	1	1.492992529876e+15	-4193751329275	-8387502658550	0.1815006126092	1	1	1	-1
10520000	1	1.494081291289e+15	-4181719973861	-8363439947722	0.1816711512189	1	1	1	-1
10540000	1	1.495171076087e+15	-4169695435215	-8339390870430	0.1818419759828	1	1	1	-1
10560000	1	1.49626188596e+15	-4157678063371	-8315356126742	0.1820130776523	1	1	1	-1
10580000	1	1.49735372254e+15	-4145668203988	-8291336407976	0.1821844471089	1	1	1	-1
10600000	1	1.498446587406e+15	-4133666198385	-8267332396771	0.1823560753625	1	1	1	-1
10620000	1	1.499540482082e+15	-4121672383579	-8243344767158	0.1825279535496	1	1	1	-1
10640000	1	1.500635408042e+15	-4109687092316	-8219374184631	0.1827000729312	1	1	1	-1
10660000	1	1.501731366704e+15	-4097710653109	-8195421306218	0.1828724248916	1	1	1	-1
10680000	1	1.50282835944e+15	-4085743390274	-8171486780548	0.1830450009364	1	1	1	-1
10700000	1	1.503926387566e+15	-4073785623961	-8147571247921	0.1832177926906	1	1	1	-1
10720000	1	1.505025452351e+15	-4061837670190	-8123675340379	0.1833907918977	1	1	1	-1
10740000	1	1.506125555015e+15	-4049899840886	-8099799681772	0.183563990417	1	1	1	-1
10760000	1	1.507226696729e+15	-4037972443913	-8075944887826	0.1837373802232	1	1	1	-1
10780000	1	1.508328878615e+15	-4026055783105	-8052111566211	0.1839109534038	1	1	1	-1
10800000	1	1.509432101751e+15	-4014150158304	-8028300316608	0.184084702158	1	1	1	-1
10820000	1	1.510536367165e+15	-4002255865387	-8004511730775	0.1842586187955	1	1	1	-1
10840000	1	1.511641675841e+15	-3990373196307	-7980746392614	0.1844326957342	1	1	1	-1
10860000	1	1.512748028718e+15	-3978502439118	-7957004878236	0.1846069254996	1	1	1	-1
10880000	1	1.51385542669e+15	-3966643878014	-7933287756028	0.1847813007225	1	1	1	-1
10900000	1	1.514963870607e+15	-3954797793357	-7909595586714	0.1849558141384	1	1	1	-1
10920000	1	1.516073361277e+15	-3942964461712	-7885928923424	0.1851304585854	1	1	1	-1
10940000	1	1.517183899464e+15	-3931144155878	-7862288311756	0.1853052270031	1	1	1	-1
10960000	1	1.51829548589e+15	-3919337144920	-7838674289840	0.1854801124314	1	1	1	-1
10980000	1	1.519408121237e+15	-3907543694200	-7815087388399	0.1856551080089	1	1	1	-1
11000000	1	1.520521806144e+15	-3895764065409	-7791528130819	0.1858302069716	1	1	1	-1
11020000	1	1.521636541211e+15	-3883998516601	-7767997033201	0.1860054026516	1	1	1	-1
11040000	1	1.522752326999e+15	-3872247302217	-7744494604434	0.1861806884761	1	1	1	-1
11060000	1	1.523869164027e+15	-3860510673124	-7721021346249	0.1863560579656	1	1	1	-1
11080000	1	1.52498705278e+15	-3848788876641	-7697577753283	0.1865315047332	1	1	1	-1
11100000	1	1.526105993701e+15	-3837082156570	-7674164313141	0.1867070224828	1	1	1	-1
11120000	1	1.527225987198e+15	-3825390753227	-7650781506454	0.1868826050086	1	1	1	-1
11140000	1	1.528347033639e+15	-3813714903473	-7627429806945	0.1870582461932	1	1	1	-1
11160000	1	1.529469133359e+15	-3802054840740	-7604109681481	0.1872339400068	1	1	1	-1
11180000	1	1.530592286656e+15	-3790410795068	-7580821590137	0.1874096805061	1	1	1	-1
11200000	1	1.531716493792e+15	-3778782993128	-7557565986255	0.1875854618329	1	1	1	-1
11220000	1	1.532841754994e+15	-3767171658252	-7534343316505	0.1877612782132	1	1	1	-1
11240000	1	1.533968070455e+15	-3755577010468	-7511154020935	0.1879371239559	1	1	1	-1
11260000	1	1.535095440335e+15	-3743999266520	-7487998533041	0.1881129934519	1	1	1	-1
11280000	1	1.536223864759e+15	-3732438639907	-7464877279814	0.1882888811729	1	1	1	-1
11300000	1	1.53735334382e+15	-3720895340902	-7441790681805	0.1884647816704	1	1	1	-1
11320000	1	1.538483877579e+15	-3709369576588	-7418739153176	0.1886406895747	1	1	1	-1
11340000	1	1.539615466065e+15	-3697861550881	-7395723101762	0.1888165995935	1	1	1	-1
11360000	1	1.540748109273e+15	-3686371464562	-7372742929124	0.1889925065116	1	1	1	-1
11380000	1	1.541881807171e+15	-3674899515302	-7349799030604	0.1891684051892	1	1	1	-1
11400000	1	1.543016559693e+15	-3663445897693	-7326891795386	0.1893442905613	1	1	1	-1
11420000	1	1.544152366746e+15	-3652010803273	-7304021606545	0.1895201576365	1	1	1	-1
11440000	1	1.545289228203e+15	-3640594420552	-7281188841104	0.1896960014965	1	1	1	-1
11460000	1	1.546427143912e+15	-3629196935046	-7258393870091	0.1898718172944	1	1	1	-1
11480000	1	1.54756611369e+15	-3617818529295	-7235637058590	0.1900476002545	1	1	1	-1
11500000	1	1.548706137326e+15	-3606459382898	-7212918765797	0.1902233456709	1	1	1	-1
11520000	1	1.54984721458e+15	-3595119672535	-7190239345071	0.190399048907	1	1	1	-1
11540000	1	1.550989345187e+15	-3583799571995	-7167599143990	0.1905747053941	1	1	1	-1
11560000	1	1.552132528852e+15	-3572499252202	-7144998504404	0.190750310631	1	1	1	-1
11580000	1	1.553276765255e+15	-3561218881242	-7122437762483	0.1909258601827	1	1	1	-1
11600000	1	1.554422054049e+15	-3549958624388	-7099917248777	0.1911013496802	1	1	1	-1
11620000	1	1.555568394861e+15	-3538718644129	-7077437288258	0.1912767748188	1	1	1	-1
11640000	1	1.556715787291e+15	-3527499100191	-7054998200382	0.1914521313579	1	1	1	-1
11660000	1	1.557864230917e+15	-3516300149565	-7032600299131	0.19162741512	1	1	1	-1
11680000	1	1.55901372529e+15	-3505121946535	-7010243893070	0.1918026219898	1	1	1	-1
11700000	1	1.560164269935e+15	-3493964642698	-6987929285396	0.1919777479136	1	1	1	-1
11720000	1	1.561315864357e+15	-3482828386993	-6965656773987	0.1921527888982	1	1	1	-1
11740000	1	1.562468508033e+15	-3471713325726	-6943426651451	0.1923277410106	1	1	1	-1
11760000	1	1.56362220042e+15	-3460619602591	-6921239205181	0.1925026003766	1	1	1	-1
11780000	1	1.56477694095e+15	-3449547358699	-6899094717398	0.1926773631807	1	1	1	-1
11800000	1	1.565932729032e+15	-3438496732601	-6876993465202	0.1928520256648	1	1	1	-1
11820000	1	1.567089564054e+15	-3427467860312	-6854935720624	0.1930265841281	1	1	1	-1
11840000	1	1.568247445382e+15	-3416460875334	-6832921750668	0.1932010349255	1	1	1	-1
11860000	1	1.569406372358e+15	-3405475908682	-6810951817364	0.1933753744678	1	1	1	-1
11880000	1	1.570566344305e+15	-3394513088908	-6789026177815	0.1935495992203	1	1	1	-1
11900000	1	1.571727360525e+15	-3383572542121	-6767145084243	0.1937237057025	1	1	1	-1
11920000	1	1.572889420298e+15	-3372654392018	-6745308784036	0.1938976904874	1	1	1	-1
11940000	1	1.574052522885e+15	-3361758759898	-6723517519796	0.1940715502006	1	1	1	-1
11960000	1	1.575216667524e+15	-3350885764692	-6701771529384	0.1942452815197	1	1	1	-1
11980000	1	1.576381853437e+15	-3340035522984	-6680071045968	0.1944188811737	1	1	1	-1
12000000	1	1.577548079825e+15	-3329208149034	-6658416298068	0.1945923459426	1	1	1	-1
12020000	1	1.578715345869e+15	-3318403754800	-6636807509600	0.1947656726561	1	1	1	-1
12040000	1	1.579883650733e+15	-3307622449962	-6615244899923	0.1949388581938	1	1	1	-1
12060000	1	1.581052993559e+15	-3296864341942	-6593728683884	0.1951118994838	1	1	1	-1
12080000	1	1.582223373476e+15	-3286129535931	-6572259071863	0.1952847935026	1	1	1	-1
12100000	1	1.583394789589e+15	-3275418134906	-6550836269813	0.1954575372743	1	1	1	-1
12120000	1	1.584567240991e+15	-3264730239656	-6529460479311	0.19563012787	1	1	1	-1
12140000	1	1.585740726753e+15	-3254065948798	-6508131897597	0.1958025624073	1	1	1	-1
12160000	1	1.586915245932e+15	-3243425358809	-6486850717618	0.1959748380495	1	1	1	-1
12180000	1	1.588090797566e+15	-3232808564036	-6465617128072	0.1961469520054	1	1	1	-1
12200000	1	1.589267380678e+15	-3222215656725	-6444431313451	0.1963189015283	1	1	1	-1
12220000	1	1.590444994274e+15	-3211646727041	-6423293454082	0.1964906839158	1	1	1	-1
12240000	1	1.591623637343e+15	-3201101863086	-6402203726173	0.1966622965089	1	1	1	-1
12260000	1	1.59280330886e+15	-3190581150924	-6381162301847	0.1968337366919	1	1	1	-1
12280000	1	1.593984007783e+15	-3180084674598	-6360169349196	0.1970050018913	1	1	1	-1
12300000	1	1.595165733055e+15	-3169612516154	-6339225032308	0.1971760895758	1	1	1	-1
12320000	1	1.596348483605e+15	-3159164755661	-6318329511321	0.1973469972555	1	1	1	-1
12340000	1	1.597532258346e+15	-3148741471228	-6297482942456	0.1975177224814	1	1	1	-1
12360000	1	1.598717056177e+15	-3138342739029	-6276685478058	0.1976882628448	1	1	1	-1
12380000	1	1.599902875981e+15	-3127968633321	-6255937266642	0.1978586159772	1	1	1	-1
12400000	1	1.601089716631e+15	-3117619226462	-6235238452925	0.1980287795491	1	1	1	-1
12420000	1	1.602277576981e+15	-3107294588935	-6214589177871	0.1981987512703	1	1	1	-1
12440000	1	1.603466455875e+15	-3096994789364	-6193989578729	0.1983685288887	1	1	1	-1
12460000	1	1.604656352143e+15	-3086719894535	-6173439789071	0.1985381101905	1	1	1	-1
12480000	1	1.605847264601e+15	-3076469969417	-6152939938833	0.198707492999	1	1	1	-1
12500000	1	1.607039192052e+15	-3066245077176	-6132490154352	0.1988766751748	1	1	1	-1
12520000	1	1.608232133287e+15	-3056045279202	-6112090558404	0.1990456546149	1	1	1	-1
12540000	1	1.609426087085e+15	-3045870635121	-6091741270242	0.1992144292524	1	1	1	-1
12560000	1	1.610621052211e+15	-3035721202818	-6071442405636	0.1993829970559	1	1	1	-1
12580000	1	1.611817027418e+15	-3025597038453	-6051194076906	0.1995513560295	1	1	1	-1
12600000	1	1.61301401145e+15	-3015498196482	-6030996392964	0.1997195042119	1	1	1	-1
12620000	1	1.614212003036e+15	-3005424729674	-6010849459348	0.1998874396759	1	1	1	-1
12640000	1	1.615411000896e+15	-2995376689130	-5990753378259	0.2000551605285	1	1	1	-1
12660000	1	1.616611003736e+15	-2985354124299	-5970708248598	0.20022266491	1	1	1	-1
12680000	1	1.617812010254e+15	-2975357083000	-5950714166000	0.2003899509937	1	1	1	-1
12700000	1	1.619014019135e+15	-2965385611437	-5930771222874	0.2005570169858	1	1	1	-1
12720000	1	1.620217029054e+15	-2955439754216	-5910879508433	0.2007238611244	1	1	1	-1
12740000	1	1.621421038676e+15	-2945519554367	-5891039108735	0.2008904816795	1	1	1	-1
12760000	1	1.622626046656e+15	-2935625053357	-5871250106713	0.2010568769527	1	1	1	-1
12780000	1	1.623832051636e+15	-2925756291107	-5851512582214	0.2012230452765	1	1	1	-1
12800000	1	1.625039052253e+15	-2915913306015	-5831826612030	0.2013889850139	1	1	1	-1
12820000	1	1.626247047129e+15	-2906096134967	-5812192269933	0.2015546945585	1	1	1	-1
12840000	1	1.627456034882e+15	-2896304813356	-5792609626711	0.2017201723335	1	1	1	-1
12860000	1	1.628666014115e+15	-2886539375100	-5773078750200	0.2018854167916	1	1	1	-1
12880000	1	1.629876983426e+15	-2876799852658	-5753599705316	0.2020504264149	1	1	1	-1
12900000	1	1.631088941401e+15	-2867086277046	-5734172554092	0.2022151997141	1	1	1	-1
12920000	1	1.632301886621e+15	-2857398677853	-5714797355707	0.2023797352282	1	1	1	-1
12940000	1	1.633515817654e+15	-2847737083261	-5695474166521	0.2025440315244	1	1	1	-1
12960000	1	1.634730733063e+15	-2838101520054	-5676203040108	0.2027080871977	1	1	1	-1
12980000	1	1.635946631399e+15	-2828492013643	-5656984027286	0.2028719008703	1	1	1	-1
13000000	1	1.637163511209e+15	-2818908588074	-5637817176148	0.2030354711915	1	1	1	-1
13020000	1	1.638381371029e+15	-2809351266049	-5618702532097	0.2031987968372	1	1	1	-1
13040000	1	1.639600209388e+15	-2799820068939	-5599640137878	0.2033618765096	1	1	1	-1
13060000	1	1.640820024808e+15	-2790315016802	-5580630033604	0.2035247089372	1	1	1	-1
13080000	1	1.642040815802e+15	-2780836128395	-5561672256790	0.2036872928739	1	1	1	-1
13100000	1	1.643262580877e+15	-2771383421192	-5542766842385	0.2038496270991	1	1	1	-1
13120000	1	1.644485318531e+15	-2761956911400	-5523913822801	0.2040117104171	1	1	1	-1
13140000	1	1.645709027258e+15	-2752556613971	-5505113227941	0.2041735416571	1	1	1	-1
13160000	1	1.646933705542e+15	-2743182542617	-5486365085235	0.2043351196727	1	1	1	-1
13180000	1	1.648159351861e+15	-2733834709830	-5467669419661	0.2044964433415	1	1	1	-1
13200000	1	1.649385964687e+15	-2724513126891	-5449026253782	0.2046575115651	1	1	1	-1
13220000	1	1.650613542486e+15	-2715217803886	-5430435607773	0.2048183232683	1	1	1	-1
13240000	1	1.651842083715e+15	-2705948749723	-5411897499447	0.2049788773995	1	1	1	-1
13260000	1	1.653071586829e+15	-2696705972144	-5393411944287	0.2051391729298	1	1	1	-1
13280000	1	1.654302050272e+15	-2687489477738	-5374978955476	0.2052992088529	1	1	1	-1
13300000	1	1.655533472486e+15	-2678299271959	-5356598543918	0.2054589841849	1	1	1	-1
13320000	1	1.656765851905e+15	-2669135359137	-5338270718274	0.205618497964	1	1	1	-1
13340000	1	1.657999186958e+15	-2659997742493	-5319995484987	0.2057777492502	1	1	1	-1
13360000	1	1.659233476068e+15	-2650886424154	-5301772848307	0.2059367371249	1	1	1	-1
13380000	1	1.660468717654e+15	-2641801405161	-5283602810323	0.2060954606909	1	1	1	-1
13400000	1	1.661704910128e+15	-2632742685492	-5265485370985	0.2062539190718	1	1	1	-1
13420000	1	1.662942051897e+15	-2623710264067	-5247420528135	0.2064121114121	1	1	1	-1
13440000	1	1.664180141364e+15	-2614704138766	-5229408277532	0.2065700368765	1	1	1	-1
13460000	1	1.665419176926e+15	-2605724306439	-5211448612878	0.2067276946501	1	1	1	-1
13480000	1	1.666659156976e+15	-2596770762923	-5193541525845	0.2068850839377	1	1	1	-1
13500000	1	1.667900079902e+15	-2587843503051	-5175687006101	0.2070422039641	1	1	1	-1
13520000	1	1.669141944086e+15	-2578942520668	-5157885041335	0.2071990539732	1	1	1	-1
13540000	1	1.670384747908e+15	-2570067808642	-5140135617283	0.2073556332282	1	1	1	-1
13560000	1	1.671628489742e+15	-2561219358877	-5122438717753	0.2075119410112	1	1	1	-1
13580000	1	1.672873167958e+15	-2552397162325	-5104794324651	0.2076679766232	1	1	1	-1
13600000	1	1.674118780923e+15	-2543601209002	-5087202418004	0.2078237393832	1	1	1	-1
13620000	1	1.675365326998e+15	-2534831487994	-5069662975988	0.2079792286289	1	1	1	-1
13640000	1	1.676612804542e+15	-2526087987474	-5052175974947	0.2081344437157	1	1	1	-1
13660000	1	1.677861211908e+15	-2517370694712	-5034741389425	0.2082893840167	1	1	1	-1
13680000	1	1.679110547448e+15	-2508679596091	-5017359192181	0.2084440489227	1	1	1	-1
13700000	1	1.680360809508e+15	-2500014677110	-5000029354221	0.2085984378418	1	1	1	-1
13720000	1	1.681611996431e+15	-2491375922408	-4982751844815	0.208752550199	1	1	1	-1
13740000	1	1.682864106559e+15	-2482763315763	-4965526631526	0.2089063854364	1	1	1	-1
13760000	1	1.684117138228e+15	-2474176840114	-4948353680228	0.2090599430124	1	1	1	-1
13780000	1	1.685371089771e+15	-2465616477567	-4931232955133	0.2092132224021	1	1	1	-1
13800000	1	1.686625959518e+15	-2457082209407	-4914164418813	0.2093662230968	1	1	1	-1
13820000	1	1.687881745798e+15	-2448574016110	-4897148032220	0.2095189446036	1	1	1	-1
13840000	1	1.689138446935e+15	-2440091877355	-4880183754710	0.2096713864456	1	1	1	-1
13860000	1	1.690396061251e+15	-2431635772034	-4863271544067	0.2098235481615	1	1	1	-1
13880000	1	1.691654587065e+15	-2423205678262	-4846411356523	0.2099754293051	1	1	1	-1
13900000	1	1.692914022692e+15	-2414801573390	-4829603146779	0.2101270294457	1	1	1	-1
13920000	1	1.694174366448e+15	-2406423434014	-4812846868028	0.2102783481675	1	1	1	-1
13940000	1	1.695435616644e+15	-2398071235988	-4796142471976	0.2104293850694	1	1	1	-1
13960000	1	1.696697771588e+15	-2389744954432	-4779489908864	0.2105801397651	1	1	1	-1
13980000	1	1.697960829587e+15	-2381444563743	-4762889127486	0.2107306118824	1	1	1	-1
14000000	1	1.699224788947e+15	-2373170037607	-4746340075214	0.2108808010637	1	1	1	-1
14020000	1	1.700489647969e+15	-2364921349008	-4729842698015	0.211030706965	1	1	1	-1
14040000	1	1.701755404954e+15	-2356698470237	-4713396940474	0.2111803292566	1	1	1	-1
14060000	1	1.703022058201e+15	-2348501372906	-4697002745812	0.2113296676222	1	1	1	-1
14080000	1	1.704289606006e+15	-2340330027954	-4680660055907	0.211478721759	1	1	1	-1
14100000	1	1.705558046665e+15	-2332184405658	-4664368811316	0.2116274913776	1	1	1	-1
14120000	1	1.70682737847e+15	-2324064475645	-4648128951289	0.2117759762016	1	1	1	-1
14140000	1	1.708097599713e+15	-2315970206898	-4631940413796	0.2119241759679	1	1	1	-1
14160000	1	1.709368708684e+15	-2307901567769	-4615803135538	0.2120720904257	1	1	1	-1
14180000	1	1.710640703673e+15	-2299858525987	-4599717051974	0.2122197193371	1	1	1	-1
14200000	1	1.711913582965e+15	-2291841048667	-4583682097335	0.2123670624767	1	1	1	-1
14220000	1	1.713187344847e+15	-2283849102321	-4567698204643	0.2125141196314	1	1	1	-1
14240000	1	1.714461987605e+15	-2275882652866	-4551765305731	0.2126608905999	1	1	1	-1
14260000	1	1.71573750952e+15	-2267941665631	-4535883331262	0.2128073751932	1	1	1	-1
14280000	1	1.717013908875e+15	-2260026105373	-4520052210746	0.212953573234	1	1	1	-1
14300000	1	1.718291183953e+15	-2252135936278	-4504271872556	0.2130994845566	1	1	1	-1
14320000	1	1.719569333033e+15	-2244271121975	-4488542243951	0.2132451090069	1	1	1	-1
14340000	1	1.720848354395e+15	-2236431625544	-4472863251087	0.2133904464419	1	1	1	-1
14360000	1	1.722128246317e+15	-2228617409521	-4457234819043	0.2135354967301	1	1	1	-1
14380000	1	1.723409007078e+15	-2220828435914	-4441656871828	0.2136802597507	1	1	1	-1
14400000	1	1.724690634955e+15	-2213064666204	-4426129332409	0.2138247353941	1	1	1	-1
14420000	1	1.725973128224e+15	-2205326061359	-4410652122717	0.2139689235612	1	1	1	-1
14440000	1	1.727256485161e+15	-2197612581838	-4395225163675	0.2141128241634	1	1	1	-1
14460000	1	1.728540704043e+15	-2189924187603	-4379848375206	0.214256437123	1	1	1	-1
14480000	1	1.729825783143e+15	-2182260838126	-4364521676252	0.214399762372	1	1	1	-1
14500000	1	1.731111720738e+15	-2174622492396	-4349244984792	0.214542799853	1	1	1	-1
14520000	1	1.732398515101e+15	-2167009108929	-4334018217859	0.2146855495185	1	1	1	-1
14540000	1	1.733686164506e+15	-2159420645775	-4318841291550	0.2148280113307	1	1	1	-1
14560000	1	1.734974667228e+15	-2151857060525	-4303714121049	0.2149701852618	1	1	1	-1
14580000	1	1.73626402154e+15	-2144318310319	-4288636620639	0.2151120712935	1	1	1	-1
14600000	1	1.737554225716e+15	-2136804351859	-4273608703717	0.215253669417	1	1	1	-1
14620000	1	1.73884527803e+15	-2129315141406	-4258630282812	0.2153949796328	1	1	1	-1
14640000	1	1.740137176756e+15	-2121850634799	-4243701269598	0.2155360019506	1	1	1	-1
14660000	1	1.741429920168e+15	-2114410787454	-4228821574909	0.2156767363893	1	1	1	-1
14680000	1	1.742723506538e+15	-2106995554378	-4213991108755	0.2158171829767	1	1	1	-1
14700000	1	1.744017934143e+15	-2099604890169	-4199209780339	0.2159573417494	1	1	1	-1
14720000	1	1.745313201256e+15	-2092238749032	-4184477498064	0.2160972127527	1	1	1	-1
14740000	1	1.746609306151e+15	-2084897084779	-4169794169558	0.2162367960406	1	1	1	-1
14760000	1	1.747906247104e+15	-2077579850839	-4155159701678	0.2163760916756	1	1	1	-1
14780000	1	1.749204022391e+15	-2070287000266	-4140574000531	0.2165150997282	1	1	1	-1
14800000	1	1.750502630287e+15	-2063018485743	-4126036971487	0.2166538202776	1	1	1	-1
14820000	1	1.751802069069e+15	-2055774259595	-4111548519189	0.2167922534108	1	1	1	-1
14840000	1	1.753102337014e+15	-2048554273786	-4097108547572	0.2169303992229	1	1	1	-1
14860000	1	1.754403432399e+15	-2041358479936	-4082716959873	0.2170682578169	1	1	1	-1
14880000	1	1.755705353503e+15	-2034186829322	-4068373658644	0.2172058293035	1	1	1	-1
14900000	1	1.757008098604e+15	-2027039272885	-4054078545770	0.2173431138012	1	1	1	-1
14920000	1	1.758311665982e+15	-2019915761238	-4039831522475	0.2174801114359	1	1	1	-1
14940000	1	1.759616053918e+15	-2012816244672	-4025632489343	0.2176168223411	1	1	1	-1
14960000	1	1.760921260692e+15	-2005740673162	-4011481346323	0.2177532466574	1	1	1	-1
14980000	1	1.762227284588e+15	-1998688996374	-3997377992748	0.2178893845328	1	1	1	-1
15000000	1	1.763534123887e+15	-1991661163672	-3983322327343	0.2180252361224	1	1	1	-1
15020000	1	1.764841776874e+15	-1984657124121	-3969314248242	0.2181608015883	1	1	1	-1
15040000	1	1.766150241833e+15	-1977676826497	-3955353652995	0.2182960810995	1	1	1	-1
15060000	1	1.767459517051e+15	-1970720219292	-3941440438585	0.2184310748318	1	1	1	-1
15080000	1	1.768769600815e+15	-1963787250718	-3927574501437	0.2185657829679	1	1	1	-1
15100000	1	1.770080491413e+15	-1956877868716	-3913755737432	0.2187002056967	1	1	1	-1
15120000	1	1.771392187135e+15	-1949992020958	-3899984041916	0.2188343432141	1	1	1	-1
15140000	1	1.77270468627e+15	-1943129654858	-3886259309716	0.218968195722	1	1	1	-1
15160000	1	1.77401798711e+15	-1936290717573	-3872581435147	0.2191017634289	1	1	1	-1
15180000	1	1.775332087949e+15	-1929475156012	-3858950312025	0.2192350465495	1	1	1	-1
15200000	1	1.776646987081e+15	-1922682916840	-3845365833680	0.2193680453044	1	1	1	-1
15220000	1	1.777962682802e+15	-1915913946483	-3831827892966	0.2195007599206	1	1	1	-1
15240000	1	1.779279173408e+15	-1909168191135	-3818336382271	0.2196331906307	1	1	1	-1
15260000	1	1.780596457198e+15	-1902445596764	-3804891193528	0.2197653376734	1	1	1	-1
15280000	1	1.781914532472e+15	-1895746109114	-3791492218228	0.2198972012931	1	1	1	-1
15300000	1	1.783233397531e+15	-1889069673714	-3778139347429	0.2200287817399	1	1	1	-1
15320000	1	1.784553050679e+15	-1882416235883	-3764832471766	0.2201600792693	1	1	1	-1
15340000	1	1.785873490219e+15	-1875785740731	-3751571481462	0.2202910941427	1	1	1	-1
15360000	1	1.787194714458e+15	-1869178133170	-3738356266339	0.2204218266266	1	1	1	-1
15380000	1	1.788516721703e+15	-1862593357914	-3725186715829	0.2205522769929	1	1	1	-1
15400000	1	1.789839510264e+15	-1856031359490	-3712062718980	0.2206824455188	1	1	1	-1
15420000	1	1.791163078452e+15	-1849492082235	-3698984164470	0.2208123324868	1	1	1	-1
15440000	1	1.792487424578e+15	-1842975470309	-3685950940617	0.2209419381841	1	1	1	-1
15460000	1	1.793812546959e+15	-1836481467693	-3672962935385	0.2210712629035	1	1	1	-1
15480000	1	1.795138443909e+15	-1830010018199	-3660020036397	0.2212003069421	1	1	1	-1
15500000	1	1.796465113748e+15	-1823561065472	-3647122130944	0.2213290706024	1	1	1	-1
15520000	1	1.797792554794e+15	-1817134552996	-3634269105991	0.2214575541912	1	1	1	-1
15540000	1	1.799120765369e+15	-1810730424097	-3621460848193	0.2215857580205	1	1	1	-1
15560000	1	1.800449743798e+15	-1804348621949	-3608697243898	0.2217136824064	1	1	1	-1
15580000	1	1.801779488404e+15	-1797989089580	-3595978179159	0.22184132767	1	1	1	-1
15600000	1	1.803109997517e+15	-1791651769871	-3583303539742	0.2219686941366	1	1	1	-1
15620000	1	1.804441269464e+15	-1785336605567	-3570673211134	0.222095782136	1	1	1	-1
15640000	1	1.805773302578e+15	-1779043539278	-3558087078557	0.2222225920023	1	1	1	-1
15660000	1	1.807106095192e+15	-1772772513483	-3545545026967	0.2223491240739	1	1	1	-1
15680000	1	1.808439645641e+15	-1766523470536	-3533046941072	0.2224753786933	1	1	1	-1
15700000	1	1.809773952263e+15	-1760296352668	-3520592705336	0.2226013562072	1	1	1	-1
15720000	1	1.811109013397e+15	-1754091101994	-3508182203987	0.2227270569664	1	1	1	-1
15740000	1	1.812444827386e+15	-1747907660514	-3495815321027	0.2228524813255	1	1	1	-1
15760000	1	1.813781392572e+15	-1741745970119	-3483491940239	0.2229776296432	1	1	1	-1
15780000	1	1.815118707302e+15	-1735605972597	-3471211945194	0.223102502282	1	1	1	-1
15800000	1	1.816456769923e+15	-1729487609632	-3458975219264	0.2232270996081	1	1	1	-1
15820000	1	1.817795578787e+15	-1723390822811	-3446781645622	0.2233514219914	1	1	1	-1
15840000	1	1.819135132246e+15	-1717315553628	-3434631107256	0.2234754698056	1	1	1	-1
15860000	1	1.820475428655e+15	-1711261743487	-3422523486974	0.223599243428	1	1	1	-1
15880000	1	1.821816466371e+15	-1705229333707	-3410458667414	0.2237227432391	1	1	1	-1
15900000	1	1.823158243753e+15	-1699218265523	-3398436531047	0.2238459696233	1	1	1	-1
15920000	1	1.824500759163e+15	-1693228480094	-3386456960188	0.2239689229681	1	1	1	-1
15940000	1	1.825844010965e+15	-1687259918501	-3374519837003	0.2240916036646	1	1	1	-1
15960000	1	1.827187997526e+15	-1681312521757	-3362625043514	0.2242140121068	1	1	1	-1
15980000	1	1.828532717214e+15	-1675386230805	-3350772461610	0.2243361486923	1	1	1	-1
16000000	1	1.829878168401e+15	-1669480986524	-3338961973048	0.2244580138217	1	1	1	-1
16020000	1	1.83122434946e+15	-1663596729734	-3327193459468	0.2245796078988	1	1	1	-1
16040000	1	1.832571258767e+15	-1657733401195	-3315466802391	0.2247009313302	1	1	1	-1
16060000	1	1.8339188947e+15	-1651890941617	-3303781883233	0.2248219845258	1	1	1	-1
16080000	1	1.835267255642e+15	-1646069291654	-3292138583309	0.2249427678984	1	1	1	-1
16100000	1	1.836616339974e+15	-1640268391919	-3280536783837	0.2250632818634	1	1	1	-1
16120000	1	1.837966146083e+15	-1634488182975	-3268976365949	0.2251835268394	1	1	1	-1
16140000	1	1.839316672358e+15	-1628728605348	-3257457210695	0.2253035032475	1	1	1	-1
16160000	1	1.840667917189e+15	-1622989599524	-3245979199049	0.2254232115117	1	1	1	-1
16180000	1	1.842019878969e+15	-1617271105958	-3234542211916	0.2255426520585	1	1	1	-1
16200000	1	1.843372556096e+15	-1611573065069	-3223146130138	0.2256618253173	1	1	1	-1
16220000	1	1.844725946968e+15	-1605895417251	-3211790834501	0.2257807317198	1	1	1	-1
16240000	1	1.846080049985e+15	-1600238102870	-3200476205740	0.2258993717002	1	1	1	-1
16260000	1	1.847434863552e+15	-1594601062272	-3189202124544	0.2260177456955	1	1	1	-1
16280000	1	1.848790386076e+15	-1588984235782	-3177968471564	0.2261358541448	1	1	1	-1
16300000	1	1.850146615964e+15	-1583387563709	-3166775127418	0.2262536974897	1	1	1	-1
16320000	1	1.851503551631e+15	-1577810986347	-3155621972695	0.226371276174	1	1	1	-1
16340000	1	1.852861191489e+15	-1572254443981	-3144508887962	0.226488590644	1	1	1	-1
16360000	1	1.854219533955e+15	-1566717876886	-3133435753773	0.226605641348	1	1	1	-1
16380000	1	1.855578577451e+15	-1561201225333	-3122402450666	0.2267224287366	1	1	1	-1
16400000	1	1.856938320398e+15	-1555704429589	-3111408859178	0.2268389532626	1	1	1	-1
16420000	1	1.858298761221e+15	-1550227429922	-3100454859843	0.2269552153807	1	1	1	-1
16440000	1	1.859659898349e+15	-1544770166600	-3089540333201	0.2270712155479	1	1	1	-1
16460000	1	1.861021730213e+15	-1539332579901	-3078665159801	0.2271869542229	1	1	1	-1
16480000	1	1.862384255245e+15	-1533914610105	-3067829220210	0.2273024318667	1	1	1	-1
16500000	1	1.863747471882e+15	-1528516197507	-3057032395013	0.2274176489418	1	1	1	-1
16520000	1	1.865111378564e+15	-1523137282411	-3046274564821	0.2275326059131	1	1	1	-1
16540000	1	1.866475973731e+15	-1517777805138	-3035555610276	0.2276473032468	1	1	1	-1
16560000	1	1.86784125583e+15	-1512437706027	-3024875412053	0.2277617414112	1	1	1	-1
16580000	1	1.869207223306e+15	-1507116925435	-3014233850870	0.2278759208764	1	1	1	-1
16600000	1	1.870573874611e+15	-1501815403743	-3003630807486	0.227989842114	1	1	1	-1
16620000	1	1.871941208198e+15	-1496533081356	-2993066162712	0.2281035055973	1	1	1	-1
16640000	1	1.873309222522e+15	-1491269898706	-2982539797412	0.2282169118014	1	1	1	-1
16660000	1	1.874677916042e+15	-1486025796253	-2972051592506	0.2283300612029	1	1	1	-1
16680000	1	1.876047287221e+15	-1480800714490	-2961601428980	0.2284429542798	1	1	1	-1
16700000	1	1.877417334522e+15	-1475594593943	-2951189187886	0.2285555915119	1	1	1	-1
16720000	1	1.878788056413e+15	-1470407375173	-2940814750346	0.2286679733802	1	1	1	-1
16740000	1	1.880159451365e+15	-1465238998779	-2930477997558	0.2287801003674	1	1	1	-1
16760000	1	1.88153151785e+15	-1460089405400	-2920178810800	0.2288919729573	1	1	1	-1
16780000	1	1.882904254345e+15	-1454958535718	-2909917071436	0.2290035916354	1	1	1	-1
16800000	1	1.884277659329e+15	-1449846330457	-2899692660914	0.2291149568884	1	1	1	-1
16820000	1	1.885651731283e+15	-1444752730389	-2889505460777	0.229226069204	1	1	1	-1
16840000	1	1.887026468693e+15	-1439677676331	-2879355352663	0.2293369290717	1	1	1	-1
16860000	1	1.888401870046e+15	-1434621109154	-2869242218308	0.2294475369819	1	1	1	-1
16880000	1	1.889777933834e+15	-1429582969778	-2859165939556	0.2295578934261	1	1	1	-1
16900000	1	1.89115465855e+15	-1424563199177	-2849126398353	0.2296679988973	1	1	1	-1
16920000	1	1.89253204269e+15	-1419561738380	-2839123476760	0.2297778538893	1	1	1	-1
16940000	1	1.893910084755e+15	-1414578528476	-2829157056951	0.2298874588973	1	1	1	-1
16960000	1	1.895288783246e+15	-1409613510610	-2819227021219	0.2299968144172	1	1	1	-1
16980000	1	1.89666813667e+15	-1404666625989	-2809333251979	0.2301059209462	1	1	1	-1
17000000	1	1.898048143535e+15	-1399737815885	-2799475631770	0.2302147789824	1	1	1	-1
17020000	1	1.899428802353e+15	-1394827021631	-2789654043261	0.2303233890249	1	1	1	-1
17040000	1	1.900810111638e+15	-1389934184627	-2779868369254	0.2304317515738	1	1	1	-1
17060000	1	1.902192069907e+15	-1385059246342	-2770118492684	0.2305398671299	1	1	1	-1
17080000	1	1.903574675682e+15	-1380202148314	-2760404296628	0.2306477361951	1	1	1	-1
17100000	1	1.904957927486e+15	-1375362832151	-2750725664301	0.2307553592721	1	1	1	-1
17120000	1	1.906341823846e+15	-1370541239534	-2741082479068	0.2308627368643	1	1	1	-1
17140000	1	1.907726363291e+15	-1365737312219	-2731474624438	0.2309698694759	1	1	1	-1
17160000	1	1.909111544353e+15	-1360950992036	-2721901984073	0.2310767576121	1	1	1	-1
17180000	1	1.910497365569e+15	-1356182220895	-2712364441790	0.2311834017785	1	1	1	-1
17200000	1	1.911883825477e+15	-1351430940782	-2702861881564	0.2312898024817	1	1	1	-1
17220000	1	1.913270922619e+15	-1346697093764	-2693394187528	0.2313959602288	1	1	1	-1
17240000	1	1.91465865554e+15	-1341980621989	-2683961243979	0.2315018755276	1	1	1	-1
17260000	1	1.916047022788e+15	-1337281467691	-2674562935381	0.2316075488864	1	1	1	-1
17280000	1	1.917436022912e+15	-1332599573183	-2665199146367	0.2317129808144	1	1	1	-1
17300000	1	1.918825654469e+15	-1327934880869	-2655869761739	0.2318181718212	1	1	1	-1
17320000	1	1.920215916014e+15	-1323287333238	-2646574666475	0.2319231224168	1	1	1	-1
17340000	1	1.921606806107e+15	-1318656872866	-2637313745732	0.2320278331119	1	1	1	-1
17360000	1	1.922998323312e+15	-1314043442421	-2628086884841	0.2321323044177	1	1	1	-1
17380000	1	1.924390466194e+15	-1309446984660	-2618893969321	0.2322365368459	1	1	1	-1
17400000	1	1.925783233324e+15	-1304867442435	-2609734884870	0.2323405309085	1	1	1	-1
17420000	1	1.927176623273e+15	-1300304758689	-2600609517378	0.232444287118	1	1	1	-1
17440000	1	1.928570634617e+15	-1295758876460	-2591517752921	0.2325478059874	1	1	1	-1
17460000	1	1.929965265934e+15	-1291229738884	-2582459477768	0.23265108803	1	1	1	-1
17480000	1	1.931360515806e+15	-1286717289191	-2573434578381	0.2327541337593	1	1	1	-1
17500000	1	1.932756382818e+15	-1282221470711	-2564442941421	0.2328569436893	1	1	1	-1
17520000	1	1.934152865556e+15	-1277742226873	-2555484453745	0.2329595183345	1	1	1	-1
17540000	1	1.935549962613e+15	-1273279501206	-2546559002412	0.2330618582092	1	1	1	-1
17560000	1	1.936947672582e+15	-1268833237342	-2537666474685	0.2331639638284	1	1	1	-1
17580000	1	1.938345994059e+15	-1264403379015	-2528806758030	0.2332658357072	1	1	1	-1
17600000	1	1.939744925646e+15	-1259989870061	-2519979740121	0.2333674743609	1	1	1	-1
17620000	1	1.941144465944e+15	-1255592654422	-2511185308843	0.2334688803049	1	1	1	-1
17640000	1	1.942544613561e+15	-1251211676145	-2502423352291	0.2335700540551	1	1	1	-1
17660000	1	1.943945367106e+15	-1246846879386	-2493693758773	0.2336709961272	1	1	1	-1
17680000	1	1.945346725191e+15	-1242498208406	-2484996416813	0.2337717070372	1	1	1	-1
17700000	1	1.946748686432e+15	-1238165607576	-2476331215151	0.2338721873013	1	1	1	-1
17720000	1	1.948151249447e+15	-1233849021374	-2467698042749	0.2339724374357	1	1	1	-1
17740000	1	1.949554412858e+15	-1229548394393	-2459096788786	0.2340724579567	1	1	1	-1
17760000	1	1.95095817529e+15	-1225263671333	-2450527342667	0.2341722493807	1	1	1	-1
17780000	1	1.95236253537e+15	-1220994797009	-2441989594018	0.2342718122242	1	1	1	-1
17800000	1	1.953767491731e+15	-1216741716348	-2433483432695	0.2343711470034	1	1	1	-1
17820000	1	1.955173043005e+15	-1212504374390	-2425008748779	0.234470254235	1	1	1	-1
17840000	1	1.956579187831e+15	-1208282716291	-2416565432582	0.2345691344354	1	1	1	-1
17860000	1	1.957985924848e+15	-1204076687323	-2408153374646	0.2346677881209	1	1	1	-1
17880000	1	1.9593932527e+15	-1199886232874	-2399772465747	0.234766215808	1	1	1	-1
17900000	1	1.960801170033e+15	-1195711298447	-2391422596894	0.234864418013	1	1	1	-1
17920000	1	1.962209675497e+15	-1191551829666	-2383103659333	0.2349623952521	1	1	1	-1
17940000	1	1.963618767745e+15	-1187407772272	-2374815544545	0.2350601480415	1	1	1	-1
17960000	1	1.965028445432e+15	-1183279072126	-2366558144253	0.2351576768972	1	1	1	-1
17980000	1	1.966438707217e+15	-1179165675209	-2358331350417	0.2352549823351	1	1	1	-1
18000000	1	1.967849551763e+15	-1175067527621	-2350135055241	0.235352064871	1	1	1	-1
18020000	1	1.969260977734e+15	-1170984575586	-2341969151171	0.2354489250205	1	1	1	-1
18040000	1	1.970672983798e+15	-1166916765449	-2333833530897	0.2355455632989	1	1	1	-1
18060000	1	1.972085568627e+15	-1162864043677	-2325728087354	0.2356419802216	1	1	1	-1
18080000	1	1.973498730895e+15	-1158826356863	-2317652713726	0.2357381763036	1	1	1	-1
18100000	1	1.974912469279e+15	-1154803651721	-2309607303441	0.2358341520597	1	1	1	-1
18120000	1	1.976326782461e+15	-1150795875091	-2301591750182	0.2359299080045	1	1	1	-1
18140000	1	1.977741669123e+15	-1146802973938	-2293605947876	0.2360254446522	1	1	1	-1
18160000	1	1.979157127952e+15	-1142824895354	-2285649790707	0.2361207625171	1	1	1	-1
18180000	1	1.980573157638e+15	-1138861586555	-2277723173109	0.2362158621128	1	1	1	-1
18200000	1	1.981989756873e+15	-1134912994885	-2269825989771	0.2363107439528	1	1	1	-1
18220000	1	1.983406924355e+15	-1130979067817	-2261958135635	0.2364054085504	1	1	1	-1
18240000	1	1.984824658781e+15	-1127059752950	-2254119505901	0.2364998564184	1	1	1	-1
18260000	1	1.986242958853e+15	-1123154998013	-2246309996025	0.2365940880694	1	1	1	-1
18280000	1	1.987661823278e+15	-1119264750861	-2238529501722	0.2366881040155	1	1	1	-1
18300000	1	1.989081250763e+15	-1115388959482	-2230777918964	0.2367819047686	1	1	1	-1
18320000	1	1.990501240019e+15	-1111527571992	-2223055143985	0.2368754908402	1	1	1	-1
18340000	1	1.99192178976e+15	-1107680536639	-2215361073278	0.2369688627413	1	1	1	-1
18360000	1	1.993342898705e+15	-1103847801799	-2207695603599	0.2370620209826	1	1	1	-1
18380000	1	1.994764565573e+15	-1100029315982	-2200058631965	0.2371549660745	1	1	1	-1
18400000	1	1.996186789088e+15	-1096225027829	-2192450055658	0.2372476985267	1	1	1	-1
18420000	1	1.997609567977e+15	-1092434886112	-2184869772224	0.2373402188488	1	1	1	-1
18440000	1	1.999032900969e+15	-1088658839736	-2177317679473	0.2374325275496	1	1	1	-1
18460000	1	2.000456786797e+15	-1084896837740	-2169793675481	0.2375246251378	1	1	1	-1
18480000	1	2.001881224196e+15	-1081148829295	-2162297658591	0.2376165121214	1	1	1	-1
18500000	1	2.003306211906e+15	-1077414763707	-2154829527413	0.237708189008	1	1	1	-1
18520000	1	2.004731748668e+15	-1073694590413	-2147389180825	0.2377996563047	1	1	1	-1
18540000	1	2.006157833227e+15	-1069988258987	-2139976517974	0.2378909145181	1	1	1	-1
18560000	1	2.007584464331e+15	-1066295719137	-2132591438274	0.2379819641543	1	1	1	-1
18580000	1	2.009011640731e+15	-1062616920706	-2125233841413	0.2380728057189	1	1	1	-1
18600000	1	2.010439361181e+15	-1058951813672	-2117903627345	0.238163439717	1	1	1	-1
18620000	1	2.011867624437e+15	-1055300348149	-2110600696298	0.238253866653	1	1	1	-1
18640000	1	2.01329642926e+15	-1051662474386	-2103324948771	0.2383440870309	1	1	1	-1
18660000	1	2.014725774413e+15	-1048038142768	-2096076285535	0.2384341013542	1	1	1	-1
18680000	1	2.016155658662e+15	-1044427303817	-2088854607634	0.2385239101256	1	1	1	-1
18700000	1	2.017586080776e+15	-1040829908192	-2081659816384	0.2386135138475	1	1	1	-1
18720000	1	2.019017039526e+15	-1037245906688	-2074491813377	0.2387029130215	1	1	1	-1
18740000	1	2.020448533689e+15	-1033675250238	-2067350500477	0.2387921081486	1	1	1	-1
18760000	1	2.021880562042e+15	-1030117889912	-2060235779823	0.2388810997294	1	1	1	-1
18780000	1	2.023313123365e+15	-1026573776916	-2053147553831	0.2389698882638	1	1	1	-1
18800000	1	2.024746216444e+15	-1023042862595	-2046085725191	0.2390584742508	1	1	1	-1
18820000	1	2.026179840066e+15	-1019525098433	-2039050196867	0.2391468581892	1	1	1	-1
18840000	1	2.027613993019e+15	-1016020436051	-2032040872103	0.239235040577	1	1	1	-1
18860000	1	2.029048674098e+15	-1012528827208	-2025057654417	0.2393230219114	1	1	1	-1
18880000	1	2.030483882098e+15	-1009050223802	-2018100447605	0.239410802689	1	1	1	-1
18900000	1	2.031919615819e+15	-1005584577869	-2011169155739	0.239498383406	1	1	1	-1
18920000	1	2.033355874061e+15	-1002131841585	-2004263683170	0.2395857645576	1	1	1	-1
18940000	1	2.034792655631e+15	-998691967263.6	-1997383934527	0.2396729466385	1	1	1	-1
18960000	1	2.036229959336e+15	-995264907357.8	-1990529814716	0.2397599301427	1	1	1	-1
18980000	1	2.037667783987e+15	-991850614460.2	-1983701228920	0.2398467155633	1	1	1	-1
19000000	1	2.039106128397e+15	-988449041302.4	-1976898082605	0.239933303393	1	1	1	-1
19020000	1	2.040544991384e+15	-985060140755.4	-1970120281511	0.2400196941236	1	1	1	-1
19040000	1	2.041984371767e+15	-981683865829.7	-1963367731659	0.2401058882463	1	1	1	-1
19060000	1	2.043424268369e+15	-978320169675.5	-1956640339351	0.2401918862515	1	1	1	-1
19080000	1	2.044864680015e+15	-974969005582.5	-1949938011165	0.2402776886289	1	1	1	-1
19100000	1	2.046305605534e+15	-971630326980.2	-1943260653960	0.2403632958674	1	1	1	-1
19120000	1	2.047747043757e+15	-968304087438	-1936608174876	0.2404487084553	1	1	1	-1
19140000	1	2.049188993519e+15	-964990240665.1	-1929980481330	0.2405339268799	1	1	1	-1
19160000	1	2.050631453657e+15	-961688740510.6	-1923377481021	0.2406189516281	1	1	1	-1
19180000	1	2.052074423011e+15	-958399540963.7	-1916799081927	0.2407037831857	1	1	1	-1
19200000	1	2.053517900424e+15	-955122596153.6	-1910245192307	0.2407884220379	1	1	1	-1
19220000	1	2.054961884743e+15	-951857860349.3	-1903715720699	0.2408728686692	1	1	1	-1
19240000	1	2.056406374815e+15	-948605287960.2	-1897210575920	0.2409571235631	1	1	1	-1
19260000	1	2.057851369494e+15	-945364833535.7	-1890729667071	0.2410411872025	1	1	1	-1
19280000	1	2.059296867634e+15	-942136451765.2	-1884272903530	0.2411250600695	1	1	1	-1
19300000	1	2.060742868092e+15	-938920097478.3	-1877840194957	0.2412087426452	1	1	1	-1
19320000	1	2.062189369728e+15	-935715725644.8	-1871431451290	0.2412922354101	1	1	1	-1
19340000	1	2.063636371407e+15	-932523291374.3	-1865046582749	0.2413755388439	1	1	1	-1
19360000	1	2.065083871995e+15	-929342749916.9	-1858685499834	0.2414586534254	1	1	1	-1
19380000	1	2.066531870359e+15	-926174056662.4	-1852348113325	0.2415415796326	1	1	1	-1
19400000	1	2.067980365374e+15	-923017167140.8	-1846034334282	0.2416243179426	1	1	1	-1
19420000	1	2.069429355912e+15	-919872037022.2	-1839744074044	0.2417068688319	1	1	1	-1
19440000	1	2.070878840853e+15	-916738622116.4	-1833477244233	0.241789232776	1	1	1	-1
19460000	1	2.072328819076e+15	-913616878373.4	-1827233756747	0.2418714102495	1	1	1	-1
19480000	1	2.073779289465e+15	-910506761882.8	-1821013523766	0.2419534017263	1	1	1	-1
19500000	1	2.075230250906e+15	-907408228874.4	-1814816457749	0.2420352076794	1	1	1	-1
19520000	1	2.076681702289e+15	-904321235717.2	-1808642471434	0.2421168285809	1	1	1	-1
19540000	1	2.078133642504e+15	-901245738920.4	-1802491477841	0.2421982649022	1	1	1	-1
19560000	1	2.079586070447e+15	-898181695132.5	-1796363390265	0.2422795171136	1	1	1	-1
19580000	1	2.081038985015e+15	-895129061141.7	-1790258122283	0.2423605856847	1	1	1	-1
19600000	1	2.082492385109e+15	-892087793875.4	-1784175587751	0.2424414710843	1	1	1	-1
19620000	1	2.083946269632e+15	-889057850400.6	-1778115700801	0.2425221737801	1	1	1	-1
19640000	1	2.085400637489e+15	-886039187923.5	-1772078375847	0.2426026942391	1	1	1	-1
19660000	1	2.086855487589e+15	-883031763789.3	-1766063527579	0.2426830329274	1	1	1	-1
19680000	1	2.088310818845e+15	-880035535482.4	-1760071070965	0.2427631903101	1	1	1	-1
19700000	1	2.089766630169e+15	-877050460626.2	-1754100921252	0.2428431668516	1	1	1	-1
19720000	1	2.09122292048e+15	-874076496982.7	-1748152993965	0.2429229630153	1	1	1	-1
19740000	1	2.092679688697e+15	-871113602452.7	-1742227204905	0.2430025792637	1	1	1	-1
19760000	1	2.094136933743e+15	-868161735075.7	-1736323470151	0.2430820160584	1	1	1	-1
19780000	1	2.095594654543e+15	-865220853029.5	-1730441706059	0.2431612738601	1	1	1	-1
19800000	1	2.097052850025e+15	-862290914630.3	-1724581829261	0.2432403531286	1	1	1	-1
19820000	1	2.098511519121e+15	-859371878332.3	-1718743756665	0.2433192543229	1	1	1	-1
19840000	1	2.099970660764e+15	-856463702728.1	-1712927405456	0.243397977901	1	1	1	-1
19860000	1	2.10143027389e+15	-853566346547.7	-1707132693095	0.2434765243198	1	1	1	-1
19880000	1	2.102890357438e+15	-850679768659.2	-1701359537318	0.2435548940357	1	1	1	-1
19900000	1	2.104350910351e+15	-847803928068.2	-1695607856136	0.2436330875038	1	1	1	-1
19920000	1	2.105811931573e+15	-844938783917.5	-1689877567835	0.2437111051784	1	1	1	-1
19940000	1	2.107273420051e+15	-842084295487.4	-1684168590975	0.243788947513	1	1	1	-1
19960000	1	2.108735374736e+15	-839240422195.3	-1678480844391	0.2438666149601	1	1	1	-1
19980000	1	2.110197794579e+15	-836407123595.2	-1672814247190	0.2439441079711	1	1	1	-1
20000000	1	2.111660678538e+15	-833584359378.2	-1667168718756	0.2440214269967	1	1	1	-1
