0	1	NaN	NaN	NaN	NaN	NaN	NaN	NaN	NaN
20000	1	5995105383266	-558485217.7983	-1116970435.597	0.9996577821313	1	1	1	-1
40000	1	1.198657304544e+13	-2791686535.823	-5583373071.646	0.9987982823421	1	1	1	-1
60000	1	1.797140915208e+13	-7199702348.033	-14399404696.07	0.9974458018193	1	1	1	-1
80000	1	2.39466428225e+13	-14135430105	-28270860210.01	0.9955929586794	1	1	1	-1
100000	1	2.990922367454e+13	-23903641223	-47807282446	0.9932215676247	1	1	1	-1
120000	1	3.585596881783e+13	-36800247791.57	-73600495583.14	0.9903058782503	1	1	1	-1
140000	1	4.178352093493e+13	-53135155718.99	-106270311438	0.9868135425258	1	1	1	-1
160000	1	4.76883097734e+13	-73247900348.09	-146495800696.2	0.9827058998487	1	1	1	-1
180000	1	5.356651445601e+13	-97519321291.23	-195038642582.5	0.977938005641	1	1	1	-1
200000	1	5.941402565772e+13	-126380646965.5	-252761293931	0.9724585793287	1	1	1	-1
220000	1	6.522640750295e+13	-160320536995.1	-320641073990.2	0.9662099786626	1	1	1	-1
240000	1	7.099885961405e+13	-199890159645.8	-399780319291.6	0.9591282907995	1	1	1	-1
260000	1	7.672618028709e+13	-245706037095.8	-491412074191.6	0.9511436335895	1	1	1	-1
280000	1	8.240273236312e+13	-298450093376	-596900186752	0.9421807721785	1	1	1	-1
300000	1	8.802241403797e+13	-358866064314	-717732128628	0.9321601709373	1	1	1	-1
320000	1	9.357863761537e+13	-427751183128.3	-855502366256.6	0.9209996142692	1	1	1	-1
340000	1	9.906432003368e+13	-505941872221	-1011883744442	0.9086165362987	1	1	1	-1
360000	1	1.044718898208e+14	-594292109260.9	-1188584218522	0.8949311911266	1	1	1	-1
380000	1	1.097933158376e+14	-693643276175.9	-1387286552352	0.8798707624627	1	1	1	-1
400000	1	1.150201635777e+14	-804784742198.3	-1609569484397	0.8633744429288	1	1	1	-1
420000	1	1.201436846564e+14	-928405272538.9	-1856810545078	0.8453993991711	1	1	1	-1
440000	1	1.251549441491e+14	-1065036648741	-2130073297483	0.8259273745978	1	1	1	-1
460000	1	1.300449883495e+14	-1214992598955	-2429985197911	0.8049714743128	1	1	1	-1
480000	1	1.34805052111e+14	-1378308079804	-2756616159608	0.7825824526986	1	1	1	-1
500000	1	1.394268002547e+14	-1554685753111	-3109371506222	0.7588536322456	1	1	1	-1
520000	1	1.439025919619e+14	-1743457623438	-3486915246875	0.7339234915027	1	1	1	-1
540000	1	1.482257514438e+14	-1943569661056	-3887139322112	0.7079750431002	1	1	1	-1
560000	1	1.523908237119e+14	-2153595406075	-4307190812151	0.6812314272666	1	1	1	-1
580000	1	1.563937922796e+14	-2371781013896	-4743562027791	0.6539476614497	1	1	1	-1
600000	1	1.60232237153e+14	-2596119501414	-5192239002829	0.6263991235944	1	1	1	-1
620000	1	1.639054168016e+14	-2824447134284	-5648894268568	0.5988679502108	1	1	1	-1
640000	1	1.674142662185e+14	-3054551202764	-6109102405527	0.5716289285597	1	1	1	-1
660000	1	1.707613130389e+14	-3284276857087	-6568553714173	0.5449365345473	1	1	1	-1
680000	1	1.739505229393e+14	-3511621564498	-7023243128995	0.5190144972001	1	1	1	-1
700000	1	1.769870923412e+14	-3734808709545	-7469617419090	0.4940487492469	1	1	1	-1
720000	1	1.798772097626e+14	-3952335940554	-7904671881109	0.4701840102229	1	1	1	-1
740000	1	1.826278069375e+14	-4162997971753	-8325995943506	0.4475237029053	1	1	1	-1
760000	1	1.852463178092e+14	-4365886813581	-8731773627162	0.4261325317977	1	1	1	-1
780000	1	1.877404588848e+14	-4560374387054	-9120748774108	0.4060408863672	1	1	1	-1
800000	1	1.901180393732e+14	-4746083174683	-9492166349367	0.3872502434393	1	1	1	-1
820000	1	1.923868049276e+14	-4922850252047	-9845700504093	0.3697388722636	1	1	1	-1
840000	1	1.945543151697e+14	-5090689123945	-1.018137824789e+13	0.353467328208	1	1	1	-1
860000	1	1.966278526565e+14	-5249752623650	-1.04995052473e+13	0.3383834067077	1	1	1	-1
880000	1	1.986143594746e+14	-5400298990577	-1.080059798115e+13	0.3244263877377	1	1	1	-1
900000	1	2.005203970065e+14	-5542662274588	-1.108532454918e+13	0.3115305202323	1	1	1	-1
920000	1	2.023521243693e+14	-5677227483502	-1.1354454967e+13	0.2996277752939	1	1	1	-1
940000	1	2.041152913478e+14	-5804410391390	-1.160882078278e+13	0.2886499429849	1	1	1	-1
960000	1	2.058152421693e+14	-5924641622687	-1.184928324537e+13	0.2785301684903	1	1	1	-1
980000	1	2.074569270592e+14	-6038354473831	-1.207670894766e+13	0.2692040276691	1	1	1	-1
1000000	1	2.090449191017e+14	-6145975884154	-1.229195176831e+13	0.2606102361492	1	1	1	-1
1020000	1	2.105834344647e+14	-6247919983092	-1.249583996618e+13	0.2526910750654	1	1	1	-1
1040000	1	2.120763545061e+14	-6344583692774	-1.268916738555e+13	0.2453926035492	1	1	1	-1
1060000	1	2.135272486608e+14	-6436343933883	-1.287268786777e+13	0.2386647151486	1	1	1	-1
1080000	1	2.149393973145e+14	-6523556055501	-1.3047112111e+13	0.2324610835537	1	1	1	-1
1100000	1	2.163158141098e+14	-6606553179091	-1.321310635818e+13	0.2267390328271	1	1	1	-1
1120000	1	2.176592673174e+14	-6685646208845	-1.337129241769e+13	0.2214593588731	1	1	1	-1
1140000	1	2.189723000407e+14	-6761124313888	-1.352224862778e+13	0.2165861220553	1	1	1	-1
1160000	1	2.202572491294e+14	-6833255732155	-1.366651146431e+13	0.2120864254836	1	1	1	-1
1180000	1	2.215162627457e+14	-6902288781784	-1.380457756357e+13	0.2079301893176	1	1	1	-1
1200000	1	2.227513165858e+14	-6968452994614	-1.393690598923e+13	0.2040899282596	1	1	1	-1
1220000	1	2.239642287878e+14	-7031960309003	-1.406392061801e+13	0.2005405370199	1	1	1	-1
1240000	1	2.251566735858e+14	-7093006276670	-1.418601255334e+13	0.1972590867789	1	1	1	-1
1260000	1	2.263301937809e+14	-7151771251748	-1.43035425035e+13	0.1942246343873	1	1	1	-1
1280000	1	2.274862121092e+14	-7208421540342	-1.441684308068e+13	0.1914180451276	1	1	1	-1
1300000	1	2.286260415873e+14	-7263110496558	-1.452622099312e+13	0.1888218292209	1	1	1	-1
1320000	1	2.297508949192e+14	-7315979556546	-1.463195911309e+13	0.1864199918261	1	1	1	-1
1340000	1	2.308618930424e+14	-7367159206242	-1.473431841248e+13	0.1841978959931	1	1	1	-1
1360000	1	2.319600728898e+14	-7416769881382	-1.483353976276e+13	0.182142137855	1	1	1	-1
1380000	1	2.330463944372e+14	-7464922800456	-1.492984560091e+13	0.1802404332497	1	1	1	-1
1400000	1	2.341217471039e+14	-7511720732642	-1.502344146528e+13	0.1784815149152	1	1	1	-1
1420000	1	2.351869555663e+14	-7557258703679	-1.511451740736e+13	0.1768550394033	1	1	1	-1
1440000	1	2.362427850399e+14	-7601624643179	-1.520324928636e+13	0.1753515028745	1	1	1	-1
1460000	1	2.372899460817e+14	-7644899977176	-1.528979995435e+13	0.1739621649773	1	1	1	-1
1480000	1	2.383290989584e+14	-7687160169808	-1.537432033962e+13	0.1726789800615	1	1	1	-1
1500000	1	2.393608576216e+14	-7728475218007	-1.545695043601e+13	0.1714945350289	1	1	1	-1
1520000	1	2.403857933302e+14	-7768910102959	-1.553782020592e+13	0.1704019931783	1	1	1	-1
1540000	1	2.414044379509e+14	-7808525201934	-1.561705040387e+13	0.1693950434579	1	1	1	-1
1560000	1	2.424172869704e+14	-7847376663859	-1.569475332772e+13	0.1684678545881	1	1	1	-1
1580000	1	2.434248022458e+14	-7885516751816	-1.577103350363e+13	0.167615033571	1	1	1	-1
1600000	1	2.444274145177e+14	-7922994155399	-1.58459883108e+13	0.1668315881458	1	1	1	-1
1620000	1	2.454255257093e+14	-7959854275634	-1.591970855127e+13	0.1661128927955	1	1	1	-1
1640000	1	2.46419511032e+14	-7996139484962	-1.599227896992e+13	0.1654546579477	1	1	1	-1
1660000	1	2.47409720914e+14	-8031889364538	-1.606377872908e+13	0.1648529020498	1	1	1	-1
1680000	1	2.483964827704e+14	-8067140920959	-1.613428184192e+13	0.1643039262303	1	1	1	-1
1700000	1	2.493801026278e+14	-8101928784272	-1.620385756854e+13	0.1638042912893	1	1	1	-1
1720000	1	2.503608666175e+14	-8136285389010	-1.627257077802e+13	0.1633507967859	1	1	1	-1
1740000	1	2.513390423494e+14	-8170241139798	-1.63404822796e+13	0.1629404620153	1	1	1	-1
1760000	1	2.523148801767e+14	-8203824562947	-1.640764912589e+13	0.1625705086909	1	1	1	-1
1780000	1	2.532886143612e+14	-8237062445323	-1.647412489065e+13	0.1622383451625	1	1	1	-1
1800000	1	2.542604641491e+14	-8269979961630	-1.653995992326e+13	0.1619415520239	1	1	1	-1
1820000	1	2.552306347631e+14	-8302600791185	-1.660520158237e+13	0.1616778689738	1	1	1	-1
1840000	1	2.561993183206e+14	-8334947225104	-1.666989445021e+13	0.1614451828112	1	1	1	-1
1860000	1	2.571666946817e+14	-8367040264784	-1.673408052957e+13	0.1612415164571	1	1	1	-1
1880000	1	2.581329322349e+14	-8398899712440	-1.679779942488e+13	0.161065018905	1	1	1	-1
1900000	1	2.590981886252e+14	-8430544254404	-1.686108850881e+13	0.1609139560143	1	1	1	-1
1920000	1	2.600626114291e+14	-8461991537839	-1.692398307568e+13	0.160786702068	1	1	1	-1
1940000	1	2.61026338781e+14	-8493258241412	-1.698651648282e+13	0.1606817320235	1	1	1	-1
1960000	1	2.619894999553e+14	-8524360140491	-1.704872028098e+13	0.1605976143947	1	1	1	-1
1980000	1	2.629522159073e+14	-8555312167299	-1.71106243346e+13	0.1605330047068	1	1	1	-1
2000000	1	2.639145997768e+14	-8586128466478	-1.717225693296e+13	0.1604866394738	1	1	1	-1
2020000	1	2.648767573568e+14	-8616822446458	-1.723364489292e+13	0.1604573306503	1	1	1	-1
2040000	1	2.658387875301e+14	-8647406826960	-1.729481365392e+13	0.1604439605182	1	1	1	-1
2060000	1	2.66800782677e+14	-8677893682975	-1.735578736595e+13	0.1604454769686	1	1	1	-1
2080000	1	2.677628290552e+14	-8708294485514	-1.741658897103e+13	0.1604608891445	1	1	1	-1
2100000	1	2.687250071545e+14	-8738620139372	-1.747724027874e+13	0.1604892634149	1	1	1	-1
2120000	1	2.696873920295e+14	-8768881018172	-1.753776203634e+13	0.160529719651	1	1	1	-1
2140000	1	2.706500536091e+14	-8799086996904	-1.759817399381e+13	0.1605814277785	1	1	1	-1
2160000	1	2.716130569872e+14	-8829247482142	-1.765849496428e+13	0.1606436045845	1	1	1	-1
2180000	1	2.725764626948e+14	-8859371440151	-1.77187428803e+13	0.160715510757	1	1	1	-1
2200000	1	2.735403269549e+14	-8889467423030	-1.777893484606e+13	0.1607964481375	1	1	1	-1
2220000	1	2.745047019211e+14	-8919543593050	-1.78390871861e+13	0.1608857571707	1	1	1	-1
2240000	1	2.754696359025e+14	-8949607745330	-1.789921549066e+13	0.1609828145337	1	1	1	-1
2260000	1	2.764351735737e+14	-8979667328974	-1.795933465795e+13	0.1610870309328	1	1	1	-1
2280000	1	2.77401356173e+14	-9009729466791	-1.801945893358e+13	0.1611978490514	1	1	1	-1
2300000	1	2.783682216881e+14	-9039800973697	-1.807960194739e+13	0.1613147416406	1	1	1	-1
2320000	1	2.793358050309e+14	-9069888373905	-1.813977674781e+13	0.1614372097388	1	1	1	-1
2340000	1	2.803041382025e+14	-9099997916994	-1.819999583399e+13	0.1615647810118	1	1	1	-1
2360000	1	2.812732504477e+14	-9130135592929	-1.826027118586e+13	0.1616970082037	1	1	1	-1
2380000	1	2.822431684014e+14	-9160307146119	-1.832061429224e+13	0.1618334676904	1	1	1	-1
2400000	1	2.832139162256e+14	-9190518088579	-1.838103617716e+13	0.1619737581278	1	1	1	-1
2420000	1	2.841855157397e+14	-9220773712258	-1.844154742452e+13	0.162117499188	1	1	1	-1
2440000	1	2.851579865429e+14	-9251079100594	-1.850215820119e+13	0.162264330377	1	1	1	-1
2460000	1	2.861313461295e+14	-9281439139353	-1.856287827871e+13	0.1624139099272	1	1	1	-1
2480000	1	2.871056099979e+14	-9311858526799	-1.86237170536e+13	0.1625659137611	1	1	1	-1
2500000	1	2.880807917543e+14	-9342341783236	-1.868468356647e+13	0.1627200345186	1	1	1	-1
2520000	1	2.890569032096e+14	-9372893259980	-1.874578651996e+13	0.1628759806456	1	1	1	-1
2540000	1	2.900339544722e+14	-9403517147784	-1.880703429557e+13	0.1630334755387	1	1	1	-1
2560000	1	2.910119540343e+14	-9434217484762	-1.886843496952e+13	0.1631922567415	1	1	1	-1
2580000	1	2.919909088554e+14	-9464998163843	-1.892999632769e+13	0.1633520751904	1	1	1	-1
2600000	1	2.929708244398e+14	-9495862939786	-1.899172587957e+13	0.1635126945048	1	1	1	-1
2620000	1	2.939517049108e+14	-9526815435788	-1.905363087158e+13	0.1636738903205	1	1	1	-1
2640000	1	2.949335530812e+14	-9557859149699	-1.91157182994e+13	0.1638354496613	1	1	1	-1
2660000	1	2.959163705191e+14	-9588997459896	-1.917799491979e+13	0.1639971703486	1	1	1	-1
2680000	1	2.969001576115e+14	-9620233630803	-1.924046726161e+13	0.1641588604441	1	1	1	-1
2700000	1	2.978849136241e+14	-9651570818112	-1.930314163622e+13	0.1643203377258	1	1	1	-1
2720000	1	2.988706367577e+14	-9683012073700	-1.93660241474e+13	0.1644814291928	1	1	1	-1
2740000	1	2.998573242023e+14	-9714560350276	-1.942912070055e+13	0.1646419705992	1	1	1	-1
2760000	1	3.008449721884e+14	-9746218505767	-1.949243701153e+13	0.1648018060131	1	1	1	-1
2780000	1	3.018335760353e+14	-9777989307462	-1.955597861492e+13	0.1649607874016	1	1	1	-1
2800000	1	3.028231301974e+14	-9809875435930	-1.961975087186e+13	0.1651187742376	1	1	1	-1
2820000	1	3.038136283081e+14	-9841879488717	-1.968375897743e+13	0.1652756331289	1	1	1	-1
2840000	1	3.048050632217e+14	-9874003983854	-1.974800796771e+13	0.1654312374671	1	1	1	-1
2860000	1	3.057974270526e+14	-9906251363165	-1.981250272633e+13	0.165585467096	1	1	1	-1
2880000	1	3.067907112135e+14	-9938623995402	-1.98772479908e+13	0.1657382079979	1	1	1	-1
2900000	1	3.07784906451e+14	-9971124179214	-1.994224835843e+13	0.1658893519956	1	1	1	-1
2920000	1	3.087800028801e+14	-1.000375414595e+13	-2.00075082919e+13	0.1660387964721	1	1	1	-1
2940000	1	3.097759900162e+14	-1.003651606233e+13	-2.007303212466e+13	0.1661864441029	1	1	1	-1
2960000	1	3.107728568067e+14	-1.006941203296e+13	-2.013882406592e+13	0.1663322026045	1	1	1	-1
2980000	1	3.1177059166e+14	-1.010244410271e+13	-2.020488820541e+13	0.1664759844941	1	1	1	-1
3000000	1	3.127691824738e+14	-1.013561425899e+13	-2.027122851799e+13	0.1666177068631	1	1	1	-1
3020000	1	3.13768616662e+14	-1.016892443392e+13	-2.033784886784e+13	0.1667572911613	1	1	1	-1
3040000	1	3.147688811799e+14	-1.02023765063e+13	-2.040475301261e+13	0.1668946629928	1	1	1	-1
3060000	1	3.157699625489e+14	-1.023597230362e+13	-2.047194460724e+13	0.1670297519221	1	1	1	-1
3080000	1	3.167718468793e+14	-1.026971360382e+13	-2.053942720764e+13	0.1671624912892	1	1	1	-1
3100000	1	3.177745198927e+14	-1.030360213708e+13	-2.060720427416e+13	0.1672928180354	1	1	1	-1
3120000	1	3.18777966943e+14	-1.033763958744e+13	-2.067527917488e+13	0.1674206725367	1	1	1	-1
3140000	1	3.197821730364e+14	-1.037182759438e+13	-2.074365518875e+13	0.1675459984458	1	1	1	-1
3160000	1	3.207871228508e+14	-1.040616775429e+13	-2.081233550858e+13	0.1676687425419	1	1	1	-1
3180000	1	3.21792800754e+14	-1.04406616219e+13	-2.08813232438e+13	0.1677888545879	1	1	1	-1
3200000	1	3.227991908212e+14	-1.04753107116e+13	-2.095062142321e+13	0.1679062871945	1	1	1	-1
3220000	1	3.238062768515e+14	-1.051011649874e+13	-2.102023299747e+13	0.1680209956909	1	1	1	-1
3240000	1	3.248140423842e+14	-1.054508042078e+13	-2.109016084156e+13	0.1681329380021	1	1	1	-1
3260000	1	3.258224707138e+14	-1.058020387851e+13	-2.116040775702e+13	0.1682420745313	1	1	1	-1
3280000	1	3.268315449045e+14	-1.061548823708e+13	-2.123097647417e+13	0.1683483680488	1	1	1	-1
3300000	1	3.27841247804e+14	-1.065093482708e+13	-2.130186965415e+13	0.1684517835855	1	1	1	-1
3320000	1	3.28851562057e+14	-1.068654494546e+13	-2.137308989092e+13	0.1685522883324	1	1	1	-1
3340000	1	3.298624701177e+14	-1.072231985654e+13	-2.144463971309e+13	0.1686498515433	1	1	1	-1
3360000	1	3.308739542618e+14	-1.075826079284e+13	-2.151652158569e+13	0.1687444444439	1	1	1	-1
3380000	1	3.318859965983e+14	-1.079436895594e+13	-2.158873791187e+13	0.1688360401437	1	1	1	-1
3400000	1	3.328985790802e+14	-1.083064551726e+13	-2.166129103452e+13	0.1689246135527	1	1	1	-1
3420000	1	3.339116835156e+14	-1.086709161886e+13	-2.173418323771e+13	0.169010141302	1	1	1	-1
3440000	1	3.349252915771e+14	-1.090370837411e+13	-2.180741674822e+13	0.169092601668	1	1	1	-1
3460000	1	3.35939384812e+14	-1.094049686842e+13	-2.188099373684e+13	0.1691719744996	1	1	1	-1
3480000	1	3.369539446513e+14	-1.097745815984e+13	-2.195491631968e+13	0.1692482411497	1	1	1	-1
3500000	1	3.379689524185e+14	-1.101459327971e+13	-2.202918655943e+13	0.169321384409	1	1	1	-1
3520000	1	3.389843893381e+14	-1.105190323324e+13	-2.210380646649e+13	0.1693913884434	1	1	1	-1
3540000	1	3.400002365436e+14	-1.108938900004e+13	-2.217877800009e+13	0.1694582387339	1	1	1	-1
3560000	1	3.410164750851e+14	-1.112705153467e+13	-2.225410306935e+13	0.1695219220193	1	1	1	-1
3580000	1	3.420330859372e+14	-1.116489176713e+13	-2.232978353425e+13	0.1695824262417	1	1	1	-1
3600000	1	3.430500500054e+14	-1.12029106033e+13	-2.24058212066e+13	0.1696397404943	1	1	1	-1
3620000	1	3.440673481331e+14	-1.124110892546e+13	-2.248221785091e+13	0.1696938549716	1	1	1	-1
3640000	1	3.450849611083e+14	-1.127948759262e+13	-2.255897518523e+13	0.1697447609216	1	1	1	-1
3660000	1	3.461028696693e+14	-1.131804744099e+13	-2.263609488198e+13	0.1697924506009	1	1	1	-1
3680000	1	3.471210545112e+14	-1.135678928433e+13	-2.271357856867e+13	0.1698369172306	1	1	1	-1
3700000	1	3.48139496291e+14	-1.139571391431e+13	-2.279142782863e+13	0.1698781549557	1	1	1	-1
3720000	1	3.491581756333e+14	-1.143482210084e+13	-2.286964420169e+13	0.1699161588047	1	1	1	-1
3740000	1	3.501770731355e+14	-1.14741145924e+13	-2.294822918481e+13	0.1699509246523	1	1	1	-1
3760000	1	3.511961693727e+14	-1.151359211634e+13	-2.302718423268e+13	0.1699824491834	1	1	1	-1
3780000	1	3.522154449025e+14	-1.155325537914e+13	-2.310651075829e+13	0.1700107298579	1	1	1	-1
3800000	1	3.532348802695e+14	-1.159310506673e+13	-2.318621013346e+13	0.1700357648786	1	1	1	-1
3820000	1	3.542544560095e+14	-1.163314184467e+13	-2.326628368934e+13	0.170057553159	1	1	1	-1
3840000	1	3.552741526541e+14	-1.167336635845e+13	-2.33467327169e+13	0.1700760942935	1	1	1	-1
3860000	1	3.562939507344e+14	-1.171377923367e+13	-2.342755846734e+13	0.1700913885287	1	1	1	-1
3880000	1	3.573138307846e+14	-1.175438107627e+13	-2.350876215253e+13	0.1701034367359	1	1	1	-1
3900000	1	3.583337733462e+14	-1.179517247271e+13	-2.359034494542e+13	0.1701122403847	1	1	1	-1
3920000	1	3.593537589712e+14	-1.183615399017e+13	-2.367230798035e+13	0.170117801518	1	1	1	-1
3940000	1	3.603737682255e+14	-1.187732617671e+13	-2.375465235342e+13	0.170120122728	1	1	1	-1
3960000	1	3.61393781692e+14	-1.191868956142e+13	-2.383737912283e+13	0.1701192071335	1	1	1	-1
3980000	1	3.62413779974e+14	-1.196024465458e+13	-2.392048930915e+13	0.1701150583577	1	1	1	-1
4000000	1	3.634337436978e+14	-1.20019919478e+13	-2.400398389559e+13	0.1701076805075	1	1	1	-1
4020000	1	3.64453653516e+14	-1.204393191414e+13	-2.408786382828e+13	0.1700970781535	1	1	1	-1
4040000	1	3.654734901096e+14	-1.208606500824e+13	-2.417213001648e+13	0.1700832563109	1	1	1	-1
4060000	1	3.664932341912e+14	-1.21283916664e+13	-2.425678333281e+13	0.1700662204212	1	1	1	-1
4080000	1	3.675128665073e+14	-1.217091230673e+13	-2.434182461347e+13	0.1700459763351	1	1	1	-1
4100000	1	3.685323678405e+14	-1.221362732919e+13	-2.442725465839e+13	0.1700225302955	1	1	1	-1
4120000	1	3.69551719012e+14	-1.225653711571e+13	-2.451307423143e+13	0.1699958889217	1	1	1	-1
4140000	1	3.705709008837e+14	-1.229964203025e+13	-2.45992840605e+13	0.1699660591945	1	1	1	-1
4160000	1	3.715898943608e+14	-1.234294241888e+13	-2.468588483775e+13	0.1699330484414	1	1	1	-1
4180000	1	3.726086803929e+14	-1.238643860982e+13	-2.477287721964e+13	0.1698968643231	1	1	1	-1
4200000	1	3.736272399768e+14	-1.243013091354e+13	-2.486026182709e+13	0.1698575148199	1	1	1	-1
4220000	1	3.746455541582e+14	-1.247401962278e+13	-2.494803924556e+13	0.1698150082194	1	1	1	-1
4240000	1	3.756636040329e+14	-1.251810501258e+13	-2.503621002517e+13	0.1697693531047	1	1	1	-1
4260000	1	3.766813707496e+14	-1.256238734037e+13	-2.512477468073e+13	0.1697205583423	1	1	1	-1
4280000	1	3.776988355106e+14	-1.260686684593e+13	-2.521373369186e+13	0.1696686330716	1	1	1	-1
4300000	1	3.787159795738e+14	-1.265154375151e+13	-2.530308750302e+13	0.1696135866945	1	1	1	-1
4320000	1	3.797327842546e+14	-1.269641826177e+13	-2.539283652354e+13	0.1695554288653	1	1	1	-1
4340000	1	3.807492309265e+14	-1.274149056385e+13	-2.548298112771e+13	0.1694941694812	1	1	1	-1
4360000	1	3.817653010234e+14	-1.278676082738e+13	-2.557352165475e+13	0.1694298186732	1	1	1	-1
4380000	1	3.827809760405e+14	-1.283222920445e+13	-2.56644584089e+13	0.1693623867977	1	1	1	-1
4400000	1	3.837962375359e+14	-1.287789582969e+13	-2.575579165938e+13	0.169291884428	1	1	1	-1
4420000	1	3.848110671314e+14	-1.292376082021e+13	-2.584752164042e+13	0.1692183223468	1	1	1	-1
4440000	1	3.858254465144e+14	-1.296982427563e+13	-2.593964855126e+13	0.1691417115384	1	1	1	-1
4460000	1	3.868393574386e+14	-1.301608627809e+13	-2.603217255617e+13	0.1690620631818	1	1	1	-1
4480000	1	3.878527817253e+14	-1.30625468922e+13	-2.61250937844e+13	0.1689793886437	1	1	1	-1
4500000	1	3.888657012644e+14	-1.310920616509e+13	-2.621841233018e+13	0.1688936994727	1	1	1	-1
4520000	1	3.898780980158e+14	-1.315606412636e+13	-2.631212825272e+13	0.1688050073921	1	1	1	-1
4540000	1	3.908899540101e+14	-1.320312078808e+13	-2.640624157617e+13	0.168713324295	1	1	1	-1
4560000	1	3.919012513495e+14	-1.325037614479e+13	-2.650075228958e+13	0.1686186622385	1	1	1	-1
4580000	1	3.929119722094e+14	-1.329783017345e+13	-2.65956603469e+13	0.1685210334381	1	1	1	-1
4600000	1	3.939220988384e+14	-1.334548283346e+13	-2.669096566692e+13	0.1684204502631	1	1	1	-1
4620000	1	3.949316135602e+14	-1.339333406661e+13	-2.678666813323e+13	0.1683169252316	1	1	1	-1
4640000	1	3.959404987736e+14	-1.34413837971e+13	-2.688276759419e+13	0.168210471006	1	1	1	-1
4660000	1	3.96948736954e+14	-1.348963193145e+13	-2.69792638629e+13	0.1681011003888	1	1	1	-1
4680000	1	3.979563106538e+14	-1.353807835857e+13	-2.707615671713e+13	0.1679888263183	1	1	1	-1
4700000	1	3.989632025036e+14	-1.358672294964e+13	-2.717344589929e+13	0.1678736618651	1	1	1	-1
4720000	1	3.999693952124e+14	-1.363556555818e+13	-2.727113111636e+13	0.1677556202278	1	1	1	-1
4740000	1	4.00974871569e+14	-1.368460601994e+13	-2.736921203988e+13	0.1676347147303	1	1	1	-1
4760000	1	4.019796144425e+14	-1.373384415292e+13	-2.746768830585e+13	0.1675109588178	1	1	1	-1
4780000	1	4.029836067827e+14	-1.378327975737e+13	-2.756655951473e+13	0.1673843660539	1	1	1	-1
4800000	1	4.039868316213e+14	-1.383291261569e+13	-2.766582523137e+13	0.1672549501179	1	1	1	-1
4820000	1	4.049892720722e+14	-1.388274249247e+13	-2.776548498494e+13	0.1671227248013	1	1	1	-1
4840000	1	4.059909113324e+14	-1.393276913444e+13	-2.786553826889e+13	0.1669877040059	1	1	1	-1
4860000	1	4.069917326826e+14	-1.398299227047e+13	-2.796598454093e+13	0.1668499017406	1	1	1	-1
4880000	1	4.079917194879e+14	-1.403341161148e+13	-2.806682322295e+13	0.1667093321196	1	1	1	-1
4900000	1	4.089908551981e+14	-1.408402685049e+13	-2.816805370098e+13	0.1665660093596	1	1	1	-1
4920000	1	4.099891233486e+14	-1.413483766258e+13	-2.826967532515e+13	0.1664199477779	1	1	1	-1
4940000	1	4.109865075612e+14	-1.418584370482e+13	-2.837168740964e+13	0.1662711617903	1	1	1	-1
4960000	1	4.119829915441e+14	-1.423704461631e+13	-2.847408923262e+13	0.1661196659091	1	1	1	-1
4980000	1	4.12978559093e+14	-1.428844001814e+13	-2.857688003627e+13	0.1659654747416	1	1	1	-1
5000000	1	4.139731940913e+14	-1.434002951334e+13	-2.868005902668e+13	0.1658086029878	1	1	1	-1
5020000	1	4.149668805109e+14	-1.439181268691e+13	-2.878362537383e+13	0.1656490654392	1	1	1	-1
5040000	1	4.159596024128e+14	-1.444378910579e+13	-2.888757821157e+13	0.1654868769772	1	1	1	-1
5060000	1	4.169513439473e+14	-1.44959583188e+13	-2.89919166376e+13	0.1653220525714	1	1	1	-1
5080000	1	4.179420893548e+14	-1.454831985671e+13	-2.909663971341e+13	0.1651546072784	1	1	1	-1
5100000	1	4.189318229661e+14	-1.460087323215e+13	-2.920174646429e+13	0.1649845562402	1	1	1	-1
5120000	1	4.199205292032e+14	-1.465361793964e+13	-2.930723587929e+13	0.1648119146836	1	1	1	-1
5140000	1	4.209081925796e+14	-1.470655345561e+13	-2.941310691121e+13	0.164636697918	1	1	1	-1
5160000	1	4.218947977009e+14	-1.475967923831e+13	-2.951935847661e+13	0.1644589213352	1	1	1	-1
5180000	1	4.228803292652e+14	-1.481299472789e+13	-2.962598945577e+13	0.1642786004078	1	1	1	-1
5200000	1	4.238647720634e+14	-1.486649934635e+13	-2.97329986927e+13	0.1640957506882	1	1	1	-1
5220000	1	4.248481109802e+14	-1.492019249758e+13	-2.984038499516e+13	0.163910387808	1	1	1	-1
5240000	1	4.25830330994e+14	-1.497407356732e+13	-2.994814713465e+13	0.1637225274764	1	1	1	-1
5260000	1	4.268114171779e+14	-1.50281419232e+13	-3.00562838464e+13	0.16353218548	1	1	1	-1
5280000	1	4.277913546997e+14	-1.508239691472e+13	-3.016479382944e+13	0.1633393776814	1	1	1	-1
5300000	1	4.287701288225e+14	-1.513683787329e+13	-3.027367574658e+13	0.1631441200187	1	1	1	-1
5320000	1	4.297477249053e+14	-1.519146411223e+13	-3.038292822446e+13	0.1629464285046	1	1	1	-1
5340000	1	4.307241284033e+14	-1.524627492679e+13	-3.049254985357e+13	0.1627463192255	1	1	1	-1
5360000	1	4.316993248683e+14	-1.530126959414e+13	-3.060253918829e+13	0.1625438083411	1	1	1	-1
5380000	1	4.326732999492e+14	-1.535644737347e+13	-3.071289474693e+13	0.1623389120833	1	1	1	-1
5400000	1	4.336460393927e+14	-1.541180750591e+13	-3.082361501183e+13	0.1621316467556	1	1	1	-1
5420000	1	4.346175290431e+14	-1.546734921466e+13	-3.093469842932e+13	0.1619220287327	1	1	1	-1
5440000	1	4.355877548434e+14	-1.552307170494e+13	-3.104614340989e+13	0.1617100744594	1	1	1	-1
5460000	1	4.365567028351e+14	-1.557897416409e+13	-3.115794832817e+13	0.1614958004504	1	1	1	-1
5480000	1	4.375243591592e+14	-1.563505576154e+13	-3.127011152309e+13	0.1612792232891	1	1	1	-1
5500000	1	4.384907100562e+14	-1.569131564894e+13	-3.138263129787e+13	0.1610603596276	1	1	1	-1
5520000	1	4.394557418667e+14	-1.57477529601e+13	-3.149550592021e+13	0.1608392261855	1	1	1	-1
5540000	1	4.404194410318e+14	-1.580436681115e+13	-3.160873362229e+13	0.1606158397496	1	1	1	-1
5560000	1	4.413817940932e+14	-1.586115630048e+13	-3.172231260095e+13	0.1603902171732	1	1	1	-1
5580000	1	4.423427876942e+14	-1.591812050888e+13	-3.183624101776e+13	0.1601623753755	1	1	1	-1
5600000	1	4.433024085795e+14	-1.597525849957e+13	-3.195051699914e+13	0.1599323313409	1	1	1	-1
5620000	1	4.442606435959e+14	-1.603256931826e+13	-3.206513863652e+13	0.1597001021184	1	1	1	-1
5640000	1	4.452174796926e+14	-1.60900519932e+13	-3.21801039864e+13	0.159465704821	1	1	1	-1
5660000	1	4.461729039217e+14	-1.614770553529e+13	-3.229541107058e+13	0.159229156625	1	1	1	-1
5680000	1	4.471269034383e+14	-1.620552893812e+13	-3.241105787624e+13	0.1589904747695	1	1	1	-1
5700000	1	4.480794655011e+14	-1.626352117806e+13	-3.252704235613e+13	0.1587496765556	1	1	1	-1
5720000	1	4.490305774728e+14	-1.632168121434e+13	-3.264336242869e+13	0.1585067793455	1	1	1	-1
5740000	1	4.499802268204e+14	-1.638000798914e+13	-3.276001597828e+13	0.1582618005626	1	1	1	-1
5760000	1	4.509284011154e+14	-1.643850042766e+13	-3.287700085531e+13	0.1580147576897	1	1	1	-1
5780000	1	4.518750880345e+14	-1.649715743823e+13	-3.299431487647e+13	0.1577656682693	1	1	1	-1
5800000	1	4.528202753595e+14	-1.655597791243e+13	-3.311195582485e+13	0.1575145499024	1	1	1	-1
5820000	1	4.537639509781e+14	-1.661496072511e+13	-3.322992145023e+13	0.1572614202476	1	1	1	-1
5840000	1	4.547061028841e+14	-1.667410473461e+13	-3.334820946922e+13	0.1570062970209	1	1	1	-1
5860000	1	4.556467191774e+14	-1.673340878276e+13	-3.346681756552e+13	0.1567491979942	1	1	1	-1
5880000	1	4.565857880651e+14	-1.679287169506e+13	-3.358574339011e+13	0.1564901409952	1	1	1	-1
5900000	1	4.575232978608e+14	-1.685249228076e+13	-3.370498456152e+13	0.1562291439062	1	1	1	-1
5920000	1	4.584592369859e+14	-1.691226933302e+13	-3.382453866604e+13	0.1559662246632	1	1	1	-1
5940000	1	4.593935939694e+14	-1.697220162899e+13	-3.394440325797e+13	0.1557014012555	1	1	1	-1
5960000	1	4.603263574481e+14	-1.703228792996e+13	-3.406457585992e+13	0.1554346917243	1	1	1	-1
5980000	1	4.612575161675e+14	-1.70925269815e+13	-3.4185053963e+13	0.1551661141619	1	1	1	-1
6000000	1	4.621870589814e+14	-1.715291751358e+13	-3.430583502716e+13	0.1548956867112	1	1	1	-1
6020000	1	4.631149748528e+14	-1.721345824072e+13	-3.442691648145e+13	0.1546234275642	1	1	1	-1
6040000	1	4.640412528536e+14	-1.727414786214e+13	-3.454829572427e+13	0.1543493549615	1	1	1	-1
6060000	1	4.649658821655e+14	-1.733498506187e+13	-3.466997012374e+13	0.1540734871907	1	1	1	-1
6080000	1	4.658888520799e+14	-1.739596850896e+13	-3.479193701792e+13	0.1537958425863	1	1	1	-1
6100000	1	4.668101519982e+14	-1.74570968576e+13	-3.49141937152e+13	0.1535164395277	1	1	1	-1
6120000	1	4.677297714322e+14	-1.751836874728e+13	-3.503673749457e+13	0.1532352964387	1	1	1	-1
6140000	1	4.686477000043e+14	-1.757978280297e+13	-3.515956560595e+13	0.1529524317862	1	1	1	-1
6160000	1	4.695639274477e+14	-1.764133763528e+13	-3.528267527055e+13	0.1526678640791	1	1	1	-1
6180000	1	4.704784436068e+14	-1.77030318406e+13	-3.540606368121e+13	0.1523816118675	1	1	1	-1
6200000	1	4.713912384372e+14	-1.776486400135e+13	-3.55297280027e+13	0.1520936937407	1	1	1	-1
6220000	1	4.723023020062e+14	-1.782683268608e+13	-3.565366537216e+13	0.151804128327	1	1	1	-1
6240000	1	4.732116244929e+14	-1.78889364497e+13	-3.577787289939e+13	0.1515129342916	1	1	1	-1
6260000	1	4.741191961882e+14	-1.795117383364e+13	-3.590234766727e+13	0.151220130336	1	1	1	-1
6280000	1	4.750250074956e+14	-1.801354336606e+13	-3.602708673212e+13	0.1509257351964	1	1	1	-1
6300000	1	4.759290489308e+14	-1.807604356204e+13	-3.615208712408e+13	0.1506297676424	1	1	1	-1
6320000	1	4.768313111221e+14	-1.813867292377e+13	-3.627734584753e+13	0.1503322464758	1	1	1	-1
6340000	1	4.777317848108e+14	-1.820142994073e+13	-3.640285988146e+13	0.1500331905292	1	1	1	-1
6360000	1	4.786304608512e+14	-1.826431308995e+13	-3.65286261799e+13	0.1497326186644	1	1	1	-1
6380000	1	4.795273302105e+14	-1.832732083615e+13	-3.665464167231e+13	0.1494305497716	1	1	1	-1
6400000	1	4.804223839697e+14	-1.839045163202e+13	-3.678090326403e+13	0.1491270027672	1	1	1	-1
6420000	1	4.813156133228e+14	-1.845370391835e+13	-3.69074078367e+13	0.1488219965929	1	1	1	-1
6440000	1	4.822070095778e+14	-1.851707612434e+13	-3.703415224868e+13	0.1485155502139	1	1	1	-1
6460000	1	4.830965641563e+14	-1.858056666775e+13	-3.716113333549e+13	0.1482076826177	1	1	1	-1
6480000	1	4.839842685939e+14	-1.864417395514e+13	-3.728834791027e+13	0.1478984128124	1	1	1	-1
6500000	1	4.848701145403e+14	-1.870789638212e+13	-3.741579276424e+13	0.1475877598251	1	1	1	-1
6520000	1	4.857540937591e+14	-1.877173233356e+13	-3.754346466712e+13	0.1472757427003	1	1	1	-1
6540000	1	4.866361981283e+14	-1.883568018381e+13	-3.767136036763e+13	0.1469623804987	1	1	1	-1
6560000	1	4.875164196403e+14	-1.889973829697e+13	-3.779947659394e+13	0.1466476922951	1	1	1	-1
6580000	1	4.883947504016e+14	-1.896390502709e+13	-3.792781005418e+13	0.1463316971769	1	1	1	-1
6600000	1	4.892711826336e+14	-1.902817871843e+13	-3.805635743686e+13	0.1460144142426	1	1	1	-1
6620000	1	4.901457086719e+14	-1.90925577057e+13	-3.81851154114e+13	0.1456958626001	1	1	1	-1
6640000	1	4.910183209669e+14	-1.915704031431e+13	-3.831408062861e+13	0.1453760613648	1	1	1	-1
6660000	1	4.918890120835e+14	-1.922162486059e+13	-3.844324972118e+13	0.145055029658	1	1	1	-1
6680000	1	4.927577747014e+14	-1.92863096521e+13	-3.857261930419e+13	0.1447327866055	1	1	1	-1
6700000	1	4.936246016147e+14	-1.93510929878e+13	-3.87021859756e+13	0.1444093513351	1	1	1	-1
6720000	1	4.944894857326e+14	-1.941597315838e+13	-3.883194631676e+13	0.1440847429756	1	1	1	-1
6740000	1	4.953524200787e+14	-1.948094844647e+13	-3.896189689294e+13	0.1437589806546	1	1	1	-1
6760000	1	4.962133977913e+14	-1.954601712692e+13	-3.909203425384e+13	0.1434320834968	1	1	1	-1
6780000	1	4.970724121235e+14	-1.961117746704e+13	-3.922235493409e+13	0.1431040706221	1	1	1	-1
6800000	1	4.979294564429e+14	-1.967642772689e+13	-3.935285545379e+13	0.142774961144	1	1	1	-1
6820000	1	4.987845242317e+14	-1.974176615952e+13	-3.948353231905e+13	0.1424447741675	1	1	1	-1
6840000	1	4.996376090866e+14	-1.980719101125e+13	-3.961438202249e+13	0.1421135287876	1	1	1	-1
6860000	1	5.004887047189e+14	-1.987270052191e+13	-3.974540104381e+13	0.1417812440869	1	1	1	-1
6880000	1	5.01337804954e+14	-1.993829292515e+13	-3.987658585029e+13	0.1414479391343	1	1	1	-1
6900000	1	5.02184903732e+14	-2.000396644868e+13	-4.000793289737e+13	0.1411136329826	1	1	1	-1
6920000	1	5.030299951066e+14	-2.006971931456e+13	-4.013943862912e+13	0.1407783446671	1	1	1	-1
6940000	1	5.038730732462e+14	-2.013554973945e+13	-4.02710994789e+13	0.1404420932034	1	1	1	-1
6960000	1	5.047141324328e+14	-2.020145593488e+13	-4.040291186977e+13	0.1401048975855	1	1	1	-1
6980000	1	5.055531670621e+14	-2.026743610758e+13	-4.053487221515e+13	0.1397667767839	1	1	1	-1
7000000	1	5.063901716439e+14	-2.033348845966e+13	-4.066697691931e+13	0.1394277497439	1	1	1	-1
7020000	1	5.072251408011e+14	-2.039961118897e+13	-4.079922237794e+13	0.1390878353831	1	1	1	-1
7040000	1	5.080580692701e+14	-2.046580248934e+13	-4.093160497868e+13	0.1387470525903	1	1	1	-1
7060000	1	5.088889519006e+14	-2.053206055085e+13	-4.106412110171e+13	0.138405420223	1	1	1	-1
7080000	1	5.09717783655e+14	-2.059838356014e+13	-4.119676712028e+13	0.1380629571053	1	1	1	-1
7100000	1	5.105445596086e+14	-2.066476970063e+13	-4.132953940127e+13	0.1377196820267	1	1	1	-1
7120000	1	5.113692749492e+14	-2.073121715287e+13	-4.146243430574e+13	0.1373756137393	1	1	1	-1
7140000	1	5.121919249771e+14	-2.079772409474e+13	-4.159544818949e+13	0.1370307709566	1	1	1	-1
7160000	1	5.130125051045e+14	-2.086428870181e+13	-4.172857740361e+13	0.136685172351	1	1	1	-1
7180000	1	5.138310108554e+14	-2.093090914753e+13	-4.186181829507e+13	0.1363388365523	1	1	1	-1
7200000	1	5.146474378655e+14	-2.09975836036e+13	-4.19951672072e+13	0.1359917821453	1	1	1	-1
7220000	1	5.154617818817e+14	-2.106431024016e+13	-4.212862048032e+13	0.1356440276683	1	1	1	-1
7240000	1	5.16274038762e+14	-2.113108722613e+13	-4.226217445225e+13	0.1352955916112	1	1	1	-1
7260000	1	5.17084204475e+14	-2.119791272945e+13	-4.23958254589e+13	0.134946492413	1	1	1	-1
7280000	1	5.178922750998e+14	-2.126478491738e+13	-4.252956983476e+13	0.1345967484606	1	1	1	-1
7300000	1	5.186982468254e+14	-2.133170195676e+13	-4.266340391352e+13	0.1342463780864	1	1	1	-1
7320000	1	5.195021159509e+14	-2.139866201428e+13	-4.279732402857e+13	0.1338953995666	1	1	1	-1
7340000	1	5.203038788844e+14	-2.146566325678e+13	-4.293132651355e+13	0.1335438311194	1	1	1	-1
7360000	1	5.211035321434e+14	-2.153270385147e+13	-4.306540770295e+13	0.1331916909028	1	1	1	-1
7380000	1	5.219010723539e+14	-2.159978196628e+13	-4.319956393256e+13	0.1328389970132	1	1	1	-1
7400000	1	5.226964962502e+14	-2.166689577005e+13	-4.333379154011e+13	0.132485767483	1	1	1	-1
7420000	1	5.234898006746e+14	-2.173404343286e+13	-4.346808686572e+13	0.1321320202792	1	1	1	-1
7440000	1	5.242809825769e+14	-2.180122312625e+13	-4.360244625249e+13	0.1317777733015	1	1	1	-1
7460000	1	5.250700390141e+14	-2.186843302351e+13	-4.373686604702e+13	0.13142304438	1	1	1	-1
7480000	1	5.258569671497e+14	-2.193567129997e+13	-4.387134259994e+13	0.1310678512742	1	1	1	-1
7500000	1	5.266417642537e+14	-2.200293613321e+13	-4.400587226642e+13	0.1307122116705	1	1	1	-1
7520000	1	5.274244277016e+14	-2.207022570336e+13	-4.414045140671e+13	0.1303561431809	1	1	1	-1
7540000	1	5.282049549747e+14	-2.213753819333e+13	-4.427507638667e+13	0.1299996633408	1	1	1	-1
7560000	1	5.289833436589e+14	-2.220487178912e+13	-4.440974357824e+13	0.1296427896078	1	1	1	-1
7580000	1	5.297595914445e+14	-2.227222468e+13	-4.454444936001e+13	0.1292855393594	1	1	1	-1
7600000	1	5.305336961261e+14	-2.233959505884e+13	-4.467919011768e+13	0.1289279298918	1	1	1	-1
7620000	1	5.313056556013e+14	-2.24069811223e+13	-4.48139622446e+13	0.1285699784179	1	1	1	-1
7640000	1	5.32075467871e+14	-2.247438107112e+13	-4.494876214224e+13	0.1282117020657	1	1	1	-1
7660000	1	5.328431310383e+14	-2.254179311035e+13	-4.50835862207e+13	0.1278531178767	1	1	1	-1
7680000	1	5.336086433085e+14	-2.260921544959e+13	-4.521843089919e+13	0.1274942428044	1	1	1	-1
7700000	1	5.343720029879e+14	-2.267664630326e+13	-4.535329260652e+13	0.1271350937124	1	1	1	-1
7720000	1	5.35133208484e+14	-2.27440838908e+13	-4.54881677816e+13	0.126775687373	1	1	1	-1
7740000	1	5.358922583044e+14	-2.281152643693e+13	-4.562305287386e+13	0.1264160404657	1	1	1	-1
7760000	1	5.366491510564e+14	-2.28789721719e+13	-4.575794434379e+13	0.1260561695755	1	1	1	-1
7780000	1	5.374038854466e+14	-2.294641933167e+13	-4.589283866335e+13	0.1256960911916	1	1	1	-1
7800000	1	5.381564602801e+14	-2.301386615822e+13	-4.602773231643e+13	0.1253358217057	1	1	1	-1
7820000	1	5.389068744599e+14	-2.308131089968e+13	-4.616262179936e+13	0.1249753774107	1	1	1	-1
7840000	1	5.396551269864e+14	-2.314875181064e+13	-4.629750362129e+13	0.1246147744992	1	1	1	-1
7860000	1	5.40401216957e+14	-2.321618715232e+13	-4.643237430465e+13	0.1242540290622	1	1	1	-1
7880000	1	5.411451435651e+14	-2.328361519281e+13	-4.656723038561e+13	0.1238931570875	1	1	1	-1
7900000	1	5.418869060996e+14	-2.335103420725e+13	-4.670206841449e+13	0.1235321744585	1	1	1	-1
7920000	1	5.426265039444e+14	-2.341844247809e+13	-4.683688495618e+13	0.1231710969529	1	1	1	-1
7940000	1	5.433639365777e+14	-2.348583829528e+13	-4.697167659056e+13	0.1228099402414	1	1	1	-1
7960000	1	5.440992035713e+14	-2.355321995646e+13	-4.710643991291e+13	0.1224487198864	1	1	1	-1
7980000	1	5.448323045899e+14	-2.362058576716e+13	-4.724117153432e+13	0.1220874513405	1	1	1	-1
8000000	1	5.455632393908e+14	-2.368793404104e+13	-4.737586808208e+13	0.1217261499459	1	1	1	-1
8020000	1	5.462920078225e+14	-2.375526310003e+13	-4.751052620007e+13	0.1213648309326	1	1	1	-1
8040000	1	5.47018609825e+14	-2.382257127456e+13	-4.764514254913e+13	0.1210035094177	1	1	1	-1
8060000	1	5.477430454281e+14	-2.388985690374e+13	-4.777971380747e+13	0.120642200404	1	1	1	-1
8080000	1	5.484653147516e+14	-2.395711833551e+13	-4.791423667103e+13	0.1202809187789	1	1	1	-1
8100000	1	5.49185418004e+14	-2.40243539269e+13	-4.804870785379e+13	0.1199196793136	1	1	1	-1
8120000	1	5.499033554821e+14	-2.409156204411e+13	-4.818312408823e+13	0.1195584966618	1	1	1	-1
8140000	1	5.506191275702e+14	-2.415874106278e+13	-4.831748212555e+13	0.1191973853589	1	1	1	-1
8160000	1	5.513327347393e+14	-2.422588936807e+13	-4.845177873614e+13	0.1188363598208	1	1	1	-1
8180000	1	5.520441775466e+14	-2.42930053549e+13	-4.85860107098e+13	0.1184754343433	1	1	1	-1
8200000	1	5.527534566346e+14	-2.436008742808e+13	-4.872017485615e+13	0.1181146231008	1	1	1	-1
8220000	1	5.534605727304e+14	-2.442713400246e+13	-4.885426800491e+13	0.1177539401457	1	1	1	-1
8240000	1	5.541655266451e+14	-2.449414350311e+13	-4.898828700622e+13	0.1173933994075	1	1	1	-1
8260000	1	5.548683192727e+14	-2.456111436547e+13	-4.912222873094e+13	0.117033014692	1	1	1	-1
8280000	1	5.555689515899e+14	-2.462804503548e+13	-4.925609007095e+13	0.1166727996804	1	1	1	-1
8300000	1	5.562674246549e+14	-2.469493396973e+13	-4.938986793945e+13	0.1163127679287	1	1	1	-1
8320000	1	5.569637396068e+14	-2.476177963561e+13	-4.952355927122e+13	0.1159529328668	1	1	1	-1
8340000	1	5.576578976649e+14	-2.482858051146e+13	-4.965716102292e+13	0.1155933077982	1	1	1	-1
8360000	1	5.583499001278e+14	-2.489533508667e+13	-4.979067017333e+13	0.1152339058989	1	1	1	-1
8380000	1	5.590397483728e+14	-2.496204186182e+13	-4.992408372363e+13	0.1148747402169	1	1	1	-1
8400000	1	5.59727443855e+14	-2.502869934883e+13	-5.005739869765e+13	0.1145158236718	1	1	1	-1
8420000	1	5.604129881066e+14	-2.509530607105e+13	-5.019061214211e+13	0.1141571690542	1	1	1	-1
8440000	1	5.610963827361e+14	-2.516186056342e+13	-5.032372112684e+13	0.1137987890249	1	1	1	-1
8460000	1	5.617776294276e+14	-2.522836137252e+13	-5.045672274504e+13	0.1134406961148	1	1	1	-1
8480000	1	5.624567299398e+14	-2.529480705674e+13	-5.058961411349e+13	0.1130829027241	1	1	1	-1
8500000	1	5.631336861054e+14	-2.536119618637e+13	-5.072239237275e+13	0.1127254211219	1	1	1	-1
8520000	1	5.638084998303e+14	-2.542752734369e+13	-5.085505468739e+13	0.1123682634463	1	1	1	-1
8540000	1	5.644811730928e+14	-2.549379912308e+13	-5.098759824616e+13	0.1120114417033	1	1	1	-1
8560000	1	5.651517079427e+14	-2.55600101311e+13	-5.112002026221e+13	0.1116549677669	1	1	1	-1
8580000	1	5.658201065008e+14	-2.562615898663e+13	-5.125231797327e+13	0.1112988533787	1	1	1	-1
8600000	1	5.664863709576e+14	-2.56922443209e+13	-5.13844886418e+13	0.1109431101477	1	1	1	-1
8620000	1	5.671505035731e+14	-2.57582647776e+13	-5.151652955519e+13	0.1105877495497	1	1	1	-1
8640000	1	5.678125066755e+14	-2.582421901296e+13	-5.164843802592e+13	0.1102327829278	1	1	1	-1
8660000	1	5.684723826608e+14	-2.589010569584e+13	-5.178021139167e+13	0.1098782214913	1	1	1	-1
8680000	1	5.691301339915e+14	-2.595592350777e+13	-5.191184701555e+13	0.1095240763164	1	1	1	-1
8700000	1	5.697857631966e+14	-2.602167114307e+13	-5.204334228615e+13	0.1091703583455	1	1	1	-1
8720000	1	5.704392728697e+14	-2.608734730886e+13	-5.217469461773e+13	0.1088170783873	1	1	1	-1
8740000	1	5.710906656694e+14	-2.615295072517e+13	-5.230590145034e+13	0.1084642471166	1	1	1	-1
8760000	1	5.717399443175e+14	-2.621848012496e+13	-5.243696024991e+13	0.1081118750747	1	1	1	-1
8780000	1	5.723871115987e+14	-2.62839342542e+13	-5.25678685084e+13	0.1077599726688	1	1	1	-1
8800000	1	5.730321703599e+14	-2.634931187193e+13	-5.269862374386e+13	0.1074085501724	1	1	1	-1
8820000	1	5.736751235088e+14	-2.641461175029e+13	-5.282922350058e+13	0.1070576177251	1	1	1	-1
8840000	1	5.743159740139e+14	-2.647983267456e+13	-5.295966534912e+13	0.106707185333	1	1	1	-1
8860000	1	5.749547249031e+14	-2.654497344322e+13	-5.308994688645e+13	0.1063572628683	1	1	1	-1
8880000	1	5.75591379263e+14	-2.661003286799e+13	-5.322006573599e+13	0.10600786007	1	1	1	-1
8900000	1	5.762259402384e+14	-2.667500977385e+13	-5.33500195477e+13	0.1056589865436	1	1	1	-1
8920000	1	5.768584110312e+14	-2.673990299906e+13	-5.347980599813e+13	0.1053106517616	1	1	1	-1
8940000	1	5.774887948996e+14	-2.680471139524e+13	-5.360942279048e+13	0.1049628650633	1	1	1	-1
8960000	1	5.781170951576e+14	-2.686943382734e+13	-5.373886765467e+13	0.1046156356554	1	1	1	-1
8980000	1	5.787433151739e+14	-2.693406917368e+13	-5.386813834736e+13	0.1042689726122	1	1	1	-1
9000000	1	5.793674583712e+14	-2.699861632599e+13	-5.399723265198e+13	0.1039228848757	1	1	1	-1
9020000	1	5.799895282253e+14	-2.706307418939e+13	-5.412614837878e+13	0.1035773812559	1	1	1	-1
9040000	1	5.806095282647e+14	-2.712744168244e+13	-5.425488336489e+13	0.1032324704315	1	1	1	-1
9060000	1	5.812274620694e+14	-2.719171773712e+13	-5.438343547424e+13	0.1028881609497	1	1	1	-1
9080000	1	5.818433332702e+14	-2.725590129885e+13	-5.451180259769e+13	0.1025444612269	1	1	1	-1
9100000	1	5.824571455481e+14	-2.731999132648e+13	-5.463998265295e+13	0.1022013795491	1	1	1	-1
9120000	1	5.830689026332e+14	-2.738398679231e+13	-5.476797358462e+13	0.1018589240722	1	1	1	-1
9140000	1	5.836786083043e+14	-2.744788668209e+13	-5.489577336418e+13	0.1015171028224	1	1	1	-1
9160000	1	5.84286266388e+14	-2.751168999499e+13	-5.502337998997e+13	0.1011759236968	1	1	1	-1
9180000	1	5.848918807575e+14	-2.75753957436e+13	-5.515079148721e+13	0.1008353944638	1	1	1	-1
9200000	1	5.854954553325e+14	-2.763900295396e+13	-5.527800590791e+13	0.1004955227637	1	1	1	-1
9220000	1	5.860969940781e+14	-2.770251066546e+13	-5.540502133093e+13	0.1001563161088	1	1	1	-1
9240000	1	5.866965010041e+14	-2.776591793093e+13	-5.553183586187e+13	0.09981778188459	1	1	1	-1
9260000	1	5.872939801639e+14	-2.782922381654e+13	-5.565844763307e+13	0.09947992734981	1	1	1	-1
9280000	1	5.878894356544e+14	-2.78924274018e+13	-5.578485480359e+13	0.09914275963719	1	1	1	-1
9300000	1	5.884828716148e+14	-2.795552777956e+13	-5.591105555911e+13	0.09880628575405	1	1	1	-1
9320000	1	5.890742922258e+14	-2.801852405596e+13	-5.603704811192e+13	0.09847051258288	1	1	1	-1
9340000	1	5.896637017091e+14	-2.808141535041e+13	-5.616283070082e+13	0.09813544688197	1	1	1	-1
9360000	1	5.902511043265e+14	-2.814420079557e+13	-5.628840159113e+13	0.09780109528604	1	1	1	-1
9380000	1	5.908365043794e+14	-2.820687953728e+13	-5.641375907455e+13	0.09746746430694	1	1	1	-1
9400000	1	5.914199062075e+14	-2.826945073456e+13	-5.653890146912e+13	0.09713456033429	1	1	1	-1
9420000	1	5.920013141889e+14	-2.833191355957e+13	-5.666382711915e+13	0.09680238963615	1	1	1	-1
9440000	1	5.925807327385e+14	-2.839426719756e+13	-5.678853439512e+13	0.09647095835977	1	1	1	-1
9460000	1	5.93158166308e+14	-2.845651084682e+13	-5.691302169364e+13	0.09614027253229	1	1	1	-1
9480000	1	5.937336193848e+14	-2.851864371865e+13	-5.703728743729e+13	0.09581033806146	1	1	1	-1
9500000	1	5.943070964913e+14	-2.85806650373e+13	-5.71613300746e+13	0.0954811607364	1	1	1	-1
9520000	1	5.948786021842e+14	-2.864257403995e+13	-5.728514807991e+13	0.09515274622835	1	1	1	-1
9540000	1	5.95448141054e+14	-2.870436997663e+13	-5.740873995326e+13	0.09482510009145	1	1	1	-1
9560000	1	5.960157177242e+14	-2.876605211018e+13	-5.753210422035e+13	0.09449822776352	1	1	1	-1
9580000	1	5.965813368503e+14	-2.882761971618e+13	-5.765523943236e+13	0.09417213456686	1	1	1	-1
9600000	1	5.971450031197e+14	-2.888907208294e+13	-5.777814416587e+13	0.09384682570902	1	1	1	-1
9620000	1	5.977067212503e+14	-2.895040851138e+13	-5.790081702276e+13	0.09352230628371	1	1	1	-1
9640000	1	5.982664959906e+14	-2.901162831502e+13	-5.802325663005e+13	0.09319858127151	1	1	1	-1
9660000	1	5.988243321182e+14	-2.907273081991e+13	-5.814546163981e+13	0.0928756555408	1	1	1	-1
9680000	1	5.993802344401e+14	-2.913371536453e+13	-5.826743072906e+13	0.09255353384857	1	1	1	-1
9700000	1	5.999342077909e+14	-2.919458129978e+13	-5.838916259956e+13	0.09223222084128	1	1	1	-1
9720000	1	6.004862570331e+14	-2.925532798888e+13	-5.851065597777e+13	0.09191172105572	1	1	1	-1
9740000	1	6.01036387056e+14	-2.931595480732e+13	-5.863190961464e+13	0.09159203891992	1	1	1	-1
9760000	1	6.015846027751e+14	-2.937646114277e+13	-5.875292228555e+13	0.09127317875399	1	1	1	-1
9780000	1	6.021309091316e+14	-2.943684639504e+13	-5.887369279008e+13	0.09095514477102	1	1	1	-1
9800000	1	6.026753110913e+14	-2.949710997598e+13	-5.899421995196e+13	0.09063794107801	1	1	1	-1
9820000	1	6.032178136448e+14	-2.955725130942e+13	-5.911450261885e+13	0.09032157167673	1	1	1	-1
9840000	1	6.037584218059e+14	-2.961726983112e+13	-5.923453966224e+13	0.09000604046466	1	1	1	-1
9860000	1	6.042971406118e+14	-2.967716498864e+13	-5.935432997728e+13	0.0896913512359	1	1	1	-1
9880000	1	6.04833975122e+14	-2.973693624132e+13	-5.947387248264e+13	0.08937750768209	1	1	1	-1
9900000	1	6.053689304179e+14	-2.979658306016e+13	-5.959316612032e+13	0.08906451339336	1	1	1	-1
9920000	1	6.05902011602e+14	-2.985610492778e+13	-5.971220985555e+13	0.08875237185921	1	1	1	-1
9940000	1	6.064332237975e+14	-2.99155013383e+13	-5.983100267659e+13	0.08844108646952	1	1	1	-1
9960000	1	6.069625721477e+14	-2.997477179729e+13	-5.994954359459e+13	0.08813066051544	1	1	1	-1
9980000	1	6.074900618152e+14	-3.00339158217e+13	-6.006783164339e+13	0.08782109719035	1	1	1	-1
10000000	1	6.080156979816e+14	-3.009293293971e+13	-6.018586587943e+13	0.08751239959082	1	1	1	-1
10020000	1	6.085394858466e+14	-3.015182269075e+13	-6.03036453815e+13	0.08720457071757	1	1	1	-1
10040000	1	6.090614306278e+14	-3.021058462531e+13	-6.042116925062e+13	0.0868976134764	1	1	1	-1
10060000	1	6.095815375599e+14	-3.026921830494e+13	-6.053843660987e+13	0.08659153067916	1	1	1	-1
10080000	1	6.100998118939e+14	-3.03277233021e+13	-6.065544660421e+13	0.08628632504473	1	1	1	-1
10100000	1	6.106162588973e+14	-3.038609920015e+13	-6.077219840029e+13	0.08598199919996	1	1	1	-1
10120000	1	6.111308838527e+14	-3.044434559316e+13	-6.088869118632e+13	0.08567855568066	1	1	1	-1
10140000	1	6.116436920578e+14	-3.050246208593e+13	-6.100492417185e+13	0.08537599693253	1	1	1	-1
10160000	1	6.121546888247e+14	-3.056044829381e+13	-6.112089658762e+13	0.08507432531217	1	1	1	-1
10180000	1	6.126638794793e+14	-3.061830384268e+13	-6.123660768536e+13	0.08477354308803	1	1	1	-1
10200000	1	6.131712693609e+14	-3.067602836883e+13	-6.135205673766e+13	0.08447365244136	1	1	1	-1
10220000	1	6.136768638215e+14	-3.073362151887e+13	-6.146724303773e+13	0.08417465546722	1	1	1	-1
10240000	1	6.141806682256e+14	-3.079108294963e+13	-6.158216589926e+13	0.08387655417541	1	1	1	-1
10260000	1	6.146826879493e+14	-3.084841232811e+13	-6.169682465621e+13	0.08357935049149	1	1	1	-1
10280000	1	6.151829283801e+14	-3.090560933134e+13	-6.181121866267e+13	0.08328304625768	1	1	1	-1
10300000	1	6.156813949163e+14	-3.096267364632e+13	-6.192534729263e+13	0.08298764323389	1	1	1	-1
10320000	1	6.161780929666e+14	-3.101960496992e+13	-6.203920993983e+13	0.08269314309865	1	1	1	-1
10340000	1	6.166730279492e+14	-3.107640300878e+13	-6.215280601756e+13	0.08239954745011	1	1	1	-1
10360000	1	6.171662052921e+14	-3.113306747923e+13	-6.226613495847e+13	0.08210685780696	1	1	1	-1
10380000	1	6.176576304317e+14	-3.11895981072e+13	-6.237919621441e+13	0.08181507560943	1	1	1	-1
10400000	1	6.181473088132e+14	-3.124599462811e+13	-6.249198925622e+13	0.08152420222024	1	1	1	-1
10420000	1	6.186352458895e+14	-3.130225678678e+13	-6.260451357356e+13	0.08123423892555	1	1	1	-1
10440000	1	6.19121447121e+14	-3.135838433736e+13	-6.271676867471e+13	0.08094518693591	1	1	1	-1
10460000	1	6.196059179753e+14	-3.14143770432e+13	-6.282875408639e+13	0.08065704738726	1	1	1	-1
10480000	1	6.200886639264e+14	-3.147023467679e+13	-6.294046935358e+13	0.08036982134182	1	1	1	-1
10500000	1	6.205696904546e+14	-3.152595701967e+13	-6.305191403933e+13	0.08008350978907	1	1	1	-1
10520000	1	6.210490030457e+14	-3.158154386228e+13	-6.316308772456e+13	0.0797981136467	1	1	1	-1
10540000	1	6.215266071912e+14	-3.163699500394e+13	-6.327399000788e+13	0.07951363376153	1	1	1	-1
10560000	1	6.220025083869e+14	-3.169231025271e+13	-6.338462050543e+13	0.07923007091046	1	1	1	-1
10580000	1	6.224767121336e+14	-3.174748942532e+13	-6.349497885065e+13	0.07894742580142	1	1	1	-1
10600000	1	6.229492239358e+14	-3.180253234706e+13	-6.360506469411e+13	0.07866569907426	1	1	1	-1
10620000	1	6.234200493017e+14	-3.185743885168e+13	-6.371487770335e+13	0.07838489130171	1	1	1	-1
10640000	1	6.238891937428e+14	-3.191220878132e+13	-6.382441756265e+13	0.0781050029903	1	1	1	-1
10660000	1	6.243566627734e+14	-3.196684198643e+13	-6.393368397287e+13	0.07782603458124	1	1	1	-1
10680000	1	6.248224619102e+14	-3.202133832563e+13	-6.404267665126e+13	0.07754798645141	1	1	1	-1
10700000	1	6.252865966721e+14	-3.207569766563e+13	-6.415139533126e+13	0.07727085891417	1	1	1	-1
10720000	1	6.257490725796e+14	-3.212991988118e+13	-6.425983976236e+13	0.07699465222033	1	1	1	-1
10740000	1	6.262098951546e+14	-3.218400485493e+13	-6.436800970986e+13	0.07671936655906	1	1	1	-1
10760000	1	6.266690699198e+14	-3.223795247735e+13	-6.44759049547e+13	0.07644500205872	1	1	1	-1
10780000	1	6.271266023986e+14	-3.229176264665e+13	-6.45835252933e+13	0.07617155878779	1	1	1	-1
10800000	1	6.275824981145e+14	-3.234543526868e+13	-6.469087053736e+13	0.07589903675575	1	1	1	-1
10820000	1	6.280367625912e+14	-3.239897025684e+13	-6.479794051368e+13	0.07562743591397	1	1	1	-1
10840000	1	6.284894013516e+14	-3.245236753199e+13	-6.490473506398e+13	0.07535675615655	1	1	1	-1
10860000	1	6.28940419918e+14	-3.250562702235e+13	-6.50112540447e+13	0.07508699732119	1	1	1	-1
10880000	1	6.293898238114e+14	-3.255874866343e+13	-6.511749732685e+13	0.07481815919008	1	1	1	-1
10900000	1	6.298376185514e+14	-3.261173239791e+13	-6.522346479581e+13	0.07455024149074	1	1	1	-1
10920000	1	6.30283809656e+14	-3.266457817558e+13	-6.532915635115e+13	0.07428324389685	1	1	1	-1
10940000	1	6.307284026407e+14	-3.271728595324e+13	-6.543457190647e+13	0.07401716602913	1	1	1	-1
10960000	1	6.311714030188e+14	-3.27698556946e+13	-6.55397113892e+13	0.07375200745613	1	1	1	-1
10980000	1	6.316128163009e+14	-3.282228737021e+13	-6.564457474041e+13	0.07348776769509	1	1	1	-1
11000000	1	6.320526479945e+14	-3.287458095735e+13	-6.57491619147e+13	0.07322444621279	1	1	1	-1
11020000	1	6.324909036037e+14	-3.292673643997e+13	-6.585347287995e+13	0.0729620424263	1	1	1	-1
11040000	1	6.32927588629e+14	-3.297875380858e+13	-6.595750761717e+13	0.07270055570384	1	1	1	-1
11060000	1	6.333627085669e+14	-3.303063306017e+13	-6.606126612034e+13	0.07243998536557	1	1	1	-1
11080000	1	6.337962689098e+14	-3.308237419813e+13	-6.616474839625e+13	0.07218033068441	1	1	1	-1
11100000	1	6.342282751456e+14	-3.313397723214e+13	-6.626795446427e+13	0.07192159088678	1	1	1	-1
11120000	1	6.346587327573e+14	-3.318544217812e+13	-6.637088435624e+13	0.07166376515346	1	1	1	-1
11140000	1	6.350876472229e+14	-3.323676905813e+13	-6.647353811627e+13	0.07140685262028	1	1	1	-1
11160000	1	6.355150240152e+14	-3.328795790029e+13	-6.657591580057e+13	0.07115085237897	1	1	1	-1
11180000	1	6.359408686013e+14	-3.333900873865e+13	-6.667801747731e+13	0.07089576347787	1	1	1	-1
11200000	1	6.363651864425e+14	-3.33899216132e+13	-6.67798432264e+13	0.07064158492274	1	1	1	-1
11220000	1	6.367879829939e+14	-3.34406965697e+13	-6.68813931394e+13	0.07038831567746	1	1	1	-1
11240000	1	6.372092637045e+14	-3.349133365964e+13	-6.698266731928e+13	0.07013595466479	1	1	1	-1
11260000	1	6.376290340166e+14	-3.354183294015e+13	-6.708366588029e+13	0.06988450076713	1	1	1	-1
11280000	1	6.380472993656e+14	-3.359219447391e+13	-6.718438894782e+13	0.06963395282721	1	1	1	-1
11300000	1	6.3846406518e+14	-3.36424183291e+13	-6.72848366582e+13	0.06938430964886	1	1	1	-1
11320000	1	6.388793368809e+14	-3.369250457928e+13	-6.738500915856e+13	0.06913556999769	1	1	1	-1
11340000	1	6.392931198819e+14	-3.374245330332e+13	-6.748490660665e+13	0.06888773260182	1	1	1	-1
11360000	1	6.397054195889e+14	-3.379226458536e+13	-6.758452917073e+13	0.06864079615255	1	1	1	-1
11380000	1	6.401162413997e+14	-3.384193851468e+13	-6.768387702936e+13	0.06839475930511	1	1	1	-1
11400000	1	6.405255907043e+14	-3.389147518563e+13	-6.778295037127e+13	0.0681496206793	1	1	1	-1
11420000	1	6.409334728839e+14	-3.39408746976e+13	-6.788174939521e+13	0.06790537886018	1	1	1	-1
11440000	1	6.413398933114e+14	-3.399013715489e+13	-6.798027430978e+13	0.06766203239876	1	1	1	-1
11460000	1	6.417448573507e+14	-3.403926266665e+13	-6.80785253333e+13	0.06741957981267	1	1	1	-1
11480000	1	6.421483703568e+14	-3.408825134682e+13	-6.817650269363e+13	0.06717801958679	1	1	1	-1
11500000	1	6.425504376757e+14	-3.413710331403e+13	-6.827420662807e+13	0.06693735017393	1	1	1	-1
11520000	1	6.429510646437e+14	-3.418581869157e+13	-6.837163738314e+13	0.06669756999546	1	1	1	-1
11540000	1	6.433502565878e+14	-3.423439760725e+13	-6.846879521449e+13	0.06645867744197	1	1	1	-1
11560000	1	6.437480188251e+14	-3.428284019338e+13	-6.856568038675e+13	0.06622067087385	1	1	1	-1
11580000	1	6.441443566629e+14	-3.433114658668e+13	-6.866229317336e+13	0.06598354862199	1	1	1	-1
11600000	1	6.445392753983e+14	-3.437931692822e+13	-6.875863385644e+13	0.06574730898834	1	1	1	-1
11620000	1	6.449327803182e+14	-3.442735136333e+13	-6.885470272666e+13	0.06551195024654	1	1	1	-1
11640000	1	6.45324876699e+14	-3.447525004153e+13	-6.895050008306e+13	0.06527747064251	1	1	1	-1
11660000	1	6.457155698067e+14	-3.452301311649e+13	-6.904602623297e+13	0.06504386839509	1	1	1	-1
11680000	1	6.461048648963e+14	-3.457064074592e+13	-6.914128149183e+13	0.06481114169655	1	1	1	-1
11700000	1	6.464927672119e+14	-3.461813309153e+13	-6.923626618306e+13	0.06457928871326	1	1	1	-1
11720000	1	6.468792819868e+14	-3.466549031896e+13	-6.933098063793e+13	0.06434830758621	1	1	1	-1
11740000	1	6.472644144427e+14	-3.471271259771e+13	-6.942542519541e+13	0.06411819643159	1	1	1	-1
11760000	1	6.476481697901e+14	-3.475980010104e+13	-6.951960020209e+13	0.06388895334135	1	1	1	-1
11780000	1	6.480305532282e+14	-3.480675300598e+13	-6.961350601196e+13	0.06366057638377	1	1	1	-1
11800000	1	6.484115699442e+14	-3.485357149319e+13	-6.970714298638e+13	0.06343306360399	1	1	1	-1
11820000	1	6.487912251136e+14	-3.490025574693e+13	-6.980051149385e+13	0.06320641302457	1	1	1	-1
11840000	1	6.491695239002e+14	-3.494680595499e+13	-6.989361190998e+13	0.062980622646	1	1	1	-1
11860000	1	6.495464714556e+14	-3.499322230864e+13	-6.998644461729e+13	0.06275569044724	1	1	1	-1
11880000	1	6.49922072919e+14	-3.503950500255e+13	-7.00790100051e+13	0.06253161438626	1	1	1	-1
11900000	1	6.502963334177e+14	-3.508565423472e+13	-7.017130846945e+13	0.06230839240052	1	1	1	-1
11920000	1	6.506692580663e+14	-3.513167020646e+13	-7.026334041292e+13	0.06208602240748	1	1	1	-1
11940000	1	6.510408519669e+14	-3.517755312227e+13	-7.035510624454e+13	0.06186450230515	1	1	1	-1
11960000	1	6.514111202091e+14	-3.522330318983e+13	-7.044660637967e+13	0.06164382997253	1	1	1	-1
11980000	1	6.517800678694e+14	-3.526892061993e+13	-7.053784123986e+13	0.06142400327011	1	1	1	-1
12000000	1	6.521477000117e+14	-3.531440562638e+13	-7.062881125277e+13	0.06120502004036	1	1	1	-1
12020000	1	6.525140216868e+14	-3.5359758426e+13	-7.0719516852e+13	0.06098687810823	1	1	1	-1
12040000	1	6.528790379325e+14	-3.540497923852e+13	-7.080995847704e+13	0.06076957528155	1	1	1	-1
12060000	1	6.532427537732e+14	-3.545006828654e+13	-7.090013657309e+13	0.06055310935157	1	1	1	-1
12080000	1	6.536051742203e+14	-3.54950257955e+13	-7.0990051591e+13	0.06033747809337	1	1	1	-1
12100000	1	6.539663042716e+14	-3.553985199357e+13	-7.107970398713e+13	0.0601226792663	1	1	1	-1
12120000	1	6.543261489115e+14	-3.558454711163e+13	-7.116909422326e+13	0.05990871061449	1	1	1	-1
12140000	1	6.546847131107e+14	-3.562911138322e+13	-7.125822276645e+13	0.05969556986719	1	1	1	-1
12160000	1	6.550420018265e+14	-3.567354504448e+13	-7.134709008896e+13	0.0594832547393	1	1	1	-1
12180000	1	6.553980200021e+14	-3.571784833408e+13	-7.143569666816e+13	0.0592717629317	1	1	1	-1
12200000	1	6.557527725673e+14	-3.576202149318e+13	-7.152404298636e+13	0.05906109213176	1	1	1	-1
12220000	1	6.561062644377e+14	-3.580606476538e+13	-7.161212953077e+13	0.05885124001369	1	1	1	-1
12240000	1	6.564585005149e+14	-3.584997839669e+13	-7.169995679337e+13	0.05864220423897	1	1	1	-1
12260000	1	6.568094856866e+14	-3.589376263541e+13	-7.178752527083e+13	0.05843398245675	1	1	1	-1
12280000	1	6.571592248263e+14	-3.593741773218e+13	-7.187483546436e+13	0.05822657230424	1	1	1	-1
12300000	1	6.575077227933e+14	-3.598094393983e+13	-7.196188787966e+13	0.0580199714071	1	1	1	-1
12320000	1	6.578549844326e+14	-3.602434151341e+13	-7.204868302682e+13	0.05781417737986	1	1	1	-1
12340000	1	6.582010145749e+14	-3.606761071009e+13	-7.213522142018e+13	0.05760918782623	1	1	1	-1
12360000	1	6.585458180364e+14	-3.611075178915e+13	-7.222150357829e+13	0.05740500033951	1	1	1	-1
12380000	1	6.588893996192e+14	-3.615376501189e+13	-7.230753002378e+13	0.05720161250299	1	1	1	-1
12400000	1	6.592317641103e+14	-3.619665064164e+13	-7.239330128327e+13	0.05699902189024	1	1	1	-1
12420000	1	6.595729162827e+14	-3.623940894365e+13	-7.247881788729e+13	0.05679722606552	1	1	1	-1
12440000	1	6.599128608943e+14	-3.628204018509e+13	-7.256408037018e+13	0.05659622258413	1	1	1	-1
12460000	1	6.602516026887e+14	-3.632454463501e+13	-7.264908927001e+13	0.0563960089927	1	1	1	-1
12480000	1	6.605891463944e+14	-3.636692256424e+13	-7.273384512848e+13	0.05619658282962	1	1	1	-1
12500000	1	6.609254967254e+14	-3.640917424542e+13	-7.281834849084e+13	0.05599794162527	1	1	1	-1
12520000	1	6.612606583808e+14	-3.64512999529e+13	-7.29025999058e+13	0.05580008290245	1	1	1	-1
12540000	1	6.615946360447e+14	-3.649329996272e+13	-7.298659992544e+13	0.05560300417662	1	1	1	-1
12560000	1	6.619274343865e+14	-3.653517455257e+13	-7.307034910513e+13	0.05540670295629	1	1	1	-1
12580000	1	6.622590580604e+14	-3.657692400174e+13	-7.315384800347e+13	0.05521117674329	1	1	1	-1
12600000	1	6.625895117058e+14	-3.661854859109e+13	-7.323709718217e+13	0.05501642303306	1	1	1	-1
12620000	1	6.62918799947e+14	-3.666004860299e+13	-7.332009720598e+13	0.05482243931503	1	1	1	-1
12640000	1	6.632469273931e+14	-3.670142432131e+13	-7.340284864263e+13	0.05462922307285	1	1	1	-1
12660000	1	6.635738986384e+14	-3.674267603136e+13	-7.348535206272e+13	0.0544367717847	1	1	1	-1
12680000	1	6.638997182617e+14	-3.678380401983e+13	-7.356760803967e+13	0.0542450829236	1	1	1	-1
12700000	1	6.642243908269e+14	-3.682480857482e+13	-7.364961714963e+13	0.05405415395768	1	1	1	-1
12720000	1	6.645479208826e+14	-3.686568998571e+13	-7.373137997142e+13	0.05386398235045	1	1	1	-1
12740000	1	6.648703129621e+14	-3.690644854321e+13	-7.381289708641e+13	0.0536745655611	1	1	1	-1
12760000	1	6.651915715837e+14	-3.694708453926e+13	-7.389416907851e+13	0.05348590104474	1	1	1	-1
12780000	1	6.655117012503e+14	-3.698759826702e+13	-7.397519653404e+13	0.0532979862527	1	1	1	-1
12800000	1	6.658307064493e+14	-3.702799002086e+13	-7.405598004171e+13	0.05311081863277	1	1	1	-1
12820000	1	6.66148591653e+14	-3.706826009625e+13	-7.41365201925e+13	0.05292439562947	1	1	1	-1
12840000	1	6.664653613185e+14	-3.710840878981e+13	-7.421681757961e+13	0.05273871468426	1	1	1	-1
12860000	1	6.667810198873e+14	-3.714843639921e+13	-7.429687279843e+13	0.05255377323588	1	1	1	-1
12880000	1	6.670955717856e+14	-3.718834322319e+13	-7.437668644639e+13	0.05236956872048	1	1	1	-1
12900000	1	6.674090214242e+14	-3.722812956149e+13	-7.445625912297e+13	0.05218609857195	1	1	1	-1
12920000	1	6.677213731987e+14	-3.72677957148e+13	-7.45355914296e+13	0.05200336022213	1	1	1	-1
12940000	1	6.680326314891e+14	-3.730734198479e+13	-7.461468396959e+13	0.051821351101	1	1	1	-1
12960000	1	6.6834280066e+14	-3.734676867404e+13	-7.469353734807e+13	0.05164006863698	1	1	1	-1
12980000	1	6.686518850606e+14	-3.738607608598e+13	-7.477215217196e+13	0.05145951025709	1	1	1	-1
13000000	1	6.689598890247e+14	-3.742526452492e+13	-7.485052904984e+13	0.05127967338721	1	1	1	-1
13020000	1	6.692668168707e+14	-3.746433429598e+13	-7.492866859196e+13	0.05110055545226	1	1	1	-1
13040000	1	6.695726729014e+14	-3.750328570506e+13	-7.500657141012e+13	0.05092215387646	1	1	1	-1
13060000	1	6.698774614043e+14	-3.754211905883e+13	-7.508423811767e+13	0.05074446608348	1	1	1	-1
13080000	1	6.701811866515e+14	-3.758083466469e+13	-7.516166932939e+13	0.0505674894967	1	1	1	-1
13100000	1	6.704838528995e+14	-3.761943283073e+13	-7.523886566147e+13	0.05039122153936	1	1	1	-1
13120000	1	6.707854643893e+14	-3.765791386572e+13	-7.531582773144e+13	0.05021565963481	1	1	1	-1
13140000	1	6.710860253467e+14	-3.769627807907e+13	-7.539255615814e+13	0.05004080120664	1	1	1	-1
13160000	1	6.713855399819e+14	-3.773452578081e+13	-7.546905156162e+13	0.04986664367891	1	1	1	-1
13180000	1	6.716840124896e+14	-3.777265728156e+13	-7.554531456311e+13	0.04969318447635	1	1	1	-1
13200000	1	6.719814470492e+14	-3.781067289249e+13	-7.562134578497e+13	0.0495204210245	1	1	1	-1
13220000	1	6.722778478246e+14	-3.784857292532e+13	-7.569714585063e+13	0.04934835074991	1	1	1	-1
13240000	1	6.725732189643e+14	-3.788635769227e+13	-7.577271538454e+13	0.04917697108031	1	1	1	-1
13260000	1	6.728675646012e+14	-3.792402750606e+13	-7.584805501212e+13	0.04900627944479	1	1	1	-1
13280000	1	6.731608888532e+14	-3.796158267985e+13	-7.592316535969e+13	0.04883627327397	1	1	1	-1
13300000	1	6.734531958223e+14	-3.799902352723e+13	-7.599804705447e+13	0.04866695000015	1	1	1	-1
13320000	1	6.737444895954e+14	-3.803635036223e+13	-7.607270072446e+13	0.04849830705749	1	1	1	-1
13340000	1	6.740347742441e+14	-3.807356349924e+13	-7.614712699847e+13	0.04833034188214	1	1	1	-1
13360000	1	6.743240538245e+14	-3.8110663253e+13	-7.622132650601e+13	0.04816305191244	1	1	1	-1
13380000	1	6.746123323772e+14	-3.814764993863e+13	-7.629529987725e+13	0.04799643458903	1	1	1	-1
13400000	1	6.748996139277e+14	-3.818452387152e+13	-7.636904774304e+13	0.04783048735503	1	1	1	-1
13420000	1	6.751859024862e+14	-3.822128536738e+13	-7.644257073476e+13	0.04766520765615	1	1	1	-1
13440000	1	6.754712020474e+14	-3.825793474218e+13	-7.651586948437e+13	0.04750059294088	1	1	1	-1
13460000	1	6.757555165907e+14	-3.829447231215e+13	-7.65889446243e+13	0.0473366406606	1	1	1	-1
13480000	1	6.760388500805e+14	-3.833089839373e+13	-7.666179678745e+13	0.04717334826973	1	1	1	-1
13500000	1	6.763212064657e+14	-3.836721330356e+13	-7.673442660713e+13	0.04701071322583	1	1	1	-1
13520000	1	6.7660258968e+14	-3.84034173585e+13	-7.680683471701e+13	0.0468487329898	1	1	1	-1
13540000	1	6.76883003642e+14	-3.843951087554e+13	-7.687902175108e+13	0.04668740502594	1	1	1	-1
13560000	1	6.77162452255e+14	-3.847549417182e+13	-7.695098834365e+13	0.04652672680213	1	1	1	-1
13580000	1	6.774409394072e+14	-3.851136756462e+13	-7.702273512924e+13	0.04636669578991	1	1	1	-1
13600000	1	6.777184689715e+14	-3.85471313713e+13	-7.70942627426e+13	0.04620730946462	1	1	1	-1
13620000	1	6.779950448059e+14	-3.858278590932e+13	-7.716557181865e+13	0.04604856530554	1	1	1	-1
13640000	1	6.782706707531e+14	-3.861833149621e+13	-7.723666299243e+13	0.04589046079596	1	1	1	-1
13660000	1	6.785453506409e+14	-3.865376844954e+13	-7.730753689908e+13	0.04573299342333	1	1	1	-1
13680000	1	6.788190882819e+14	-3.86890970869e+13	-7.737819417381e+13	0.04557616067934	1	1	1	-1
13700000	1	6.790918874738e+14	-3.872431772591e+13	-7.744863545183e+13	0.04541996006009	1	1	1	-1
13720000	1	6.79363751999e+14	-3.875943068418e+13	-7.751886136835e+13	0.04526438906609	1	1	1	-1
13740000	1	6.796346856255e+14	-3.879443627927e+13	-7.758887255854e+13	0.04510944520248	1	1	1	-1
13760000	1	6.799046921057e+14	-3.882933482873e+13	-7.765866965746e+13	0.04495512597904	1	1	1	-1
13780000	1	6.801737751776e+14	-3.886412665004e+13	-7.772825330009e+13	0.04480142891033	1	1	1	-1
13800000	1	6.80441938564e+14	-3.889881206062e+13	-7.779762412123e+13	0.04464835151581	1	1	1	-1
13820000	1	6.80709185973e+14	-3.893339137776e+13	-7.786678275551e+13	0.04449589131985	1	1	1	-1
13840000	1	6.809755210978e+14	-3.896786491868e+13	-7.793572983736e+13	0.04434404585193	1	1	1	-1
13860000	1	6.812409476168e+14	-3.900223300047e+13	-7.800446600094e+13	0.04419281264664	1	1	1	-1
13880000	1	6.815054691937e+14	-3.903649594008e+13	-7.807299188015e+13	0.04404218924382	1	1	1	-1
13900000	1	6.817690894774e+14	-3.907065405429e+13	-7.814130810858e+13	0.04389217318863	1	1	1	-1
13920000	1	6.820318121022e+14	-3.910470765975e+13	-7.820941531949e+13	0.04374276203161	1	1	1	-1
13940000	1	6.822936406875e+14	-3.913865707288e+13	-7.827731414577e+13	0.0435939533288	1	1	1	-1
13960000	1	6.825545788383e+14	-3.917250260995e+13	-7.83450052199e+13	0.04344574464181	1	1	1	-1
13980000	1	6.828146301448e+14	-3.920624458698e+13	-7.841248917397e+13	0.04329813353787	1	1	1	-1
14000000	1	6.83073798183e+14	-3.92398833198e+13	-7.84797666396e+13	0.04315111758994	1	1	1	-1
14020000	1	6.833320865138e+14	-3.927341912397e+13	-7.854683824793e+13	0.04300469437674	1	1	1	-1
14040000	1	6.835894986841e+14	-3.930685231481e+13	-7.861370462962e+13	0.04285886148289	1	1	1	-1
14060000	1	6.838460382261e+14	-3.934018320738e+13	-7.868036641477e+13	0.04271361649889	1	1	1	-1
14080000	1	6.841017086575e+14	-3.937341211647e+13	-7.874682423294e+13	0.04256895702128	1	1	1	-1
14100000	1	6.843565134819e+14	-3.940653935656e+13	-7.881307871312e+13	0.04242488065262	1	1	1	-1
14120000	1	6.846104561882e+14	-3.943956524183e+13	-7.887913048366e+13	0.04228138500163	1	1	1	-1
14140000	1	6.848635402512e+14	-3.947249008616e+13	-7.894498017232e+13	0.0421384676832	1	1	1	-1
14160000	1	6.851157691314e+14	-3.950531420309e+13	-7.901062840619e+13	0.04199612631845	1	1	1	-1
14180000	1	6.85367146275e+14	-3.953803790583e+13	-7.907607581166e+13	0.04185435853485	1	1	1	-1
14200000	1	6.85617675114e+14	-3.957066150723e+13	-7.914132301447e+13	0.04171316196619	1	1	1	-1
14220000	1	6.858673590662e+14	-3.960318531979e+13	-7.920637063958e+13	0.0415725342527	1	1	1	-1
14240000	1	6.861162015354e+14	-3.963560965563e+13	-7.927121931125e+13	0.04143247304108	1	1	1	-1
14260000	1	6.863642059111e+14	-3.966793482648e+13	-7.933586965296e+13	0.04129297598455	1	1	1	-1
14280000	1	6.86611375569e+14	-3.970016114369e+13	-7.940032228738e+13	0.04115404074291	1	1	1	-1
14300000	1	6.868577138705e+14	-3.97322889182e+13	-7.946457783641e+13	0.04101566498259	1	1	1	-1
14320000	1	6.871032241634e+14	-3.976431846054e+13	-7.952863692109e+13	0.04087784637666	1	1	1	-1
14340000	1	6.873479097811e+14	-3.979625008081e+13	-7.959250016162e+13	0.04074058260495	1	1	1	-1
14360000	1	6.875917740436e+14	-3.982808408867e+13	-7.965616817734e+13	0.04060387135403	1	1	1	-1
14380000	1	6.878348202567e+14	-3.985982079335e+13	-7.971964158669e+13	0.04046771031728	1	1	1	-1
14400000	1	6.880770517125e+14	-3.989146050361e+13	-7.978292100721e+13	0.04033209719492	1	1	1	-1
14420000	1	6.883184716894e+14	-3.992300352776e+13	-7.984600705551e+13	0.04019702969407	1	1	1	-1
14440000	1	6.885590834519e+14	-3.995445017363e+13	-7.990890034726e+13	0.04006250552876	1	1	1	-1
14460000	1	6.88798890251e+14	-3.998580074859e+13	-7.997160149717e+13	0.03992852242001	1	1	1	-1
14480000	1	6.890378953239e+14	-4.001705555948e+13	-8.003411111896e+13	0.03979507809583	1	1	1	-1
14500000	1	6.892761018944e+14	-4.004821491269e+13	-8.009642982537e+13	0.03966217029124	1	1	1	-1
14520000	1	6.895135131726e+14	-4.007927911406e+13	-8.015855822812e+13	0.03952979674836	1	1	1	-1
14540000	1	6.89750132355e+14	-4.011024846895e+13	-8.02204969379e+13	0.03939795521641	1	1	1	-1
14560000	1	6.899859626247e+14	-4.014112328218e+13	-8.028224656436e+13	0.03926664345173	1	1	1	-1
14580000	1	6.902210071516e+14	-4.017190385804e+13	-8.034380771608e+13	0.03913585921783	1	1	1	-1
14600000	1	6.904552690919e+14	-4.020259050029e+13	-8.040518100057e+13	0.03900560028542	1	1	1	-1
14620000	1	6.906887515885e+14	-4.023318351213e+13	-8.046636702426e+13	0.0388758644324	1	1	1	-1
14640000	1	6.909214577711e+14	-4.026368319623e+13	-8.052736639246e+13	0.03874664944396	1	1	1	-1
14660000	1	6.911533907561e+14	-4.029408985468e+13	-8.058817970936e+13	0.03861795311254	1	1	1	-1
14680000	1	6.913845536467e+14	-4.032440378902e+13	-8.064880757803e+13	0.03848977323785	1	1	1	-1
14700000	1	6.91614949533e+14	-4.035462530019e+13	-8.070925060038e+13	0.03836210762697	1	1	1	-1
14720000	1	6.918445814918e+14	-4.038475468858e+13	-8.076950937717e+13	0.0382349540943	1	1	1	-1
14740000	1	6.920734525869e+14	-4.041479225398e+13	-8.082958450797e+13	0.03810831046158	1	1	1	-1
14760000	1	6.92301565869e+14	-4.044473829559e+13	-8.088947659118e+13	0.03798217455796	1	1	1	-1
14780000	1	6.925289243761e+14	-4.0474593112e+13	-8.0949186224e+13	0.03785654421999	1	1	1	-1
14800000	1	6.927555311329e+14	-4.05043570012e+13	-8.10087140024e+13	0.03773141729163	1	1	1	-1
14820000	1	6.929813891513e+14	-4.053403026058e+13	-8.106806052115e+13	0.03760679162428	1	1	1	-1
14840000	1	6.932065014304e+14	-4.056361318689e+13	-8.112722637378e+13	0.0374826650768	1	1	1	-1
14860000	1	6.934308709564e+14	-4.059310607628e+13	-8.118621215256e+13	0.03735903551551	1	1	1	-1
14880000	1	6.936545007028e+14	-4.062250922426e+13	-8.124501844852e+13	0.03723590081421	1	1	1	-1
14900000	1	6.938773936304e+14	-4.065182292571e+13	-8.130364585141e+13	0.03711325885421	1	1	1	-1
14920000	1	6.940995526873e+14	-4.068104747486e+13	-8.136209494971e+13	0.03699110752432	1	1	1	-1
14940000	1	6.943209808088e+14	-4.07101831653e+13	-8.142036633061e+13	0.03686944472087	1	1	1	-1
14960000	1	6.945416809178e+14	-4.073923028999e+13	-8.147846057998e+13	0.03674826834772	1	1	1	-1
14980000	1	6.947616559246e+14	-4.076818914121e+13	-8.153637828243e+13	0.03662757631628	1	1	1	-1
15000000	1	6.94980908727e+14	-4.07970600106e+13	-8.159412002119e+13	0.03650736654548	1	1	1	-1
15020000	1	6.951994422104e+14	-4.082584318911e+13	-8.165168637822e+13	0.03638763696186	1	1	1	-1
15040000	1	6.954172592476e+14	-4.085453896705e+13	-8.170907793411e+13	0.03626838549949	1	1	1	-1
15060000	1	6.956343626993e+14	-4.088314763405e+13	-8.17662952681e+13	0.03614961010001	1	1	1	-1
15080000	1	6.958507554137e+14	-4.091166947906e+13	-8.182333895811e+13	0.03603130871266	1	1	1	-1
15100000	1	6.960664402268e+14	-4.094010479033e+13	-8.188020958066e+13	0.03591347929424	1	1	1	-1
15120000	1	6.962814199622e+14	-4.096845385547e+13	-8.193690771093e+13	0.03579611980917	1	1	1	-1
15140000	1	6.964956974317e+14	-4.099671696135e+13	-8.19934339227e+13	0.03567922822943	1	1	1	-1
15160000	1	6.967092754346e+14	-4.102489439419e+13	-8.204978878837e+13	0.03556280253461	1	1	1	-1
15180000	1	6.969221567582e+14	-4.105298643948e+13	-8.210597287896e+13	0.03544684071191	1	1	1	-1
15200000	1	6.971343441779e+14	-4.108099338204e+13	-8.216198676407e+13	0.0353313407561	1	1	1	-1
15220000	1	6.973458404569e+14	-4.110891550595e+13	-8.221783101191e+13	0.03521630066958	1	1	1	-1
15240000	1	6.975566483466e+14	-4.113675309463e+13	-8.227350618926e+13	0.03510171846233	1	1	1	-1
15260000	1	6.977667705864e+14	-4.116450643074e+13	-8.232901286148e+13	0.03498759215194	1	1	1	-1
15280000	1	6.979762099038e+14	-4.119217579626e+13	-8.238435159253e+13	0.03487391976361	1	1	1	-1
15300000	1	6.981849690147e+14	-4.121976147245e+13	-8.243952294489e+13	0.03476069933012	1	1	1	-1
15320000	1	6.98393050623e+14	-4.124726373982e+13	-8.249452747965e+13	0.03464792889186	1	1	1	-1
15340000	1	6.986004574208e+14	-4.127468287821e+13	-8.254936575642e+13	0.0345356064968	1	1	1	-1
15360000	1	6.988071920889e+14	-4.130201916668e+13	-8.260403833336e+13	0.03442373020052	1	1	1	-1
15380000	1	6.990132572962e+14	-4.13292728836e+13	-8.26585457672e+13	0.03431229806616	1	1	1	-1
15400000	1	6.992186556999e+14	-4.135644430659e+13	-8.271288861319e+13	0.03420130816448	1	1	1	-1
15420000	1	6.994233899458e+14	-4.138353371255e+13	-8.27670674251e+13	0.03409075857379	1	1	1	-1
15440000	1	6.996274626684e+14	-4.141054137763e+13	-8.282108275526e+13	0.03398064737997	1	1	1	-1
15460000	1	6.998308764903e+14	-4.143746757725e+13	-8.28749351545e+13	0.03387097267649	1	1	1	-1
15480000	1	7.000336340231e+14	-4.146431258609e+13	-8.292862517218e+13	0.03376173256436	1	1	1	-1
15500000	1	7.002357378668e+14	-4.149107667808e+13	-8.298215335617e+13	0.03365292515215	1	1	1	-1
15520000	1	7.004371906101e+14	-4.151776012642e+13	-8.303552025284e+13	0.03354454855599	1	1	1	-1
15540000	1	7.006379948306e+14	-4.154436320354e+13	-8.308872640709e+13	0.03343660089951	1	1	1	-1
15560000	1	7.008381530945e+14	-4.157088618115e+13	-8.31417723623e+13	0.03332908031392	1	1	1	-1
15580000	1	7.010376679569e+14	-4.159732933018e+13	-8.319465866037e+13	0.03322198493791	1	1	1	-1
15600000	1	7.012365419616e+14	-4.162369292084e+13	-8.324738584168e+13	0.0331153129177	1	1	1	-1
15620000	1	7.014347776416e+14	-4.164997722255e+13	-8.32999544451e+13	0.03300906240702	1	1	1	-1
15640000	1	7.016323775186e+14	-4.1676182504e+13	-8.3352365008e+13	0.03290323156707	1	1	1	-1
15660000	1	7.018293441034e+14	-4.170230903311e+13	-8.340461806622e+13	0.03279781856656	1	1	1	-1
15680000	1	7.020256798958e+14	-4.172835707705e+13	-8.34567141541e+13	0.03269282158165	1	1	1	-1
15700000	1	7.022213873849e+14	-4.175432690223e+13	-8.350865380446e+13	0.03258823879596	1	1	1	-1
15720000	1	7.024164690485e+14	-4.178021877428e+13	-8.356043754856e+13	0.03248406840057	1	1	1	-1
15740000	1	7.026109273539e+14	-4.18060329581e+13	-8.361206591619e+13	0.032380308594	1	1	1	-1
15760000	1	7.028047647577e+14	-4.183176971778e+13	-8.366353943557e+13	0.03227695758217	1	1	1	-1
15780000	1	7.029979837054e+14	-4.18574293167e+13	-8.37148586334e+13	0.03217401357843	1	1	1	-1
15800000	1	7.031905866321e+14	-4.188301201743e+13	-8.376602403486e+13	0.03207147480353	1	1	1	-1
15820000	1	7.033825759623e+14	-4.190851808179e+13	-8.381703616358e+13	0.0319693394856	1	1	1	-1
15840000	1	7.035739541096e+14	-4.193394777083e+13	-8.386789554165e+13	0.03186760586013	1	1	1	-1
15860000	1	7.037647234772e+14	-4.195930134482e+13	-8.391860268965e+13	0.03176627216999	1	1	1	-1
15880000	1	7.03954886458e+14	-4.198457906329e+13	-8.396915812658e+13	0.03166533666537	1	1	1	-1
15900000	1	7.041444454341e+14	-4.200978118496e+13	-8.401956236993e+13	0.0315647976038	1	1	1	-1
15920000	1	7.043334027773e+14	-4.203490796781e+13	-8.406981593563e+13	0.03146465325013	1	1	1	-1
15940000	1	7.04521760849e+14	-4.205995966904e+13	-8.411991933807e+13	0.03136490187649	1	1	1	-1
15960000	1	7.047095220004e+14	-4.208493654505e+13	-8.416987309011e+13	0.03126554176229	1	1	1	-1
15980000	1	7.048966885722e+14	-4.210983885151e+13	-8.421967770303e+13	0.03116657119424	1	1	1	-1
16000000	1	7.05083262895e+14	-4.213466684329e+13	-8.426933368658e+13	0.03106798846625	1	1	1	-1
16020000	1	7.05269247289e+14	-4.215942077449e+13	-8.431884154898e+13	0.03096979187951	1	1	1	-1
16040000	1	7.054546440646e+14	-4.218410089843e+13	-8.436820179686e+13	0.0308719797424	1	1	1	-1
16060000	1	7.056394555216e+14	-4.220870746767e+13	-8.441741493535e+13	0.03077455037051	1	1	1	-1
16080000	1	7.058236839502e+14	-4.223324073399e+13	-8.446648146798e+13	0.0306775020866	1	1	1	-1
16100000	1	7.060073316302e+14	-4.225770094838e+13	-8.451540189676e+13	0.03058083322062	1	1	1	-1
16120000	1	7.061904008315e+14	-4.228208836107e+13	-8.456417672214e+13	0.03048454210964	1	1	1	-1
16140000	1	7.063728938143e+14	-4.230640322151e+13	-8.461280644301e+13	0.03038862709787	1	1	1	-1
16160000	1	7.065548128284e+14	-4.233064577837e+13	-8.466129155674e+13	0.03029308653665	1	1	1	-1
16180000	1	7.067361601143e+14	-4.235481627955e+13	-8.470963255911e+13	0.03019791878439	1	1	1	-1
16200000	1	7.069169379022e+14	-4.237891497218e+13	-8.475782994436e+13	0.03010312220659	1	1	1	-1
16220000	1	7.070971484129e+14	-4.240294210259e+13	-8.480588420519e+13	0.03000869517579	1	1	1	-1
16240000	1	7.072767938571e+14	-4.242689791637e+13	-8.485379583274e+13	0.02991463607159	1	1	1	-1
16260000	1	7.074558764361e+14	-4.24507826583e+13	-8.49015653166e+13	0.02982094328058	1	1	1	-1
16280000	1	7.076343983414e+14	-4.24745965724e+13	-8.49491931448e+13	0.02972761519638	1	1	1	-1
16300000	1	7.07812361755e+14	-4.249833990193e+13	-8.499667980385e+13	0.02963465021958	1	1	1	-1
16320000	1	7.079897688492e+14	-4.252201288934e+13	-8.504402577867e+13	0.0295420467577	1	1	1	-1
16340000	1	7.081666217869e+14	-4.254561577633e+13	-8.509123155266e+13	0.02944980322525	1	1	1	-1
16360000	1	7.083429227213e+14	-4.256914880383e+13	-8.513829760767e+13	0.02935791804363	1	1	1	-1
16380000	1	7.085186737964e+14	-4.259261221199e+13	-8.518522442398e+13	0.02926638964115	1	1	1	-1
16400000	1	7.086938771467e+14	-4.261600624017e+13	-8.523201248034e+13	0.02917521645299	1	1	1	-1
16420000	1	7.088685348974e+14	-4.263933112698e+13	-8.527866225396e+13	0.02908439692119	1	1	1	-1
16440000	1	7.090426491641e+14	-4.266258711025e+13	-8.53251742205e+13	0.02899392949465	1	1	1	-1
16460000	1	7.092162220536e+14	-4.268577442704e+13	-8.537154885408e+13	0.02890381262907	1	1	1	-1
16480000	1	7.093892556631e+14	-4.270889331363e+13	-8.541778662725e+13	0.02881404478694	1	1	1	-1
16500000	1	7.095617520806e+14	-4.273194400553e+13	-8.546388801107e+13	0.02872462443756	1	1	1	-1
16520000	1	7.097337133851e+14	-4.275492673751e+13	-8.550985347501e+13	0.02863555005695	1	1	1	-1
16540000	1	7.099051416465e+14	-4.277784174352e+13	-8.555568348704e+13	0.02854682012787	1	1	1	-1
16560000	1	7.100760389255e+14	-4.280068925678e+13	-8.560137851356e+13	0.02845843313982	1	1	1	-1
16580000	1	7.102464072738e+14	-4.282346950974e+13	-8.564693901947e+13	0.02837038758895	1	1	1	-1
16600000	1	7.104162487341e+14	-4.284618273406e+13	-8.569236546811e+13	0.02828268197813	1	1	1	-1
16620000	1	7.105855653402e+14	-4.286882916065e+13	-8.57376583213e+13	0.02819531481683	1	1	1	-1
16640000	1	7.107543591169e+14	-4.289140901966e+13	-8.578281803931e+13	0.02810828462117	1	1	1	-1
16660000	1	7.109226320802e+14	-4.291392254046e+13	-8.582784508091e+13	0.02802158991389	1	1	1	-1
16680000	1	7.110903862371e+14	-4.293636995167e+13	-8.587273990333e+13	0.02793522922427	1	1	1	-1
16700000	1	7.112576235862e+14	-4.295875148114e+13	-8.591750296228e+13	0.02784920108819	1	1	1	-1
16720000	1	7.114243461168e+14	-4.298106735596e+13	-8.596213471192e+13	0.02776350404806	1	1	1	-1
16740000	1	7.115905558098e+14	-4.300331780247e+13	-8.600663560493e+13	0.0276781366528	1	1	1	-1
16760000	1	7.117562546375e+14	-4.302550304623e+13	-8.605100609245e+13	0.02759309745782	1	1	1	-1
16780000	1	7.119214445634e+14	-4.304762331205e+13	-8.60952466241e+13	0.02750838502501	1	1	1	-1
16800000	1	7.120861275422e+14	-4.306967882399e+13	-8.613935764799e+13	0.02742399792271	1	1	1	-1
16820000	1	7.122503055205e+14	-4.309166980536e+13	-8.618333961072e+13	0.02733993472569	1	1	1	-1
16840000	1	7.124139804361e+14	-4.311359647869e+13	-8.622719295737e+13	0.02725619401511	1	1	1	-1
16860000	1	7.125771542182e+14	-4.313545906576e+13	-8.627091813153e+13	0.02717277437852	1	1	1	-1
16880000	1	7.127398287878e+14	-4.315725778763e+13	-8.631451557526e+13	0.02708967440985	1	1	1	-1
16900000	1	7.129020060574e+14	-4.317899286457e+13	-8.635798572915e+13	0.02700689270933	1	1	1	-1
16920000	1	7.130636879311e+14	-4.320066451612e+13	-8.640132903225e+13	0.02692442788353	1	1	1	-1
16940000	1	7.132248763046e+14	-4.322227296107e+13	-8.644454592214e+13	0.0268422785453	1	1	1	-1
16960000	1	7.133855730654e+14	-4.324381841744e+13	-8.648763683489e+13	0.02676044331377	1	1	1	-1
16980000	1	7.135457800927e+14	-4.326530110254e+13	-8.653060220509e+13	0.0266789208143	1	1	1	-1
17000000	1	7.137054992576e+14	-4.328672123291e+13	-8.657344246582e+13	0.02659770967847	1	1	1	-1
17020000	1	7.138647324228e+14	-4.330807902434e+13	-8.661615804869e+13	0.02651680854409	1	1	1	-1
17040000	1	7.140234814429e+14	-4.332937469191e+13	-8.665874938382e+13	0.02643621605511	1	1	1	-1
17060000	1	7.141817481646e+14	-4.335060844992e+13	-8.670121689984e+13	0.02635593086166	1	1	1	-1
17080000	1	7.143395344262e+14	-4.337178051195e+13	-8.67435610239e+13	0.02627595161998	1	1	1	-1
17100000	1	7.144968420583e+14	-4.339289109085e+13	-8.67857821817e+13	0.02619627699243	1	1	1	-1
17120000	1	7.146536728832e+14	-4.341394039871e+13	-8.682788079742e+13	0.02611690564746	1	1	1	-1
17140000	1	7.148100287154e+14	-4.34349286469e+13	-8.686985729381e+13	0.02603783625956	1	1	1	-1
17160000	1	7.149659113614e+14	-4.345585604606e+13	-8.691171209212e+13	0.02595906750928	1	1	1	-1
17180000	1	7.151213226198e+14	-4.347672280608e+13	-8.695344561216e+13	0.02588059808317	1	1	1	-1
17200000	1	7.152762642816e+14	-4.349752913613e+13	-8.699505827227e+13	0.02580242667379	1	1	1	-1
17220000	1	7.154307381295e+14	-4.351827524466e+13	-8.703655048931e+13	0.02572455197964	1	1	1	-1
17240000	1	7.155847459387e+14	-4.353896133936e+13	-8.707792267872e+13	0.02564697270519	1	1	1	-1
17260000	1	7.157382894768e+14	-4.355958762723e+13	-8.711917525447e+13	0.02556968756082	1	1	1	-1
17280000	1	7.158913705034e+14	-4.358015431453e+13	-8.716030862906e+13	0.02549269526282	1	1	1	-1
17300000	1	7.160439907705e+14	-4.360066160678e+13	-8.720132321357e+13	0.02541599453334	1	1	1	-1
17320000	1	7.161961520225e+14	-4.362110970881e+13	-8.724221941762e+13	0.02533958410039	1	1	1	-1
17340000	1	7.163478559963e+14	-4.364149882471e+13	-8.728299764941e+13	0.02526346269783	1	1	1	-1
17360000	1	7.164991044209e+14	-4.366182915784e+13	-8.732365831568e+13	0.02518762906528	1	1	1	-1
17380000	1	7.16649899018e+14	-4.368210091088e+13	-8.736420182175e+13	0.02511208194819	1	1	1	-1
17400000	1	7.168002415019e+14	-4.370231428575e+13	-8.74046285715e+13	0.02503682009774	1	1	1	-1
17420000	1	7.169501335792e+14	-4.37224694837e+13	-8.744493896739e+13	0.02496184227086	1	1	1	-1
17440000	1	7.170995769491e+14	-4.374256670522e+13	-8.748513341045e+13	0.02488714723019	1	1	1	-1
17460000	1	7.172485733035e+14	-4.376260615014e+13	-8.752521230029e+13	0.02481273374406	1	1	1	-1
17480000	1	7.173971243269e+14	-4.378258801755e+13	-8.75651760351e+13	0.02473860058647	1	1	1	-1
17500000	1	7.175452316965e+14	-4.380251250584e+13	-8.760502501167e+13	0.02466474653705	1	1	1	-1
17520000	1	7.17692897082e+14	-4.382237981268e+13	-8.764475962537e+13	0.02459117038108	1	1	1	-1
17540000	1	7.17840122146e+14	-4.384219013507e+13	-8.768438027015e+13	0.02451787090941	1	1	1	-1
17560000	1	7.179869085439e+14	-4.386194366929e+13	-8.772388733857e+13	0.02444484691848	1	1	1	-1
17580000	1	7.181332579239e+14	-4.38816406109e+13	-8.77632812218e+13	0.02437209721027	1	1	1	-1
17600000	1	7.182791719269e+14	-4.39012811548e+13	-8.780256230959e+13	0.02429962059231	1	1	1	-1
17620000	1	7.184246521868e+14	-4.392086549516e+13	-8.784173099032e+13	0.02422741587761	1	1	1	-1
17640000	1	7.185697003302e+14	-4.394039382547e+13	-8.788078765095e+13	0.02415548188467	1	1	1	-1
17660000	1	7.18714317977e+14	-4.395986633854e+13	-8.791973267709e+13	0.02408381743748	1	1	1	-1
17680000	1	7.188585067397e+14	-4.397928322647e+13	-8.795856645293e+13	0.02401242136541	1	1	1	-1
17700000	1	7.19002268224e+14	-4.399864468066e+13	-8.799728936132e+13	0.02394129250331	1	1	1	-1
17720000	1	7.191456040286e+14	-4.401795089186e+13	-8.803590178371e+13	0.02387042969136	1	1	1	-1
17740000	1	7.192885157451e+14	-4.403720205009e+13	-8.807440410018e+13	0.02379983177514	1	1	1	-1
17760000	1	7.194310049584e+14	-4.405639834473e+13	-8.811279668945e+13	0.02372949760559	1	1	1	-1
17780000	1	7.195730732465e+14	-4.407553996443e+13	-8.815107992887e+13	0.02365942603893	1	1	1	-1
17800000	1	7.197147221804e+14	-4.409462709721e+13	-8.818925419443e+13	0.02358961593673	1	1	1	-1
17820000	1	7.198559533246e+14	-4.411365993038e+13	-8.822731986076e+13	0.0235200661658	1	1	1	-1
17840000	1	7.199967682364e+14	-4.413263865057e+13	-8.826527730114e+13	0.02345077559822	1	1	1	-1
17860000	1	7.201371684667e+14	-4.415156344375e+13	-8.83031268875e+13	0.02338174311129	1	1	1	-1
17880000	1	7.202771555596e+14	-4.417043449522e+13	-8.834086899044e+13	0.02331296758755	1	1	1	-1
17900000	1	7.204167310523e+14	-4.418925198959e+13	-8.837850397919e+13	0.0232444479147	1	1	1	-1
17920000	1	7.205558964757e+14	-4.420801611082e+13	-8.841603222165e+13	0.02317618298561	1	1	1	-1
17940000	1	7.206946533538e+14	-4.42267270422e+13	-8.845345408439e+13	0.0231081716983	1	1	1	-1
17960000	1	7.208330032042e+14	-4.424538496633e+13	-8.849076993266e+13	0.0230404129559	1	1	1	-1
17980000	1	7.209709475377e+14	-4.426399006519e+13	-8.852798013037e+13	0.02297290566666	1	1	1	-1
18000000	1	7.211084878589e+14	-4.428254252005e+13	-8.85650850401e+13	0.02290564874387	1	1	1	-1
18020000	1	7.212456256655e+14	-4.430104251156e+13	-8.860208502313e+13	0.0228386411059	1	1	1	-1
18040000	1	7.213823624491e+14	-4.43194902197e+13	-8.86389804394e+13	0.02277188167615	1	1	1	-1
18060000	1	7.215186996947e+14	-4.433788582378e+13	-8.867577164756e+13	0.02270536938302	1	1	1	-1
18080000	1	7.216546388808e+14	-4.435622950247e+13	-8.871245900494e+13	0.0226391031599	1	1	1	-1
18100000	1	7.217901814797e+14	-4.437452143379e+13	-8.874904286758e+13	0.02257308194515	1	1	1	-1
18120000	1	7.219253289572e+14	-4.43927617951e+13	-8.878552359019e+13	0.02250730468207	1	1	1	-1
18140000	1	7.220600827729e+14	-4.441095076311e+13	-8.882190152622e+13	0.02244177031888	1	1	1	-1
18160000	1	7.2219444438e+14	-4.44290885139e+13	-8.885817702781e+13	0.0223764778087	1	1	1	-1
18180000	1	7.223284152255e+14	-4.44471752229e+13	-8.88943504458e+13	0.02231142610952	1	1	1	-1
18200000	1	7.224619967502e+14	-4.446521106488e+13	-8.893042212976e+13	0.02224661418421	1	1	1	-1
18220000	1	7.225951903886e+14	-4.448319621399e+13	-8.896639242798e+13	0.02218204100045	1	1	1	-1
18240000	1	7.227279975691e+14	-4.450113084373e+13	-8.900226168747e+13	0.02211770553073	1	1	1	-1
18260000	1	7.228604197139e+14	-4.451901512698e+13	-8.903803025396e+13	0.02205360675236	1	1	1	-1
18280000	1	7.229924582392e+14	-4.453684923596e+13	-8.907369847192e+13	0.0219897436474	1	1	1	-1
18300000	1	7.231241145549e+14	-4.455463334228e+13	-8.910926668455e+13	0.02192611520265	1	1	1	-1
18320000	1	7.23255390065e+14	-4.45723676169e+13	-8.91447352338e+13	0.02186272040965	1	1	1	-1
18340000	1	7.233862861675e+14	-4.459005223017e+13	-8.918010446033e+13	0.02179955826464	1	1	1	-1
18360000	1	7.235168042542e+14	-4.460768735179e+13	-8.921537470359e+13	0.02173662776856	1	1	1	-1
18380000	1	7.236469457111e+14	-4.462527315087e+13	-8.925054630174e+13	0.02167392792698	1	1	1	-1
18400000	1	7.237767119183e+14	-4.464280979586e+13	-8.928561959173e+13	0.02161145775014	1	1	1	-1
18420000	1	7.239061042498e+14	-4.466029745462e+13	-8.932059490923e+13	0.0215492162529	1	1	1	-1
18440000	1	7.240351240737e+14	-4.467773629436e+13	-8.935547258872e+13	0.0214872024547	1	1	1	-1
18460000	1	7.241637727525e+14	-4.46951264817e+13	-8.93902529634e+13	0.02142541537957	1	1	1	-1
18480000	1	7.242920516425e+14	-4.471246818263e+13	-8.942493636526e+13	0.02136385405611	1	1	1	-1
18500000	1	7.244199620945e+14	-4.472976156254e+13	-8.945952312507e+13	0.02130251751743	1	1	1	-1
18520000	1	7.245475054534e+14	-4.474700678619e+13	-8.949401357237e+13	0.02124140480118	1	1	1	-1
18540000	1	7.246746830582e+14	-4.476420401774e+13	-8.952840803548e+13	0.0211805149495	1	1	1	-1
18560000	1	7.248014962425e+14	-4.478135342075e+13	-8.95627068415e+13	0.021119847009	1	1	1	-1
18580000	1	7.249279463337e+14	-4.479845515817e+13	-8.959691031634e+13	0.02105940003075	1	1	1	-1
18600000	1	7.250540346542e+14	-4.481550939234e+13	-8.963101878468e+13	0.02099917307024	1	1	1	-1
18620000	1	7.2517976252e+14	-4.483251628501e+13	-8.966503257002e+13	0.0209391651874	1	1	1	-1
18640000	1	7.253051312421e+14	-4.484947599732e+13	-8.969895199464e+13	0.02087937544653	1	1	1	-1
18660000	1	7.254301421256e+14	-4.486638868982e+13	-8.973277737964e+13	0.02081980291631	1	1	1	-1
18680000	1	7.255547964701e+14	-4.488325452246e+13	-8.976650904492e+13	0.02076044666977	1	1	1	-1
18700000	1	7.256790955695e+14	-4.49000736546e+13	-8.98001473092e+13	0.02070130578428	1	1	1	-1
18720000	1	7.258030407124e+14	-4.491684624501e+13	-8.983369249001e+13	0.02064237934152	1	1	1	-1
18740000	1	7.259266331819e+14	-4.493357245186e+13	-8.986714490372e+13	0.02058366642745	1	1	1	-1
18760000	1	7.260498742555e+14	-4.495025243274e+13	-8.990050486549e+13	0.02052516613233	1	1	1	-1
18780000	1	7.261727652053e+14	-4.496688634467e+13	-8.993377268934e+13	0.02046687755065	1	1	1	-1
18800000	1	7.26295307298e+14	-4.498347434406e+13	-8.996694868811e+13	0.02040879978113	1	1	1	-1
18820000	1	7.264175017949e+14	-4.500001658674e+13	-9.000003317349e+13	0.02035093192673	1	1	1	-1
18840000	1	7.265393499519e+14	-4.501651322799e+13	-9.003302645598e+13	0.02029327309456	1	1	1	-1
18860000	1	7.266608530197e+14	-4.503296442248e+13	-9.006592884495e+13	0.02023582239594	1	1	1	-1
18880000	1	7.267820122436e+14	-4.504937032431e+13	-9.009874064862e+13	0.02017857894634	1	1	1	-1
18900000	1	7.269028288634e+14	-4.506573108703e+13	-9.013146217405e+13	0.02012154186535	1	1	1	-1
18920000	1	7.27023304114e+14	-4.508204686358e+13	-9.016409372716e+13	0.02006471027669	1	1	1	-1
18940000	1	7.271434392249e+14	-4.509831780637e+13	-9.019663561273e+13	0.02000808330816	1	1	1	-1
18960000	1	7.272632354203e+14	-4.511454406721e+13	-9.022908813441e+13	0.01995166009165	1	1	1	-1
18980000	1	7.273826939192e+14	-4.513072579735e+13	-9.026145159471e+13	0.0198954397631	1	1	1	-1
19000000	1	7.275018159356e+14	-4.514686314751e+13	-9.029372629501e+13	0.0198394214625	1	1	1	-1
19020000	1	7.276206026783e+14	-4.516295626779e+13	-9.032591253558e+13	0.01978360433385	1	1	1	-1
19040000	1	7.277390553508e+14	-4.517900530778e+13	-9.035801061556e+13	0.01972798752515	1	1	1	-1
19060000	1	7.278571751518e+14	-4.519501041648e+13	-9.039002083297e+13	0.01967257018838	1	1	1	-1
19080000	1	7.279749632747e+14	-4.521097174236e+13	-9.042194348472e+13	0.01961735147949	1	1	1	-1
19100000	1	7.280924209079e+14	-4.522688943331e+13	-9.045377886661e+13	0.01956233055837	1	1	1	-1
19120000	1	7.282095492348e+14	-4.524276363668e+13	-9.048552727335e+13	0.01950750658885	1	1	1	-1
19140000	1	7.283263494339e+14	-4.525859449926e+13	-9.051718899853e+13	0.01945287873863	1	1	1	-1
19160000	1	7.284428226784e+14	-4.527438216732e+13	-9.054876433464e+13	0.01939844617933	1	1	1	-1
19180000	1	7.28558970137e+14	-4.529012678655e+13	-9.05802535731e+13	0.01934420808644	1	1	1	-1
19200000	1	7.286747929731e+14	-4.530582850211e+13	-9.061165700422e+13	0.01929016363929	1	1	1	-1
19220000	1	7.287902923453e+14	-4.532148745862e+13	-9.064297491724e+13	0.01923631202104	1	1	1	-1
19240000	1	7.289054694074e+14	-4.533710380015e+13	-9.06742076003e+13	0.01918265241867	1	1	1	-1
19260000	1	7.290203253082e+14	-4.535267767024e+13	-9.070535534047e+13	0.01912918402296	1	1	1	-1
19280000	1	7.291348611918e+14	-4.536820921188e+13	-9.073641842376e+13	0.01907590602847	1	1	1	-1
19300000	1	7.292490781974e+14	-4.538369856754e+13	-9.076739713508e+13	0.01902281763351	1	1	1	-1
19320000	1	7.293629774594e+14	-4.539914587915e+13	-9.07982917583e+13	0.01896991804014	1	1	1	-1
19340000	1	7.294765601075e+14	-4.541455128811e+13	-9.082910257622e+13	0.01891720645415	1	1	1	-1
19360000	1	7.295898272664e+14	-4.542991493529e+13	-9.085982987058e+13	0.01886468208503	1	1	1	-1
19380000	1	7.297027800565e+14	-4.544523696103e+13	-9.089047392205e+13	0.01881234414595	1	1	1	-1
19400000	1	7.298154195932e+14	-4.546051750514e+13	-9.092103501028e+13	0.01876019185378	1	1	1	-1
19420000	1	7.299277469871e+14	-4.547575670692e+13	-9.095151341385e+13	0.01870822442901	1	1	1	-1
19440000	1	7.300397633446e+14	-4.549095470515e+13	-9.098190941029e+13	0.01865644109579	1	1	1	-1
19460000	1	7.301514697669e+14	-4.550611163806e+13	-9.101222327612e+13	0.01860484108189	1	1	1	-1
19480000	1	7.302628673509e+14	-4.55212276434e+13	-9.104245528679e+13	0.01855342361865	1	1	1	-1
19500000	1	7.30373957189e+14	-4.553630285837e+13	-9.107260571674e+13	0.01850218794104	1	1	1	-1
19520000	1	7.304847403688e+14	-4.555133741968e+13	-9.110267483937e+13	0.01845113328756	1	1	1	-1
19540000	1	7.305952179734e+14	-4.556633146353e+13	-9.113266292706e+13	0.01840025890028	1	1	1	-1
19560000	1	7.307053910813e+14	-4.558128512558e+13	-9.116257025117e+13	0.01834956402479	1	1	1	-1
19580000	1	7.308152607667e+14	-4.559619854101e+13	-9.119239708203e+13	0.01829904791022	1	1	1	-1
19600000	1	7.309248280992e+14	-4.561107184449e+13	-9.122214368898e+13	0.01824870980917	1	1	1	-1
19620000	1	7.310340941438e+14	-4.562590517016e+13	-9.125181034032e+13	0.01819854897774	1	1	1	-1
19640000	1	7.311430599612e+14	-4.564069865169e+13	-9.128139730337e+13	0.01814856467549	1	1	1	-1
19660000	1	7.312517266076e+14	-4.565545242222e+13	-9.131090484444e+13	0.01809875616542	1	1	1	-1
19680000	1	7.31360095135e+14	-4.567016661441e+13	-9.134033322883e+13	0.01804912271398	1	1	1	-1
19700000	1	7.314681665906e+14	-4.568484136043e+13	-9.136968272085e+13	0.01799966359102	1	1	1	-1
19720000	1	7.315759420176e+14	-4.569947679191e+13	-9.139895358383e+13	0.01795037806979	1	1	1	-1
19740000	1	7.316834224546e+14	-4.571407304004e+13	-9.142814608009e+13	0.01790126542694	1	1	1	-1
19760000	1	7.317906089362e+14	-4.572863023549e+13	-9.145726047098e+13	0.01785232494246	1	1	1	-1
19780000	1	7.318975024923e+14	-4.574314850844e+13	-9.148629701688e+13	0.01780355589971	1	1	1	-1
19800000	1	7.320041041488e+14	-4.575762798858e+13	-9.151525597716e+13	0.01775495758538	1	1	1	-1
19820000	1	7.321104149272e+14	-4.577206880513e+13	-9.154413761025e+13	0.01770652928946	1	1	1	-1
19840000	1	7.322164358447e+14	-4.57864710868e+13	-9.15729421736e+13	0.01765827030527	1	1	1	-1
19860000	1	7.323221679145e+14	-4.580083496184e+13	-9.160166992367e+13	0.01761017992938	1	1	1	-1
19880000	1	7.324276121454e+14	-4.5815160558e+13	-9.163032111599e+13	0.01756225746167	1	1	1	-1
19900000	1	7.32532769542e+14	-4.582944800256e+13	-9.165889600512e+13	0.01751450220525	1	1	1	-1
19920000	1	7.326376411048e+14	-4.584369742233e+13	-9.168739484466e+13	0.01746691346645	1	1	1	-1
19940000	1	7.327422278303e+14	-4.585790894363e+13	-9.171581788725e+13	0.01741949055487	1	1	1	-1
19960000	1	7.328465307105e+14	-4.58720826923e+13	-9.174416538461e+13	0.01737223278327	1	1	1	-1
19980000	1	7.329505507337e+14	-4.588621879374e+13	-9.177243758748e+13	0.01732513946763	1	1	1	-1
20000000	1	7.330542888837e+14	-4.590031737284e+13	-9.180063474568e+13	0.01727820992708	1	1	1	-1
