0	0	1.272178313748e+15	-6.679759842863e+13	-1.335951968573e+14	0	1	1	1	-1
20000	0	1.272178525033e+15	-6.679744322035e+13	-1.335948864407e+14	0.0006922040628491	1	1	1	-1
40000	0	1.27217915858e+15	-6.679697755707e+13	-1.335939551141e+14	0.001384416439403	1	1	1	-1
60000	0	1.272180213474e+15	-6.67962013234e+13	-1.335924026468e+14	0.002076645449845	1	1	1	-1
80000	0	1.272181688183e+15	-6.679511432688e+13	-1.335902286538e+14	0.002768899427314	1	1	1	-1
100000	0	1.272183580565e+15	-6.679371629766e+13	-1.335874325953e+14	0.003461186724414	1	1	1	-1
120000	0	1.272185887864e+15	-6.679200688819e+13	-1.335840137764e+14	0.004153515719725	1	1	1	-1
140000	0	1.27218860671e+15	-6.678998567268e+13	-1.335799713454e+14	0.004845894824363	1	1	1	-1
160000	0	1.27219173312e+15	-6.678765214659e+13	-1.335753042932e+14	0.005538332488565	1	1	1	-1
180000	0	1.272195262493e+15	-6.678500572588e+13	-1.335700114518e+14	0.006230837208325	1	1	1	-1
200000	0	1.272199189611e+15	-6.678204574621e+13	-1.335640914924e+14	0.006923417532087	1	1	1	-1
220000	0	1.272203508639e+15	-6.677877146208e+13	-1.335575429242e+14	0.007616082067489	1	1	1	-1
240000	0	1.272208213121e+15	-6.677518204577e+13	-1.335503640915e+14	0.008308839488187	1	1	1	-1
260000	0	1.27221329598e+15	-6.677127658622e+13	-1.335425531724e+14	0.009001698540753	1	1	1	-1
280000	0	1.272218749514e+15	-6.676705408776e+13	-1.335341081755e+14	0.009694668051655	1	1	1	-1
300000	0	1.272224565396e+15	-6.676251346881e+13	-1.335250269376e+14	0.01038775693434	1	1	1	-1
320000	0	1.272230734673e+15	-6.675765356032e+13	-1.335153071206e+14	0.0110809741964	1	1	1	-1
340000	0	1.27223724776e+15	-6.675247310425e+13	-1.335049462085e+14	0.01177432894688	1	1	1	-1
360000	0	1.272244094439e+15	-6.674697075181e+13	-1.334939415036e+14	0.0124678304037	1	1	1	-1
380000	0	1.272251263859e+15	-6.674114506163e+13	-1.334822901233e+14	0.01316148790116	1	1	1	-1
400000	0	1.272258744529e+15	-6.673499449781e+13	-1.334699889956e+14	0.01385531089767	1	1	1	-1
420000	0	1.272266524318e+15	-6.67285174278e+13	-1.334570348556e+14	0.01454930898354	1	1	1	-1
440000	0	1.272274590452e+15	-6.672171212022e+13	-1.334434242404e+14	0.01524349188899	1	1	1	-1
460000	0	1.272282929509e+15	-6.671457674247e+13	-1.334291534849e+14	0.01593786949233	1	1	1	-1
480000	0	1.272291527416e+15	-6.670710935826e+13	-1.334142187165e+14	0.01663245182827	1	1	1	-1
500000	0	1.272300369448e+15	-6.6699307925e+13	-1.3339861585e+14	0.01732724909645	1	1	1	-1
520000	0	1.272309440222e+15	-6.669117029098e+13	-1.33382340582e+14	0.01802227167021	1	1	1	-1
540000	0	1.272318723693e+15	-6.668269419253e+13	-1.333653883851e+14	0.0187175301055	1	1	1	-1
560000	0	1.272328203153e+15	-6.66738772509e+13	-1.333477545018e+14	0.01941303515009	1	1	1	-1
580000	0	1.272337861224e+15	-6.666471696906e+13	-1.333294339381e+14	0.02010879775295	1	1	1	-1
600000	0	1.272347679856e+15	-6.665521072836e+13	-1.333104214567e+14	0.02080482907395	1	1	1	-1
620000	0	1.272357640322e+15	-6.664535578498e+13	-1.3329071157e+14	0.02150114049375	1	1	1	-1
640000	0	1.272367723214e+15	-6.663514926621e+13	-1.332702985324e+14	0.02219774362406	1	1	1	-1
660000	0	1.272377908441e+15	-6.662458816666e+13	-1.332491763333e+14	0.02289465031809	1	1	1	-1
680000	0	1.272388175218e+15	-6.661366934416e+13	-1.332273386883e+14	0.02359187268143	1	1	1	-1
700000	0	1.272398502071e+15	-6.660238951558e+13	-1.332047790312e+14	0.02428942308311	1	1	1	-1
720000	0	1.272408866826e+15	-6.659074525244e+13	-1.331814905049e+14	0.02498731416714	1	1	1	-1
740000	0	1.272419246604e+15	-6.65787329763e+13	-1.331574659526e+14	0.02568555886433	1	1	1	-1
760000	0	1.272429617823e+15	-6.656634895403e+13	-1.331326979081e+14	0.02638417040448	1	1	1	-1
780000	0	1.272439956185e+15	-6.655358929281e+13	-1.331071785856e+14	0.027083162329	1	1	1	-1
800000	0	1.272450236679e+15	-6.654044993494e+13	-1.330808998699e+14	0.02778254850394	1	1	1	-1
820000	0	1.272460433572e+15	-6.652692665249e+13	-1.33053853305e+14	0.02848234313342	1	1	1	-1
840000	0	1.272470520405e+15	-6.651301504169e+13	-1.330260300834e+14	0.02918256077356	1	1	1	-1
860000	0	1.272480469989e+15	-6.649871051708e+13	-1.329974210342e+14	0.02988321634683	1	1	1	-1
880000	0	1.272490254403e+15	-6.64840083055e+13	-1.32968016611e+14	0.03058432515693	1	1	1	-1
900000	0	1.272499844984e+15	-6.646890343977e+13	-1.329378068795e+14	0.03128590290422	1	1	1	-1
920000	0	1.272509212328e+15	-6.645339075217e+13	-1.329067815043e+14	0.03198796570164	1	1	1	-1
940000	0	1.272518326283e+15	-6.643746486769e+13	-1.328749297354e+14	0.03269053009123	1	1	1	-1
960000	0	1.272527155948e+15	-6.642112019697e+13	-1.328422403939e+14	0.03339361306123	1	1	1	-1
980000	0	1.272535669663e+15	-6.640435092902e+13	-1.32808701858e+14	0.03409723206387	1	1	1	-1
1000000	0	1.272543835012e+15	-6.638715102363e+13	-1.327743020473e+14	0.0348014050337	1	1	1	-1
1020000	0	1.272551618815e+15	-6.636951420359e+13	-1.327390284072e+14	0.03550615040673	1	1	1	-1
1040000	0	1.272558987127e+15	-6.635143394648e+13	-1.32702867893e+14	0.03621148714021	1	1	1	-1
1060000	0	1.272565905234e+15	-6.633290347633e+13	-1.326658069527e+14	0.03691743473317	1	1	1	-1
1080000	0	1.27257233765e+15	-6.631391575485e+13	-1.326278315097e+14	0.03762401324781	1	1	1	-1
1100000	0	1.272578248115e+15	-6.62944634724e+13	-1.325889269448e+14	0.03833124333159	1	1	1	-1
1120000	0	1.272583599591e+15	-6.627453903865e+13	-1.325490780773e+14	0.03903914624033	1	1	1	-1
1140000	0	1.272588354265e+15	-6.625413457293e+13	-1.325082691459e+14	0.0397477438621	1	1	1	-1
1160000	0	1.272592473541e+15	-6.623324189418e+13	-1.324664837884e+14	0.04045705874209	1	1	1	-1
1180000	0	1.272595918045e+15	-6.62118525106e+13	-1.324237050212e+14	0.04116711410848	1	1	1	-1
1200000	0	1.27259864762e+15	-6.618995760899e+13	-1.32379915218e+14	0.04187793389933	1	1	1	-1
1220000	0	1.272600621329e+15	-6.616754804364e+13	-1.323350960873e+14	0.04258954279055	1	1	1	-1
1240000	0	1.272601797456e+15	-6.614461432489e+13	-1.322892286498e+14	0.043301966225	1	1	1	-1
1260000	0	1.272602133504e+15	-6.612114660739e+13	-1.322422932148e+14	0.04401523044279	1	1	1	-1
1280000	0	1.272601586201e+15	-6.609713467781e+13	-1.321942693556e+14	0.04472936251279	1	1	1	-1
1300000	0	1.272600111501e+15	-6.60725679423e+13	-1.321451358846e+14	0.04544439036546	1	1	1	-1
1320000	0	1.272597664585e+15	-6.604743541351e+13	-1.32094870827e+14	0.04616034282702	1	1	1	-1
1340000	0	1.272594199872e+15	-6.602172569714e+13	-1.320434513943e+14	0.04687724965506	1	1	1	-1
1360000	0	1.272589671017e+15	-6.599542697815e+13	-1.319908539563e+14	0.04759514157559	1	1	1	-1
1380000	0	1.272584030922e+15	-6.596852700647e+13	-1.319370540129e+14	0.04831405032171	1	1	1	-1
1400000	0	1.272577231743e+15	-6.594101308239e+13	-1.318820261648e+14	0.04903400867384	1	1	1	-1
1420000	0	1.272569224895e+15	-6.591287204133e+13	-1.318257440827e+14	0.04975505050171	1	1	1	-1
1440000	0	1.272559961068e+15	-6.588409023835e+13	-1.317681804767e+14	0.05047721080807	1	1	1	-1
1460000	0	1.272549390233e+15	-6.585465353206e+13	-1.317093070641e+14	0.05120052577433	1	1	1	-1
1480000	0	1.272537461654e+15	-6.582454726815e+13	-1.316490945363e+14	0.05192503280806	1	1	1	-1
1500000	0	1.272524123908e+15	-6.579375626244e+13	-1.315875125249e+14	0.05265077059267	1	1	1	-1
1520000	0	1.272509324892e+15	-6.576226478341e+13	-1.315245295668e+14	0.05337777913907	1	1	1	-1
1540000	0	1.272493011848e+15	-6.573005653432e+13	-1.314601130686e+14	0.05410609983967	1	1	1	-1
1560000	0	1.272475131377e+15	-6.56971146348e+13	-1.313942292696e+14	0.0548357755247	1	1	1	-1
1580000	0	1.272455629462e+15	-6.5663421602e+13	-1.31326843204e+14	0.05556685052096	1	1	1	-1
1600000	0	1.272434451488e+15	-6.562895933118e+13	-1.312579186624e+14	0.05629937071313	1	1	1	-1
1620000	0	1.272411542272e+15	-6.559370907591e+13	-1.311874181518e+14	0.05703338360783	1	1	1	-1
1640000	0	1.272386846083e+15	-6.55576514277e+13	-1.311153028554e+14	0.05776893840039	1	1	1	-1
1660000	0	1.272360306678e+15	-6.552076629518e+13	-1.310415325904e+14	0.05850608604467	1	1	1	-1
1680000	0	1.27233186733e+15	-6.548303288279e+13	-1.309660657656e+14	0.05924487932586	1	1	1	-1
1700000	0	1.272301470863e+15	-6.544442966899e+13	-1.30888859338e+14	0.0599853729366	1	1	1	-1
1720000	0	1.272269059689e+15	-6.540493438397e+13	-1.308098687679e+14	0.06072762355641	1	1	1	-1
1740000	0	1.272234575848e+15	-6.53645239869e+13	-1.307290479738e+14	0.06147168993472	1	1	1	-1
1760000	0	1.272197961053e+15	-6.53231746427e+13	-1.306463492854e+14	0.06221763297754	1	1	1	-1
1780000	0	1.272159156729e+15	-6.528086169839e+13	-1.305617233968e+14	0.06296551583807	1	1	1	-1
1800000	0	1.272118104072e+15	-6.523755965887e+13	-1.304751193177e+14	0.06371540401137	1	1	1	-1
1820000	0	1.272074744093e+15	-6.519324216243e+13	-1.303864843249e+14	0.06446736543326	1	1	1	-1
1840000	0	1.272029017678e+15	-6.514788195567e+13	-1.302957639113e+14	0.06522147058374	1	1	1	-1
1860000	0	1.271980865647e+15	-6.510145086806e+13	-1.302029017361e+14	0.06597779259502	1	1	1	-1
1880000	0	1.271930228818e+15	-6.505391978613e+13	-1.301078395723e+14	0.06673640736457	1	1	1	-1
1900000	0	1.271877048073e+15	-6.500525862717e+13	-1.300105172543e+14	0.06749739367316	1	1	1	-1
1920000	0	1.271821264432e+15	-6.495543631265e+13	-1.299108726253e+14	0.06826083330846	1	1	1	-1
1940000	0	1.271762819124e+15	-6.490442074121e+13	-1.298088414824e+14	0.0690268111942	1	1	1	-1
1960000	0	1.271701653672e+15	-6.485217876132e+13	-1.297043575226e+14	0.06979541552527	1	1	1	-1
1980000	0	1.271637709976e+15	-6.479867614363e+13	-1.295973522873e+14	0.07056673790912	1	1	1	-1
2000000	0	1.271570930401e+15	-6.474387755296e+13	-1.294877551059e+14	0.07134087351359	1	1	1	-1
2020000	0	1.271501257871e+15	-6.468774652005e+13	-1.293754930401e+14	0.07211792122175	1	1	1	-1
2040000	0	1.271428635969e+15	-6.463024541298e+13	-1.29260490826e+14	0.07289798379384	1	1	1	-1
2060000	0	1.271353009039e+15	-6.457133540835e+13	-1.291426708167e+14	0.07368116803683	1	1	1	-1
2080000	0	1.271274322296e+15	-6.451097646219e+13	-1.290219529244e+14	0.07446758498197	1	1	1	-1
2100000	0	1.27119252194e+15	-6.444912728063e+13	-1.288982545613e+14	0.0752573500707	1	1	1	-1
2120000	0	1.271107555272e+15	-6.438574529038e+13	-1.287714905808e+14	0.07605058334941	1	1	1	-1
2140000	0	1.271019370823e+15	-6.432078660887e+13	-1.286415732177e+14	0.07684740967346	1	1	1	-1
2160000	0	1.270927918478e+15	-6.425420601432e+13	-1.285084120286e+14	0.07764795892099	1	1	1	-1
2180000	0	1.270833149614e+15	-6.41859569154e+13	-1.283719138308e+14	0.07845236621706	1	1	1	-1
2200000	0	1.270735017239e+15	-6.411599132079e+13	-1.282319826416e+14	0.07926077216871	1	1	1	-1
2220000	0	1.270633476136e+15	-6.40442598084e+13	-1.280885196168e+14	0.08007332311137	1	1	1	-1
2240000	0	1.270528483015e+15	-6.397071149429e+13	-1.279414229886e+14	0.08089017136762	1	1	1	-1
2260000	0	1.270419996666e+15	-6.389529400132e+13	-1.277905880026e+14	0.08171147551854	1	1	1	-1
2280000	0	1.27030797812e+15	-6.381795342735e+13	-1.276359068547e+14	0.08253740068888	1	1	1	-1
2300000	0	1.270192390816e+15	-6.373863431302e+13	-1.27477268626e+14	0.0833681188464	1	1	1	-1
2320000	0	1.270073200764e+15	-6.365727960903e+13	-1.273145592181e+14	0.0842038091166	1	1	1	-1
2340000	0	1.269950376726e+15	-6.357383064276e+13	-1.271476612855e+14	0.08504465811357	1	1	1	-1
2360000	0	1.269823890391e+15	-6.348822708417e+13	-1.269764541683e+14	0.08589086028809	1	1	1	-1
2380000	0	1.269693716554e+15	-6.340040691087e+13	-1.268008138217e+14	0.08674261829391	1	1	1	-1
2400000	0	1.269559833305e+15	-6.331030637209e+13	-1.266206127442e+14	0.08760014337366	1	1	1	-1
2420000	0	1.269422222213e+15	-6.321785995146e+13	-1.264357199029e+14	0.08846365576543	1	1	1	-1
2440000	0	1.269280868523e+15	-6.312300032842e+13	-1.262460006568e+14	0.08933338513151	1	1	1	-1
2460000	0	1.26913576134e+15	-6.302565833784e+13	-1.260513166757e+14	0.0902095710109	1	1	1	-1
2480000	0	1.268986893831e+15	-6.292576292782e+13	-1.258515258556e+14	0.09109246329719	1	1	1	-1
2500000	0	1.268834263419e+15	-6.28232411151e+13	-1.256464822302e+14	0.09198232274355	1	1	1	-1
2520000	0	1.268677871976e+15	-6.271801793794e+13	-1.254360358759e+14	0.09287942149697	1	1	1	-1
2540000	0	1.26851772602e+15	-6.261001640592e+13	-1.252200328118e+14	0.09378404366392	1	1	1	-1
2560000	0	1.268353836915e+15	-6.249915744632e+13	-1.249983148926e+14	0.09469648590971	1	1	1	-1
2580000	0	1.268186221055e+15	-6.238535984651e+13	-1.24770719693e+14	0.09561705809428	1	1	1	-1
2600000	0	1.268014900066e+15	-6.226854019186e+13	-1.245370803837e+14	0.09654608394732	1	1	1	-1
2620000	0	1.267839900984e+15	-6.214861279859e+13	-1.242972255972e+14	0.09748390178587	1	1	1	-1
2640000	0	1.26766125645e+15	-6.202548964078e+13	-1.240509792816e+14	0.09843086527797	1	1	1	-1
2660000	0	1.267479004877e+15	-6.189908027096e+13	-1.237981605419e+14	0.09938734425611	1	1	1	-1
2680000	0	1.267293190635e+15	-6.176929173348e+13	-1.23538583467e+14	0.100353725585	1	1	1	-1
2700000	0	1.267103864212e+15	-6.163602846968e+13	-1.232720569394e+14	0.101330414088	1	1	1	-1
2720000	0	1.266911082376e+15	-6.149919221408e+13	-1.229983844282e+14	0.1023178335381	1	1	1	-1
2740000	0	1.266714908329e+15	-6.135868188051e+13	-1.22717363761e+14	0.1033164277185	1	1	1	-1
2760000	0	1.266515411845e+15	-6.121439343707e+13	-1.224287868741e+14	0.1043266615597	1	1	1	-1
2780000	0	1.266312669408e+15	-6.106621976888e+13	-1.221324395378e+14	0.10534902236	1	1	1	-1
2800000	0	1.266106764332e+15	-6.091405052713e+13	-1.218281010543e+14	0.1063840210981	1	1	1	-1
2820000	0	1.265897786873e+15	-6.075777196333e+13	-1.215155439267e+14	0.1074321938445	1	1	1	-1
2840000	0	1.265685834329e+15	-6.059726674706e+13	-1.211945334941e+14	0.1084941032848	1	1	1	-1
2860000	0	1.265471011125e+15	-6.043241376582e+13	-1.208648275316e+14	0.1095703403627	1	1	1	-1
2880000	0	1.265253428886e+15	-6.026308790519e+13	-1.205261758104e+14	0.1106615260565	1	1	1	-1
2900000	0	1.265033206502e+15	-6.008915980749e+13	-1.20178319615e+14	0.1117683133021	1	1	1	-1
2920000	0	1.264810470166e+15	-5.991049560709e+13	-1.198209912142e+14	0.112891389079	1	1	1	-1
2940000	0	1.264585353413e+15	-5.972695664e+13	-1.1945391328e+14	0.114031476673	1	1	1	-1
2960000	0	1.264357997134e+15	-5.95383991258e+13	-1.190767982516e+14	0.1151893381388	1	1	1	-1
2980000	0	1.26412854958e+15	-5.934467381912e+13	-1.186893476382e+14	0.1163657769807	1	1	1	-1
3000000	0	1.263897166354e+15	-5.91456256283e+13	-1.182912512566e+14	0.1175616410757	1	1	1	-1
3020000	0	1.263664010384e+15	-5.894109319804e+13	-1.178821863961e+14	0.1187778258671	1	1	1	-1
3040000	0	1.26342925189e+15	-5.87309084531e+13	-1.174618169062e+14	0.1200152778577	1	1	1	-1
3060000	0	1.263193068334e+15	-5.851489609954e+13	-1.170297921991e+14	0.1212749984367	1	1	1	-1
3080000	0	1.262955644357e+15	-5.829287307968e+13	-1.165857461594e+14	0.1225580480781	1	1	1	-1
3100000	0	1.262717171715e+15	-5.806464797661e+13	-1.161292959532e+14	0.1238655509555	1	1	1	-1
3120000	0	1.2624778492e+15	-5.783002036378e+13	-1.156600407276e+14	0.1251987000206	1	1	1	-1
3140000	0	1.262237882552e+15	-5.758878009454e+13	-1.151775601891e+14	0.1265587626016	1	1	1	-1
3160000	0	1.261997484373e+15	-5.734070652586e+13	-1.146814130517e+14	0.1279470865852	1	1	1	-1
3180000	0	1.261756874035e+15	-5.708556767019e+13	-1.141711353404e+14	0.1293651072535	1	1	1	-1
3200000	0	1.261516277588e+15	-5.682311926825e+13	-1.136462385365e+14	0.130814354858	1	1	1	-1
3220000	0	1.261275927676e+15	-5.655310377494e+13	-1.131062075499e+14	0.1322964630252	1	1	1	-1
3240000	0	1.261036063448e+15	-5.627524924945e+13	-1.125504984989e+14	0.1338131780999	1	1	1	-1
3260000	0	1.260796930496e+15	-5.598926813956e+13	-1.119785362791e+14	0.1353663695526	1	1	1	-1
3280000	0	1.260558780792e+15	-5.569485594877e+13	-1.113897118975e+14	0.13695804159	1	1	1	-1
3300000	0	1.260321872653e+15	-5.539168977336e+13	-1.107833795467e+14	0.1385903461362	1	1	1	-1
3320000	0	1.260086470728e+15	-5.507942669459e+13	-1.101588533892e+14	0.1402655973735	1	1	1	-1
3340000	0	1.259852846013e+15	-5.475770200939e+13	-1.095154040188e+14	0.1419862880643	1	1	1	-1
3360000	0	1.259621275909e+15	-5.442612728005e+13	-1.088522545601e+14	0.1437551079122	1	1	1	-1
3380000	0	1.259392044312e+15	-5.408428818104e+13	-1.081685763621e+14	0.1455749642641	1	1	1	-1
3400000	0	1.25916544177e+15	-5.373174211721e+13	-1.074634842344e+14	0.1474490055043	1	1	1	-1
3420000	0	1.25894176569e+15	-5.336801558413e+13	-1.067360311683e+14	0.1493806475591	1	1	1	-1
3440000	0	1.25872132062e+15	-5.299260123625e+13	-1.059852024725e+14	0.1513736039984	1	1	1	-1
3460000	0	1.258504418623e+15	-5.260495462341e+13	-1.052099092468e+14	0.1534319203181	1	1	1	-1
3480000	0	1.258291379741e+15	-5.220449054931e+13	-1.044089810986e+14	0.1555600130911	1	1	1	-1
3500000	0	1.258082532574e+15	-5.179057899792e+13	-1.035811579958e+14	0.1577627148124	1	1	1	-1
3520000	0	1.257878215005e+15	-5.136254056455e+13	-1.027250811291e+14	0.1600453254241	1	1	1	-1
3540000	0	1.257678775071e+15	-5.091964131667e+13	-1.018392826333e+14	0.1624136717107	1	1	1	-1
3560000	0	1.257484572023e+15	-5.046108699656e+13	-1.009221739931e+14	0.1648741760012	1	1	1	-1
3580000	0	1.257295977608e+15	-4.998601646079e+13	-9.997203292159e+13	0.1674339359233	1	1	1	-1
3600000	0	1.257113377596e+15	-4.949349423224e+13	-9.898698846447e+13	0.170100817344	1	1	1	-1
3620000	0	1.256937173627e+15	-4.898250201511e+13	-9.796500403022e+13	0.1728835631115	1	1	1	-1
3640000	0	1.256767785404e+15	-4.845192899397e+13	-9.690385798794e+13	0.1757919208289	1	1	1	-1
3660000	0	1.256605653328e+15	-4.790056069995e+13	-9.580112139989e+13	0.1788367936692	1	1	1	-1
3680000	0	1.256451241652e+15	-4.732706618114e+13	-9.465413236227e+13	0.1820304192395	1	1	1	-1
3700000	0	1.256305042267e+15	-4.672998315582e+13	-9.345996631163e+13	0.1853865827889	1	1	1	-1
3720000	0	1.256167579253e+15	-4.610770075355e+13	-9.22154015071e+13	0.1889208727298	1	1	1	-1
3740000	0	1.256039414388e+15	-4.545843935574e+13	-9.091687871148e+13	0.1926509886344	1	1	1	-1
3760000	0	1.255921153821e+15	-4.478022692705e+13	-8.956045385411e+13	0.1965971147653	1	1	1	-1
3780000	0	1.255813456214e+15	-4.40708710742e+13	-8.814174214839e+13	0.2007823760615	1	1	1	-1
3800000	0	1.255717042737e+15	-4.332792586548e+13	-8.665585173096e+13	0.2052333987032	1	1	1	-1
3820000	0	1.25563270942e+15	-4.254865217773e+13	-8.509730435546e+13	0.2099810044511	1	1	1	-1
3840000	0	1.255561342537e+15	-4.172996998035e+13	-8.345993996069e+13	0.2150610776881	1	1	1	-1
3860000	0	1.255503937943e+15	-4.086840048557e+13	-8.173680097114e+13	0.2205156576288	1	1	1	-1
3880000	0	1.255461625621e+15	-3.995999543621e+13	-7.991999087242e+13	0.2263943272487	1	1	1	-1
3900000	0	1.255435701199e+15	-3.900024989011e+13	-7.800049978021e+13	0.2327559977512	1	1	1	-1
3920000	0	1.255427666892e+15	-3.798399357512e+13	-7.596798715023e+13	0.2396712269198	1	1	1	-1
3940000	0	1.255439285472e+15	-3.690525404529e+13	-7.381050809059e+13	0.2472252679205	1	1	1	-1
3960000	0	1.255472652452e+15	-3.575708217307e+13	-7.151416434613e+13	0.2555221323076	1	1	1	-1
3980000	0	1.255530294358e+15	-3.453132648244e+13	-6.906265296487e+13	0.2646900839467	1	1	1	-1
4000000	0	1.255615305053e+15	-3.321833665277e+13	-6.643667330555e+13	0.2748891872141	1	1	1	-1
4020000	0	1.255731539012e+15	-3.180656678793e+13	-6.361313357587e+13	0.2863218604698	1	1	1	-1
4040000	0	1.255883892061e+15	-3.028203319385e+13	-6.05640663877e+13	0.2992479157358	1	1	1	-1
4060000	0	1.256078720645e+15	-2.862755460265e+13	-5.72551092053e+13	0.314006438635	1	1	1	-1
4080000	0	1.25632448814e+15	-2.68216553917e+13	-5.364331078339e+13	0.3310483198996	1	1	1	-1
4100000	0	1.256632798342e+15	-2.483692397614e+13	-4.967384795229e+13	0.350985674028	1	1	1	-1
4120000	0	1.257020120087e+15	-2.263744264875e+13	-4.52748852975e+13	0.3746682029543	1	1	1	-1
4140000	0	1.257510812845e+15	-2.017452503625e+13	-4.03490500725e+13	0.4033011412227	1	1	1	-1
4160000	0	1.258142754797e+15	-1.737908345236e+13	-3.475816690472e+13	0.4386151270317	1	1	1	-1
4180000	0	1.258978521799e+15	-1.414640986046e+13	-2.829281972093e+13	0.4830092931717	1	1	1	-1
4200000	0	1.26012879271e+15	-1.030054019868e+13	-2.060108039735e+13	0.5387708474845	1	1	1	-1
4220000	0	1.261794083898e+15	-5488674127254	-1.097734825451e+13	0.5973196194984	1	1	1	-1
4240000	1	1.271450749288e+15	-637191407602.4	-1274382815205	0.8481617871218	1	1	1	-1
4260000	1	1.276139934143e+15	-1406603508409	-2813207016818	0.7247502683208	1	1	1	-1
4280000	1	1.280221451577e+15	-1896985402848	-3793970805696	0.6416688824614	1	1	1	-1
4300000	1	1.283880736175e+15	-2243689157106	-4487378314211	0.5819157937656	1	1	1	-1
4320000	1	1.287228221594e+15	-2505331851142	-5010663702284	0.5366031249051	1	1	1	-1
4340000	1	1.290334501617e+15	-2711722347713	-5423444695427	0.5008512016532	1	1	1	-1
4360000	1	1.293247564871e+15	-2879789890520	-5759579781040	0.4717812654693	1	1	1	-1
4380000	1	1.296001662041e+15	-3019949476537	-6039898953073	0.4475852327283	1	1	1	-1
4400000	1	1.298622199815e+15	-3139007630917	-6278015261833	0.4270676495191	1	1	1	-1
4420000	1	1.301128617542e+15	-3241627789483	-6483255578966	0.4094042358491	1	1	1	-1
4440000	1	1.303536170174e+15	-3331128570480	-6662257140960	0.3940066089432	1	1	1	-1
4460000	1	1.305857083328e+15	-3409946226951	-6819892453902	0.3804424382236	1	1	1	-1
4480000	1	1.308101329932e+15	-3479916343931	-6959832687862	0.3683861815066	1	1	1	-1
4500000	1	1.310277169157e+15	-3542452744939	-7084905489877	0.3575875163594	1	1	1	-1
4520000	1	1.312391530624e+15	-3598665194164	-7197330388327	0.3478504404447	1	1	1	-1
4540000	1	1.314450294807e+15	-3649439205936	-7298878411872	0.3390190382559	1	1	1	-1
4560000	1	1.316458501873e+15	-3695491593873	-7390983187747	0.3309675450928	1	1	1	-1
4580000	1	1.318420510054e+15	-3737410028282	-7474820056564	0.3235932580203	1	1	1	-1
4600000	1	1.320340117667e+15	-3775681779239	-7551363558477	0.3168113792762	1	1	1	-1
4620000	1	1.322220658473e+15	-3810714979290	-7621429958579	0.3105512000009	1	1	1	-1
4640000	1	1.324065077155e+15	-3842854606604	-7685709213207	0.3047532317538	1	1	1	-1
4660000	1	1.325875989747e+15	-3872394673983	-7744789347965	0.2993670200212	1	1	1	-1
4680000	1	1.327655732533e+15	-3899587646441	-7799175292883	0.2943494562592	1	1	1	-1
4700000	1	1.329406401972e+15	-3924651804294	-7849303608589	0.2896634596302	1	1	1	-1
4720000	1	1.331129887612e+15	-3947777062608	-7895554125216	0.2852769365006	1	1	1	-1
4740000	1	1.332827899401e+15	-3969129616505	-7938259233010	0.2811619511499	1	1	1	-1
4760000	1	1.334501990557e+15	-3988855683234	-7977711366467	0.2772940588684	1	1	1	-1
4780000	1	1.336153576819e+15	-4007084542137	-8014169084274	0.2736517651837	1	1	1	-1
4800000	1	1.337783952767e+15	-4023931023606	-8047862047211	0.270216083984	1	1	1	-1
4820000	1	1.339394305737e+15	-4039497561710	-8078995123420	0.2669701738636	1	1	1	-1
4840000	1	1.340985727751e+15	-4053875898464	-8107751796928	0.2638990368481	1	1	1	-1
4860000	1	1.342559225793e+15	-4067148507783	-8134297015565	0.2609892672431	1	1	1	-1
4880000	1	1.344115730709e+15	-4079389792271	-8158779584542	0.2582288410445	1	1	1	-1
4900000	1	1.345656104938e+15	-4090667094656	-8181334189311	0.2556069383963	1	1	1	-1
4920000	1	1.347181149278e+15	-4101041557018	-8202083114036	0.2531137931363	1	1	1	-1
4940000	1	1.3486916088e+15	-4110568854302	-8221137708604	0.2507405646838	1	1	1	-1
4960000	1	1.350188178067e+15	-4119299823388	-8238599646776	0.248479228449	1	1	1	-1
4980000	1	1.351671505738e+15	-4127281004952	-8254562009904	0.2463224816859	1	1	1	-1
5000000	1	1.353142198639e+15	-4134555112128	-8269110224256	0.2442636622786	1	1	1	-1
5020000	1	1.354600825396e+15	-4141161437443	-8282322874887	0.2422966784163	1	1	1	-1
5040000	1	1.356047919666e+15	-4147136207467	-8294272414935	0.2404159474712	1	1	1	-1
5060000	1	1.357483983023e+15	-4152512892981	-8305025785962	0.2386163426906	1	1	1	-1
5080000	1	1.358909487549e+15	-4157322481151	-8314644962302	0.2368931465505	1	1	1	-1
5100000	1	1.360324878167e+15	-4161593715131	-8323187430262	0.2352420098075	1	1	1	-1
5120000	1	1.361730574733e+15	-4165353305619	-8330706611237	0.2336589154462	1	1	1	-1
5140000	1	1.363126973935e+15	-4168626118206	-8337252236413	0.2321401468444	1	1	1	-1
5160000	1	1.364514451004e+15	-4171435339744	-8342870679489	0.2306822595859	1	1	1	-1
5180000	1	1.365893361273e+15	-4173802626464	-8347605252929	0.2292820564364	1	1	1	-1
5200000	1	1.36726404159e+15	-4175748236198	-8351496472395	0.227936565073	1	1	1	-1
5220000	1	1.368626811603e+15	-4177291146682	-8354582293365	0.2266430182149	1	1	1	-1
5240000	1	1.36998197494e+15	-4178449161670	-8356898323339	0.2253988358563	1	1	1	-1
5260000	1	1.37132982028e+15	-4179239006302	-8358478012605	0.224201609343	1	1	1	-1
5280000	1	1.372670622339e+15	-4179676413033	-8359352826065	0.2230490870723	1	1	1	-1
5300000	1	1.374004642769e+15	-4179776199179	-8359552398358	0.2219391616218	1	1	1	-1
5320000	1	1.37533213099e+15	-4179552337075	-8359104674149	0.2208698581444	1	1	1	-1
5340000	1	1.376653324953e+15	-4179018017638	-8358036035277	0.2198393238823	1	1	1	-1
5360000	1	1.377968451841e+15	-4178185708086	-8356371416173	0.218845818677	1	1	1	-1
5380000	1	1.379277728719e+15	-4177067204425	-8354134408849	0.2178877063631	1	1	1	-1
5400000	1	1.380581363136e+15	-4175673679272	-8351347358544	0.2169634469528	1	1	1	-1
5420000	1	1.381879553675e+15	-4174015725499	-8348031450999	0.2160715895248	1	1	1	-1
5440000	1	1.383172490473e+15	-4172103396123	-8344206792246	0.2152107657447	1	1	1	-1
5460000	1	1.384460355692e+15	-4169946240820	-8339892481640	0.2143796839514	1	1	1	-1
5480000	1	1.385743323968e+15	-4167553339408	-8335106678815	0.2135771237522	1	1	1	-1
5500000	1	1.387021562821e+15	-4164933332585	-8329866665170	0.2128019310759	1	1	1	-1
5520000	1	1.388295233037e+15	-4162094450194	-8324188900387	0.2120530136379	1	1	1	-1
5540000	1	1.389564489031e+15	-4159044537241	-8318089074483	0.2113293367787	1	1	1	-1
5560000	1	1.390829479173e+15	-4155791077889	-8311582155778	0.2106299196389	1	1	1	-1
5580000	1	1.392090346107e+15	-4152341217596	-8304682435192	0.2099538316393	1	1	1	-1
5600000	1	1.39334722704e+15	-4148701783583	-8297403567165	0.2093001892387	1	1	1	-1
5620000	1	1.394600254014e+15	-4144879303772	-8289758607544	0.2086681529418	1	1	1	-1
5640000	1	1.395849554164e+15	-4140880024328	-8281760048657	0.2080569245377	1	1	1	-1
5660000	1	1.397095249953e+15	-4136709925932	-8273419851865	0.2074657445449	1	1	1	-1
5680000	1	1.398337459405e+15	-4132374738885	-8264749477769	0.206893889848	1	1	1	-1
5700000	1	1.399576296309e+15	-4127879957149	-8255759914298	0.2063406715074	1	1	1	-1
5720000	1	1.400811870422e+15	-4123230851417	-8246461702834	0.2058054327271	1	1	1	-1
5740000	1	1.402044287651e+15	-4118432481275	-8236864962549	0.2052875469693	1	1	1	-1
5760000	1	1.403273650239e+15	-4113489706549	-8226979413097	0.2047864162008	1	1	1	-1
5780000	1	1.404500056918e+15	-4108407197891	-8216814395782	0.2043014692626	1	1	1	-1
5800000	1	1.405723603077e+15	-4103189446669	-8206378893338	0.2038321603513	1	1	1	-1
5820000	1	1.406944380903e+15	-4097840774208	-8195681548416	0.2033779676042	1	1	1	-1
5840000	1	1.408162479522e+15	-4092365340442	-8184730680885	0.2029383917791	1	1	1	-1
5860000	1	1.409377985132e+15	-4086767152019	-8173534304037	0.202512955022	1	1	1	-1
5880000	1	1.410590981127e+15	-4081050069887	-8162100139775	0.2021011997157	1	1	1	-1
5900000	1	1.411801548215e+15	-4075217816429	-8150435632858	0.2017026874028	1	1	1	-1
5920000	1	1.413009764531e+15	-4069273982140	-8138547964281	0.2013169977782	1	1	1	-1
5940000	1	1.41421570574e+15	-4063222031922	-8126444063844	0.2009437277445	1	1	1	-1
5960000	1	1.415419445142e+15	-4057065310984	-8114130621969	0.2005824905282	1	1	1	-1
5980000	1	1.416621053761e+15	-4050807050411	-8101614100822	0.2002329148487	1	1	1	-1
6000000	1	1.417820600444e+15	-4044450372394	-8088900744788	0.1998946441397	1	1	1	-1
6020000	1	1.419018151938e+15	-4037998295170	-8075996590341	0.1995673358172	1	1	1	-1
6040000	1	1.42021377298e+15	-4031453737674	-8062907475349	0.1992506605916	1	1	1	-1
6060000	1	1.421407526368e+15	-4024819523931	-8049639047861	0.1989443018197	1	1	1	-1
6080000	1	1.422599473039e+15	-4018098387201	-8036196774401	0.1986479548966	1	1	1	-1
6100000	1	1.423789672138e+15	-4011292973903	-8022585947806	0.1983613266808	1	1	1	-1
6120000	1	1.424978181086e+15	-4004405847317	-8008811694634	0.1980841349537	1	1	1	-1
6140000	1	1.426165055642e+15	-3997439491090	-7994878982180	0.1978161079094	1	1	1	-1
6160000	1	1.427350349968e+15	-3990396312556	-7980792625112	0.1975569836732	1	1	1	-1
6180000	1	1.42853411668e+15	-3983278645881	-7966557291761	0.1973065098472	1	1	1	-1
6200000	1	1.429716406912e+15	-3976088755039	-7952177510079	0.1970644430805	1	1	1	-1
6220000	1	1.430897270364e+15	-3968828836646	-7937657673291	0.1968305486632	1	1	1	-1
6240000	1	1.432076755352e+15	-3961501022632	-7923002045265	0.1966046001425	1	1	1	-1
6260000	1	1.43325490886e+15	-3954107382798	-7908214765596	0.1963863789589	1	1	1	-1
6280000	1	1.434431776585e+15	-3946649927226	-7893299854452	0.1961756741024	1	1	1	-1
6300000	1	1.435607402977e+15	-3939130608584	-7878261217168	0.195972281786	1	1	1	-1
6320000	1	1.436781831288e+15	-3931551324309	-7863102648619	0.1957760051366	1	1	1	-1
6340000	1	1.437955103609e+15	-3923913918691	-7847827837383	0.1955866539022	1	1	1	-1
6360000	1	1.43912726091e+15	-3916220184851	-7832440369701	0.1954040441731	1	1	1	-1
6380000	1	1.440298343075e+15	-3908471866625	-7816943733250	0.1952279981184	1	1	1	-1
6400000	1	1.441468388941e+15	-3900670660367	-7801341320734	0.1950583437348	1	1	1	-1
6420000	1	1.44263743633e+15	-3892818216659	-7785636433318	0.1948949146084	1	1	1	-1
6440000	1	1.443805522081e+15	-3884916141945	-7769832283890	0.1947375496877	1	1	1	-1
6460000	1	1.444972682085e+15	-3876966000092	-7753932000184	0.1945860930688	1	1	1	-1
6480000	1	1.446138951313e+15	-3868969313877	-7737938627754	0.1944403937897	1	1	1	-1
6500000	1	1.447304363843e+15	-3860927566411	-7721855132823	0.1943003056352	1	1	1	-1
6520000	1	1.448468952893e+15	-3852842202498	-7705684404996	0.194165686951	1	1	1	-1
6540000	1	1.449632750842e+15	-3844714629930	-7689429259859	0.1940364004668	1	1	1	-1
6560000	1	1.450795789261e+15	-3836546220733	-7673092441466	0.1939123131268	1	1	1	-1
6580000	1	1.451958098934e+15	-3828338312355	-7656676624709	0.1937932959295	1	1	1	-1
6600000	1	1.453119709885e+15	-3820092208801	-7640184417602	0.1936792237733	1	1	1	-1
6620000	1	1.454280651397e+15	-3811809181725	-7623618363450	0.1935699753105	1	1	1	-1
6640000	1	1.455440952038e+15	-3803490471471	-7606980942942	0.193465432807	1	1	1	-1
6660000	1	1.45660063968e+15	-3795137288074	-7590274576148	0.1933654820089	1	1	1	-1
6680000	1	1.457759741519e+15	-3786750812218	-7573501624437	0.1932700120144	1	1	1	-1
6700000	1	1.458918284098e+15	-3778332196156	-7556664392313	0.1931789151523	1	1	1	-1
6720000	1	1.460076293322e+15	-3769882564590	-7539765129180	0.1930920868648	1	1	1	-1
6740000	1	1.46123379448e+15	-3761403015518	-7522806031036	0.1930094255962	1	1	1	-1
6760000	1	1.462390812258e+15	-3752894621048	-7505789242097	0.1929308326859	1	1	1	-1
6780000	1	1.463547370761e+15	-3744358428177	-7488716856354	0.1928562122665	1	1	1	-1
6800000	1	1.464703493528e+15	-3735795459540	-7471590919080	0.1927854711654	1	1	1	-1
6820000	1	1.465859203544e+15	-3727206714132	-7454413428264	0.1927185188116	1	1	1	-1
6840000	1	1.467014523262e+15	-3718593168001	-7437186336001	0.1926552671456	1	1	1	-1
6860000	1	1.468169474612e+15	-3709955774912	-7419911549825	0.1925956305332	1	1	1	-1
6880000	1	1.46932407902e+15	-3701295466993	-7402590933987	0.1925395256835	1	1	1	-1
6900000	1	1.470478357416e+15	-3692613155346	-7385226310693	0.1924868715692	1	1	1	-1
6920000	1	1.471632330253e+15	-3683909730645	-7367819461291	0.192437589351	1	1	1	-1
6940000	1	1.472786017518e+15	-3675186063706	-7350372127413	0.1923916023047	1	1	1	-1
6960000	1	1.473939438743e+15	-3666443006041	-7332886012081	0.1923488357509	1	1	1	-1
6980000	1	1.47509261302e+15	-3657681390384	-7315362780767	0.1923092169887	1	1	1	-1
7000000	1	1.476245559007e+15	-3648902031208	-7297804062416	0.1922726752304	1	1	1	-1
7020000	1	1.477398294948e+15	-3640105725217	-7280211450433	0.1922391415397	1	1	1	-1
7040000	1	1.478550838676e+15	-3631293251820	-7262586503641	0.1922085487725	1	1	1	-1
7060000	1	1.479703207626e+15	-3622465373595	-7244930747190	0.1921808315194	1	1	1	-1
7080000	1	1.48085541885e+15	-3613622836726	-7227245673452	0.1921559260506	1	1	1	-1
7100000	1	1.482007489018e+15	-3604766371438	-7209532742876	0.1921337702632	1	1	1	-1
7120000	1	1.483159434434e+15	-3595896692404	-7191793384808	0.1921143036301	1	1	1	-1
7140000	1	1.484311271046e+15	-3587014499149	-7174028998298	0.1920974671508	1	1	1	-1
7160000	1	1.48546301445e+15	-3578120476434	-7156240952869	0.1920832033049	1	1	1	-1
7180000	1	1.486614679902e+15	-3569215294629	-7138430589259	0.1920714560057	1	1	1	-1
7200000	1	1.487766282327e+15	-3560299610073	-7120599220146	0.1920621705574	1	1	1	-1
7220000	1	1.488917836324e+15	-3551374065423	-7102748130846	0.1920552936122	1	1	1	-1
7240000	1	1.490069356178e+15	-3542439289992	-7084878579984	0.1920507731302	1	1	1	-1
7260000	1	1.491220855865e+15	-3533495900075	-7066991800149	0.1920485583401	1	1	1	-1
7280000	1	1.492372349061e+15	-3524544499263	-7049088998525	0.1920485997014	1	1	1	-1
7300000	1	1.493523849148e+15	-3515585678751	-7031171357502	0.192050848868	1	1	1	-1
7320000	1	1.494675369221e+15	-3506620017634	-7013240035268	0.1920552586534	1	1	1	-1
7340000	1	1.495826922097e+15	-3497648083193	-6995296166386	0.1920617829965	1	1	1	-1
7360000	1	1.496978520318e+15	-3488670431171	-6977340862342	0.192070376929	1	1	1	-1
7380000	1	1.498130176162e+15	-3479687606046	-6959375212093	0.1920809965441	1	1	1	-1
7400000	1	1.499281901644e+15	-3470700141290	-6941400282579	0.192093598966	1	1	1	-1
7420000	1	1.500433708529e+15	-3461708559619	-6923417119238	0.1921081423202	1	1	1	-1
7440000	1	1.501585608329e+15	-3452713373245	-6905426746490	0.1921245857055	1	1	1	-1
7460000	1	1.502737612318e+15	-3443715084109	-6887430168218	0.1921428891666	1	1	1	-1
7480000	1	1.50388973153e+15	-3434714184113	-6869428368226	0.1921630136671	1	1	1	-1
7500000	1	1.505041976769e+15	-3425711155344	-6851422310687	0.1921849210646	1	1	1	-1
7520000	1	1.506194358614e+15	-3416706470292	-6833412940584	0.1922085740856	1	1	1	-1
7540000	1	1.50734688742e+15	-3407700592063	-6815401184125	0.1922339363014	1	1	1	-1
7560000	1	1.50849957333e+15	-3398693974579	-6797387949158	0.1922609721054	1	1	1	-1
7580000	1	1.509652426272e+15	-3389687062783	-6779374125566	0.1922896466903	1	1	1	-1
7600000	1	1.51080545597e+15	-3380680292829	-6761360585659	0.192319926027	1	1	1	-1
7620000	1	1.511958671946e+15	-3371674092272	-6743348184544	0.192351776843	1	1	1	-1
7640000	1	1.513112083525e+15	-3362668880249	-6725337760498	0.1923851666027	1	1	1	-1
7660000	1	1.514265699838e+15	-3353665067658	-6707330135315	0.1924200634874	1	1	1	-1
7680000	1	1.515419529827e+15	-3344663057330	-6689326114660	0.1924564363766	1	1	1	-1
7700000	1	1.516573582251e+15	-3335663244201	-6671326488401	0.1924942548294	1	1	1	-1
7720000	1	1.517727865689e+15	-3326666015468	-6653332030936	0.1925334890668	1	1	1	-1
7740000	1	1.51888238854e+15	-3317671750756	-6635343501511	0.1925741099545	1	1	1	-1
7760000	1	1.520037159034e+15	-3308680822267	-6617361644534	0.1926160889861	1	1	1	-1
7780000	1	1.521192185229e+15	-3299693594936	-6599387189872	0.1926593982668	1	1	1	-1
7800000	1	1.522347475021e+15	-3290710426572	-6581420853145	0.192704010498	1	1	1	-1
7820000	1	1.523503036139e+15	-3281731668008	-6563463336015	0.192749898962	1	1	1	-1
7840000	1	1.524658876158e+15	-3272757663231	-6545515326462	0.192797037507	1	1	1	-1
7860000	1	1.525815002497e+15	-3263788749529	-6527577499057	0.1928454005329	1	1	1	-1
7880000	1	1.526971422421e+15	-3254825257612	-6509650515224	0.192894962978	1	1	1	-1
7900000	1	1.528128143049e+15	-3245867511749	-6491735023498	0.1929457003045	1	1	1	-1
7920000	1	1.529285171351e+15	-3236915829891	-6473831659782	0.1929975884863	1	1	1	-1
7940000	1	1.530442514159e+15	-3227970523791	-6455941047581	0.1930506039962	1	1	1	-1
7960000	1	1.531600178162e+15	-3219031899126	-6438063798253	0.1931047237931	1	1	1	-1
7980000	1	1.532758169913e+15	-3210100255615	-6420200511231	0.1931599253109	1	1	1	-1
8000000	1	1.533916495832e+15	-3201175887129	-6402351774258	0.193216186446	1	1	1	-1
8020000	1	1.535075162206e+15	-3192259081802	-6384518163604	0.1932734855468	1	1	1	-1
8040000	1	1.536234175196e+15	-3183350122142	-6366700244285	0.1933318014026	1	1	1	-1
8060000	1	1.537393540835e+15	-3174449285137	-6348898570273	0.1933911132326	1	1	1	-1
8080000	1	1.538553265033e+15	-3165556842352	-6331113684703	0.1934514006763	1	1	1	-1
8100000	1	1.539713353581e+15	-3156673060036	-6313346120072	0.1935126437827	1	1	1	-1
8120000	1	1.540873812149e+15	-3147798199218	-6295596398437	0.1935748230014	1	1	1	-1
8140000	1	1.542034646293e+15	-3138932515804	-6277865031607	0.1936379191725	1	1	1	-1
8160000	1	1.543195861455e+15	-3130076260666	-6260152521332	0.1937019135177	1	1	1	-1
8180000	1	1.544357462963e+15	-3121229679741	-6242459359482	0.1937667876314	1	1	1	-1
8200000	1	1.545519456039e+15	-3112393014115	-6224786028230	0.193832523472	1	1	1	-1
8220000	1	1.546681845796e+15	-3103566500112	-6207133000224	0.1938991033533	1	1	1	-1
8240000	1	1.547844637243e+15	-3094750369380	-6189500738760	0.1939665099367	1	1	1	-1
8260000	1	1.549007835285e+15	-3085944848974	-6171889697948	0.1940347262226	1	1	1	-1
8280000	1	1.550171444728e+15	-3077150161438	-6154300322876	0.1941037355433	1	1	1	-1
8300000	1	1.551335470277e+15	-3068366524885	-6136733049769	0.194173521555	1	1	1	-1
8320000	1	1.552499916541e+15	-3059594153073	-6119188306147	0.1942440682307	1	1	1	-1
8340000	1	1.553664788032e+15	-3050833255487	-6101666510975	0.1943153598528	1	1	1	-1
8360000	1	1.554830089173e+15	-3042084037408	-6084168074815	0.1943873810065	1	1	1	-1
8380000	1	1.555995824291e+15	-3033346699986	-6066693399973	0.1944601165726	1	1	1	-1
8400000	1	1.557161997624e+15	-3024621440319	-6049242880638	0.1945335517214	1	1	1	-1
8420000	1	1.558328613325e+15	-3015908451514	-6031816903029	0.1946076719059	1	1	1	-1
8440000	1	1.559495675457e+15	-3007207922762	-6014415845524	0.1946824628556	1	1	1	-1
8460000	1	1.560663188e+15	-2998520039401	-5997040078802	0.1947579105706	1	1	1	-1
8480000	1	1.561831154851e+15	-2989844982985	-5979689965969	0.1948340013154	1	1	1	-1
8500000	1	1.562999579825e+15	-2981182931346	-5962365862692	0.1949107216135	1	1	1	-1
8520000	1	1.564168466656e+15	-2972534058659	-5945068117318	0.1949880582415	1	1	1	-1
8540000	1	1.565337819001e+15	-2963898535503	-5927797071005	0.1950659982236	1	1	1	-1
8560000	1	1.56650764044e+15	-2955276528920	-5910553057841	0.1951445288264	1	1	1	-1
8580000	1	1.567677934475e+15	-2946668202479	-5893336404957	0.1952236375537	1	1	1	-1
8600000	1	1.568848704537e+15	-2938073716327	-5876147432654	0.1953033121412	1	1	1	-1
8620000	1	1.570019953982e+15	-2929493227253	-5858986454505	0.1953835405518	1	1	1	-1
8640000	1	1.571191686095e+15	-2920926888739	-5841853777478	0.195464310971	1	1	1	-1
8660000	1	1.572363904092e+15	-2912374851018	-5824749702036	0.1955456118014	1	1	1	-1
8680000	1	1.573536611117e+15	-2903837261125	-5807674522251	0.195627431659	1	1	1	-1
8700000	1	1.57470981025e+15	-2895314262953	-5790628525905	0.1957097593682	1	1	1	-1
8720000	1	1.575883504503e+15	-2886805997299	-5773611994597	0.1957925839576	1	1	1	-1
8740000	1	1.577057696822e+15	-2878312601921	-5756625203842	0.195875894656	1	1	1	-1
8760000	1	1.57823239009e+15	-2869834211585	-5739668423169	0.1959596808876	1	1	1	-1
8780000	1	1.579407587127e+15	-2861370958111	-5722741916222	0.1960439322686	1	1	1	-1
8800000	1	1.580583290693e+15	-2852922970427	-5705845940853	0.196128638603	1	1	1	-1
8820000	1	1.581759503483e+15	-2844490374608	-5688980749216	0.1962137898788	1	1	1	-1
8840000	1	1.582936228137e+15	-2836073293930	-5672146587860	0.1962993762641	1	1	1	-1
8860000	1	1.584113467234e+15	-2827671848910	-5655343697819	0.1963853881035	1	1	1	-1
8880000	1	1.585291223297e+15	-2819286157351	-5638572314702	0.1964718159148	1	1	1	-1
8900000	1	1.586469498791e+15	-2810916334388	-5621832668775	0.196558650385	1	1	1	-1
8920000	1	1.587648296129e+15	-2802562492527	-5605124985054	0.1966458823673	1	1	1	-1
8940000	1	1.588827617665e+15	-2794224741692	-5588449483383	0.1967335028775	1	1	1	-1
8960000	1	1.590007465703e+15	-2785903189260	-5571806378519	0.196821503091	1	1	1	-1
8980000	1	1.591187842494e+15	-2777597940106	-5555195880213	0.1969098743394	1	1	1	-1
9000000	1	1.592368750237e+15	-2769309096643	-5538618193286	0.1969986081074	1	1	1	-1
9020000	1	1.59355019108e+15	-2761036758857	-5522073517713	0.1970876960301	1	1	1	-1
9040000	1	1.594732167122e+15	-2752781024348	-5505562048696	0.1971771298895	1	1	1	-1
9060000	1	1.595914680413e+15	-2744541988369	-5489083976739	0.197266901612	1	1	1	-1
9080000	1	1.597097732954e+15	-2736319743861	-5472639487722	0.1973570032656	1	1	1	-1
9100000	1	1.598281326701e+15	-2728114381489	-5456228762977	0.1974474270569	1	1	1	-1
9120000	1	1.599465463562e+15	-2719925989678	-5439851979356	0.1975381653285	1	1	1	-1
9140000	1	1.6006501454e+15	-2711754654650	-5423509309300	0.1976292105564	1	1	1	-1
9160000	1	1.601835374033e+15	-2703600460457	-5407200920914	0.1977205553473	1	1	1	-1
9180000	1	1.603021151235e+15	-2695463489015	-5390926978030	0.1978121924363	1	1	1	-1
9200000	1	1.604207478738e+15	-2687343820136	-5374687640272	0.1979041146843	1	1	1	-1
9220000	1	1.605394358231e+15	-2679241531564	-5358483063127	0.1979963150756	1	1	1	-1
9240000	1	1.606581791359e+15	-2671156699004	-5342313398007	0.1980887867154	1	1	1	-1
9260000	1	1.60776977973e+15	-2663089396156	-5326178792312	0.1981815228278	1	1	1	-1
9280000	1	1.608958324909e+15	-2655039694745	-5310079389490	0.1982745167533	1	1	1	-1
9300000	1	1.610147428422e+15	-2647007664552	-5294015329104	0.1983677619469	1	1	1	-1
9320000	1	1.611337091756e+15	-2638993373444	-5277986746888	0.1984612519755	1	1	1	-1
9340000	1	1.61252731636e+15	-2630996887403	-5261993774806	0.1985549805161	1	1	1	-1
9360000	1	1.613718103647e+15	-2623018270556	-5246036541113	0.1986489413537	1	1	1	-1
9380000	1	1.614909454989e+15	-2615057585205	-5230115170410	0.1987431283792	1	1	1	-1
9400000	1	1.616101371725e+15	-2607114891851	-5214229783703	0.1988375355876	1	1	1	-1
9420000	1	1.617293855159e+15	-2599190249227	-5198380498454	0.1989321570759	1	1	1	-1
9440000	1	1.618486906556e+15	-2591283714321	-5182567428642	0.1990269870412	1	1	1	-1
9460000	1	1.61968052715e+15	-2583395342405	-5166790684810	0.1991220197789	1	1	1	-1
9480000	1	1.62087471814e+15	-2575525187061	-5151050374122	0.1992172496811	1	1	1	-1
9500000	1	1.622069480691e+15	-2567673300208	-5135346600417	0.1993126712345	1	1	1	-1
9520000	1	1.623264815937e+15	-2559839732126	-5119679464252	0.1994082790188	1	1	1	-1
9540000	1	1.624460724977e+15	-2552024531481	-5104049062962	0.199504067705	1	1	1	-1
9560000	1	1.625657208881e+15	-2544227745352	-5088455490704	0.1996000320539	1	1	1	-1
9580000	1	1.626854268687e+15	-2536449419253	-5072898838507	0.1996961669141	1	1	1	-1
9600000	1	1.628051905401e+15	-2528689597159	-5057379194318	0.1997924672208	1	1	1	-1
9620000	1	1.629250120001e+15	-2520948321528	-5041896643056	0.1998889279941	1	1	1	-1
9640000	1	1.630448913434e+15	-2513225633326	-5026451266651	0.1999855443373	1	1	1	-1
9660000	1	1.631648286619e+15	-2505521572047	-5011043144094	0.2000823114356	1	1	1	-1
9680000	1	1.632848240444e+15	-2497836175740	-4995672351480	0.2001792245547	1	1	1	-1
9700000	1	1.634048775772e+15	-2490169481027	-4980338962054	0.2002762790393	1	1	1	-1
9720000	1	1.635249893436e+15	-2482521523128	-4965043046256	0.2003734703113	1	1	1	-1
9740000	1	1.636451594244e+15	-2474892335880	-4949784671759	0.2004707938692	1	1	1	-1
9760000	1	1.637653878974e+15	-2467281951759	-4934563903519	0.2005682452862	1	1	1	-1
9780000	1	1.638856748381e+15	-2459690401905	-4919380803810	0.2006658202088	1	1	1	-1
9800000	1	1.640060203191e+15	-2452117716134	-4904235432267	0.2007635143561	1	1	1	-1
9820000	1	1.641264244108e+15	-2444563922966	-4889127845932	0.2008613235178	1	1	1	-1
9840000	1	1.642468871809e+15	-2437029049642	-4874058099284	0.2009592435535	1	1	1	-1
9860000	1	1.643674086945e+15	-2429513122143	-4859026244287	0.2010572703913	1	1	1	-1
9880000	1	1.644879890146e+15	-2422016165212	-4844032330424	0.2011554000264	1	1	1	-1
9900000	1	1.646086282015e+15	-2414538202370	-4829076404739	0.2012536285206	1	1	1	-1
9920000	1	1.647293263135e+15	-2407079255935	-4814158511870	0.201351952	1	1	1	-1
9940000	1	1.648500834062e+15	-2399639347045	-4799278694090	0.2014503666552	1	1	1	-1
9960000	1	1.649708995333e+15	-2392218495670	-4784436991340	0.2015488687392	1	1	1	-1
9980000	1	1.65091774746e+15	-2384816720635	-4769633441269	0.2016474545669	1	1	1	-1
10000000	1	1.652127090935e+15	-2377434039633	-4754868079267	0.2017461205135	1	1	1	-1
10020000	1	1.653337026227e+15	-2370070469250	-4740140938499	0.2018448630141	1	1	1	-1
10040000	1	1.654547553786e+15	-2362726024971	-4725452049943	0.2019436785622	1	1	1	-1
10060000	1	1.655758674037e+15	-2355400721210	-4710801442419	0.2020425637091	1	1	1	-1
10080000	1	1.65697038739e+15	-2348094571314	-4696189142629	0.2021415150623	1	1	1	-1
10100000	1	1.65818269423e+15	-2340807587591	-4681615175181	0.2022405292853	1	1	1	-1
10120000	1	1.659395594924e+15	-2333539781316	-4667079562632	0.2023396030962	1	1	1	-1
10140000	1	1.660609089821e+15	-2326291162755	-4652582325510	0.2024387332668	1	1	1	-1
10160000	1	1.661823179248e+15	-2319061741177	-4638123482354	0.2025379166216	1	1	1	-1
10180000	1	1.663037863515e+15	-2311851524869	-4623703049738	0.2026371500376	1	1	1	-1
10200000	1	1.664253142914e+15	-2304660521153	-4609321042307	0.2027364304423	1	1	1	-1
10220000	1	1.665469017716e+15	-2297488736402	-4594977472804	0.2028357548138	1	1	1	-1
10240000	1	1.666685488176e+15	-2290336176052	-4580672352103	0.2029351201796	1	1	1	-1
10260000	1	1.667902554531e+15	-2283202844617	-4566405689233	0.2030345236158	1	1	1	-1
10280000	1	1.669120217002e+15	-2276088745707	-4552177491414	0.203133962246	1	1	1	-1
10300000	1	1.67033847579e+15	-2268993882039	-4537987764077	0.2032334332412	1	1	1	-1
10320000	1	1.671557331081e+15	-2261918255451	-4523836510903	0.2033329338183	1	1	1	-1
10340000	1	1.672776783044e+15	-2254861866919	-4509723733838	0.2034324612398	1	1	1	-1
10360000	1	1.673996831833e+15	-2247824716567	-4495649433133	0.2035320128129	1	1	1	-1
10380000	1	1.675217477583e+15	-2240806803681	-4481613607362	0.2036315858888	1	1	1	-1
10400000	1	1.676438720417e+15	-2233808126725	-4467616253450	0.2037311778619	1	1	1	-1
10420000	1	1.677660560439e+15	-2226828683352	-4453657366705	0.203830786169	1	1	1	-1
10440000	1	1.678882997741e+15	-2219868470418	-4439736940836	0.2039304082889	1	1	1	-1
10460000	1	1.680106032397e+15	-2212927483992	-4425854967983	0.2040300417417	1	1	1	-1
10480000	1	1.681329664467e+15	-2206005719371	-4412011438743	0.2041296840877	1	1	1	-1
10500000	1	1.682553893999e+15	-2199103171095	-4398206342190	0.2042293329272	1	1	1	-1
10520000	1	1.683778721024e+15	-2192219832953	-4384439665906	0.2043289858997	1	1	1	-1
10540000	1	1.68500414556e+15	-2185355697999	-4370711395998	0.2044286406832	1	1	1	-1
10560000	1	1.68623016761e+15	-2178510758564	-4357021517128	0.2045282949936	1	1	1	-1
10580000	1	1.687456787166e+15	-2171685006266	-4343370012531	0.2046279465843	1	1	1	-1
10600000	1	1.688684004204e+15	-2164878432022	-4329756864045	0.2047275932451	1	1	1	-1
10620000	1	1.689911818688e+15	-2158091026063	-4316182052126	0.2048272328024	1	1	1	-1
10640000	1	1.691140230569e+15	-2151322777937	-4302645555875	0.2049268631177	1	1	1	-1
10660000	1	1.692369239785e+15	-2144573676530	-4289147353060	0.2050264820878	1	1	1	-1
10680000	1	1.693598846263e+15	-2137843710069	-4275687420137	0.2051260876437	1	1	1	-1
10700000	1	1.694829049915e+15	-2131132866136	-4262265732272	0.2052256777505	1	1	1	-1
10720000	1	1.696059850643e+15	-2124441131681	-4248882263362	0.2053252504064	1	1	1	-1
10740000	1	1.697291248336e+15	-2117768493027	-4235536986055	0.2054248036428	1	1	1	-1
10760000	1	1.698523242873e+15	-2111114935886	-4222229871772	0.2055243355229	1	1	1	-1
10780000	1	1.699755834119e+15	-2104480445364	-4208960890728	0.205623844142	1	1	1	-1
10800000	1	1.700989021929e+15	-2097865005976	-4195730011952	0.2057233276266	1	1	1	-1
10820000	1	1.702222806147e+15	-2091268601651	-4182537203303	0.205822784134	1	1	1	-1
10840000	1	1.703457186606e+15	-2084691215748	-4169382431495	0.2059222118519	1	1	1	-1
10860000	1	1.704692163128e+15	-2078132831057	-4156265662115	0.2060216089977	1	1	1	-1
10880000	1	1.705927735524e+15	-2071593429819	-4143186859638	0.206120973818	1	1	1	-1
10900000	1	1.707163903595e+15	-2065072993726	-4130145987452	0.2062203045888	1	1	1	-1
10920000	1	1.708400667133e+15	-2058571503935	-4117143007871	0.206319599614	1	1	1	-1
10940000	1	1.709638025917e+15	-2052088941078	-4104177882157	0.2064188572259	1	1	1	-1
10960000	1	1.710875979718e+15	-2045625285268	-4091250570537	0.2065180757841	1	1	1	-1
10980000	1	1.712114528298e+15	-2039180516110	-4078361032220	0.2066172536756	1	1	1	-1
11000000	1	1.713353671407e+15	-2032754612707	-4065509225414	0.2067163893139	1	1	1	-1
11020000	1	1.714593408789e+15	-2026347553674	-4052695107348	0.206815481139	1	1	1	-1
11040000	1	1.715833740175e+15	-2019959317141	-4039918634281	0.2069145276165	1	1	1	-1
11060000	1	1.717074665288e+15	-2013589880764	-4027179761527	0.2070135272378	1	1	1	-1
11080000	1	1.718316183845e+15	-2007239221734	-4014478443467	0.2071124785194	1	1	1	-1
11100000	1	1.71955829555e+15	-2000907316783	-4001814633565	0.2072113800023	1	1	1	-1
11120000	1	1.7208010001e+15	-1994594142194	-3989188284388	0.2073102302519	1	1	1	-1
11140000	1	1.722044297184e+15	-1988299673809	-3976599347618	0.2074090278578	1	1	1	-1
11160000	1	1.723288186483e+15	-1982023887034	-3964047774069	0.2075077714329	1	1	1	-1
11180000	1	1.724532667667e+15	-1975766756852	-3951533513704	0.2076064596135	1	1	1	-1
11200000	1	1.725777740402e+15	-1969528257825	-3939056515649	0.2077050910588	1	1	1	-1
11220000	1	1.727023404343e+15	-1963308364105	-3926616728209	0.2078036644504	1	1	1	-1
11240000	1	1.728269659138e+15	-1957107049441	-3914214098881	0.2079021784921	1	1	1	-1
11260000	1	1.729516504426e+15	-1950924287185	-3901848574370	0.2080006319098	1	1	1	-1
11280000	1	1.730763939842e+15	-1944760050303	-3889520100605	0.2080990234506	1	1	1	-1
11300000	1	1.73201196501e+15	-1938614311375	-3877228622750	0.2081973518831	1	1	1	-1
11320000	1	1.733260579548e+15	-1932487042611	-3864974085222	0.2082956159964	1	1	1	-1
11340000	1	1.734509783068e+15	-1926378215850	-3852756431700	0.2083938146004	1	1	1	-1
11360000	1	1.735759575172e+15	-1920287802573	-3840575605145	0.2084919465253	1	1	1	-1
11380000	1	1.737009955457e+15	-1914215773904	-3828431547809	0.2085900106211	1	1	1	-1
11400000	1	1.738260923514e+15	-1908162100624	-3816324201248	0.2086880057575	1	1	1	-1
11420000	1	1.739512478925e+15	-1902126753169	-3804253506339	0.2087859308235	1	1	1	-1
11440000	1	1.740764621267e+15	-1896109701645	-3792219403289	0.2088837847271	1	1	1	-1
11460000	1	1.742017350111e+15	-1890110915827	-3780221831653	0.2089815663954	1	1	1	-1
11480000	1	1.743270665019e+15	-1884130365170	-3768260730340	0.2090792747734	1	1	1	-1
11500000	1	1.74452456555e+15	-1878168018815	-3756336037630	0.2091769088249	1	1	1	-1
11520000	1	1.745779051255e+15	-1872223845593	-3744447691186	0.2092744675313	1	1	1	-1
11540000	1	1.747034121679e+15	-1866297814033	-3732595628066	0.2093719498917	1	1	1	-1
11560000	1	1.74828977636e+15	-1860389892365	-3720779784731	0.2094693549227	1	1	1	-1
11580000	1	1.749546014834e+15	-1854500048532	-3709000097065	0.209566681658	1	1	1	-1
11600000	1	1.750802836626e+15	-1848628250189	-3697256500378	0.209663929148	1	1	1	-1
11620000	1	1.75206024126e+15	-1842774464713	-3685548929425	0.2097610964602	1	1	1	-1
11640000	1	1.753318228252e+15	-1836938659206	-3673877318412	0.209858182678	1	1	1	-1
11660000	1	1.754576797113e+15	-1831120800505	-3662241601010	0.2099551869012	1	1	1	-1
11680000	1	1.755835947349e+15	-1825320855181	-3650641710363	0.2100521082455	1	1	1	-1
11700000	1	1.757095678459e+15	-1819538789552	-3639077579104	0.2101489458422	1	1	1	-1
11720000	1	1.75835598994e+15	-1813774569681	-3627549139363	0.2102456988381	1	1	1	-1
11740000	1	1.759616881282e+15	-1808028161387	-3616056322775	0.2103423663952	1	1	1	-1
11760000	1	1.76087835197e+15	-1802299530247	-3604599060495	0.2104389476904	1	1	1	-1
11780000	1	1.762140401483e+15	-1796588641603	-3593177283206	0.2105354419155	1	1	1	-1
11800000	1	1.763403029299e+15	-1790895460565	-3581790921130	0.2106318482768	1	1	1	-1
11820000	1	1.764666234887e+15	-1785219952019	-3570439904038	0.2107281659948	1	1	1	-1
11840000	1	1.765930017715e+15	-1779562080629	-3559124161258	0.2108243943044	1	1	1	-1
11860000	1	1.767194377242e+15	-1773921810844	-3547843621688	0.2109205324542	1	1	1	-1
11880000	1	1.768459312928e+15	-1768299106902	-3536598213803	0.2110165797065	1	1	1	-1
11900000	1	1.769724824223e+15	-1762693932834	-3525387865668	0.2111125353373	1	1	1	-1
11920000	1	1.770990910578e+15	-1757106252471	-3514212504942	0.2112083986358	1	1	1	-1
11940000	1	1.772257571437e+15	-1751536029446	-3503072058892	0.2113041689042	1	1	1	-1
11960000	1	1.773524806238e+15	-1745983227200	-3491966454400	0.2113998454579	1	1	1	-1
11980000	1	1.77479261442e+15	-1740447808987	-3480895617974	0.2114954276247	1	1	1	-1
12000000	1	1.776060995413e+15	-1734929737876	-3469859475753	0.2115909147452	1	1	1	-1
12020000	1	1.777329948645e+15	-1729428976760	-3458857953520	0.2116863061724	1	1	1	-1
12040000	1	1.778599473542e+15	-1723945488354	-3447890976708	0.2117816012713	1	1	1	-1
12060000	1	1.779869569524e+15	-1718479235205	-3436958470409	0.211876799419	1	1	1	-1
12080000	1	1.781140236007e+15	-1713030179693	-3426060359386	0.2119719000044	1	1	1	-1
12100000	1	1.782411472405e+15	-1707598284037	-3415196568074	0.2120669024281	1	1	1	-1
12120000	1	1.783683278127e+15	-1702183510297	-3404367020594	0.2121618061023	1	1	1	-1
12140000	1	1.78495565258e+15	-1696785820381	-3393571640761	0.2122566104503	1	1	1	-1
12160000	1	1.786228595166e+15	-1691405176044	-3382810352089	0.2123513149068	1	1	1	-1
12180000	1	1.787502105285e+15	-1686041538900	-3372083077800	0.2124459189172	1	1	1	-1
12200000	1	1.788776182333e+15	-1680694870416	-3361389740832	0.2125404219381	1	1	1	-1
12220000	1	1.790050825703e+15	-1675365131924	-3350730263849	0.2126348234365	1	1	1	-1
12240000	1	1.791326034784e+15	-1670052284622	-3340104569243	0.2127291228902	1	1	1	-1
12260000	1	1.792601808964e+15	-1664756289574	-3329512579147	0.212823319787	1	1	1	-1
12280000	1	1.793878147625e+15	-1659477107720	-3318954215440	0.2129174136252	1	1	1	-1
12300000	1	1.795155050148e+15	-1654214699877	-3308429399754	0.2130114039132	1	1	1	-1
12320000	1	1.796432515911e+15	-1648969026740	-3297938053480	0.2131052901693	1	1	1	-1
12340000	1	1.797710544289e+15	-1643740048889	-3287480097778	0.2131990719214	1	1	1	-1
12360000	1	1.798989134654e+15	-1638527726792	-3277055453583	0.2132927487074	1	1	1	-1
12380000	1	1.800268286375e+15	-1633332020805	-3266664041611	0.2133863200743	1	1	1	-1
12400000	1	1.801547998818e+15	-1628152891182	-3256305782364	0.2134797855788	1	1	1	-1
12420000	1	1.802828271349e+15	-1622990298071	-3245980596142	0.2135731447867	1	1	1	-1
12440000	1	1.804109103327e+15	-1617844201521	-3235688403043	0.213666397273	1	1	1	-1
12460000	1	1.805390494112e+15	-1612714561488	-3225429122975	0.2137595426216	1	1	1	-1
12480000	1	1.80667244306e+15	-1607601337830	-3215202675660	0.2138525804251	1	1	1	-1
12500000	1	1.807954949525e+15	-1602504490320	-3205008980640	0.2139455102852	1	1	1	-1
12520000	1	1.80923801286e+15	-1597423978641	-3194847957283	0.2140383318119	1	1	1	-1
12540000	1	1.810521632412e+15	-1592359762395	-3184719524791	0.2141310446236	1	1	1	-1
12560000	1	1.81180580753e+15	-1587311801101	-3174623602203	0.2142236483474	1	1	1	-1
12580000	1	1.813090537557e+15	-1582280054203	-3164560108405	0.2143161426183	1	1	1	-1
12600000	1	1.814375821838e+15	-1577264481066	-3154528962133	0.2144085270795	1	1	1	-1
12620000	1	1.815661659711e+15	-1572265040989	-3144530081978	0.2145008013824	1	1	1	-1
12640000	1	1.816948050516e+15	-1567281693197	-3134563386394	0.2145929651859	1	1	1	-1
12660000	1	1.81823499359e+15	-1562314396852	-3124628793704	0.2146850181571	1	1	1	-1
12680000	1	1.819522488266e+15	-1557363111051	-3114726222101	0.2147769599703	1	1	1	-1
12700000	1	1.820810533877e+15	-1552427794830	-3104855589661	0.2148687903078	1	1	1	-1
12720000	1	1.822099129754e+15	-1547508407170	-3095016814341	0.214960508859	1	1	1	-1
12740000	1	1.823388275226e+15	-1542604906994	-3085209813987	0.2150521153208	1	1	1	-1
12760000	1	1.824677969619e+15	-1537717253172	-3075434506343	0.2151436093973	1	1	1	-1
12780000	1	1.82596821226e+15	-1532845404525	-3065690809050	0.2152349907997	1	1	1	-1
12800000	1	1.827259002471e+15	-1527989319827	-3055978639654	0.2153262592461	1	1	1	-1
12820000	1	1.828550339575e+15	-1523148957806	-3046297915612	0.2154174144619	1	1	1	-1
12840000	1	1.829842222892e+15	-1518324277148	-3036648554296	0.215508456179	1	1	1	-1
12860000	1	1.83113465174e+15	-1513515236498	-3027030472996	0.215599384136	1	1	1	-1
12880000	1	1.832427625436e+15	-1508721794464	-3017443588929	0.2156901980783	1	1	1	-1
12900000	1	1.833721143297e+15	-1503943909619	-3007887819237	0.2157808977578	1	1	1	-1
12920000	1	1.835015204636e+15	-1499181540501	-2998363081002	0.2158714829328	1	1	1	-1
12940000	1	1.836309808767e+15	-1494434645619	-2988869291239	0.215961953368	1	1	1	-1
12960000	1	1.837604955e+15	-1489703183454	-2979406366908	0.2160523088343	1	1	1	-1
12980000	1	1.838900642646e+15	-1484987112459	-2969974224918	0.2161425491088	1	1	1	-1
13000000	1	1.840196871012e+15	-1480286391063	-2960572782127	0.2162326739746	1	1	1	-1
13020000	1	1.841493639408e+15	-1475600977676	-2951201955351	0.2163226832211	1	1	1	-1
13040000	1	1.842790947138e+15	-1470930830683	-2941861661366	0.2164125766431	1	1	1	-1
13060000	1	1.844088793508e+15	-1466275908456	-2932551816913	0.2165023540417	1	1	1	-1
13080000	1	1.845387177821e+15	-1461636169350	-2923272338701	0.2165920152236	1	1	1	-1
13100000	1	1.84668609938e+15	-1457011571706	-2914023143412	0.2166815600009	1	1	1	-1
13120000	1	1.847985557487e+15	-1452402073852	-2904804147705	0.2167709881916	1	1	1	-1
13140000	1	1.849285551442e+15	-1447807634110	-2895615268220	0.2168602996192	1	1	1	-1
13160000	1	1.850586080544e+15	-1443228210791	-2886456421581	0.2169494941124	1	1	1	-1
13180000	1	1.851887144092e+15	-1438663762201	-2877327524403	0.2170385715054	1	1	1	-1
13200000	1	1.853188741383e+15	-1434114246645	-2868228493289	0.2171275316376	1	1	1	-1
13220000	1	1.854490871713e+15	-1429579622421	-2859159244842	0.2172163743536	1	1	1	-1
13240000	1	1.855793534379e+15	-1425059847832	-2850119695664	0.2173050995032	1	1	1	-1
13260000	1	1.857096728675e+15	-1420554881179	-2841109762357	0.2173937069412	1	1	1	-1
13280000	1	1.858400453894e+15	-1416064680767	-2832129361535	0.2174821965272	1	1	1	-1
13300000	1	1.85970470933e+15	-1411589204909	-2823178409818	0.2175705681261	1	1	1	-1
13320000	1	1.861009494274e+15	-1407128411922	-2814256823843	0.2176588216072	1	1	1	-1
13340000	1	1.862314808019e+15	-1402682260131	-2805364520263	0.2177469568448	1	1	1	-1
13360000	1	1.863620649854e+15	-1398250707875	-2796501415751	0.2178349737179	1	1	1	-1
13380000	1	1.86492701907e+15	-1393833713502	-2787667427004	0.21792287211	1	1	1	-1
13400000	1	1.866233914957e+15	-1389431235373	-2778862470747	0.2180106519093	1	1	1	-1
13420000	1	1.867541336801e+15	-1385043231868	-2770086463735	0.2180983130084	1	1	1	-1
13440000	1	1.868849283893e+15	-1380669661379	-2761339322757	0.2181858553043	1	1	1	-1
13460000	1	1.870157755518e+15	-1376310482319	-2752620964637	0.2182732786985	1	1	1	-1
13480000	1	1.871466750964e+15	-1371965653120	-2743931306241	0.2183605830968	1	1	1	-1
13500000	1	1.872776269518e+15	-1367635132237	-2735270264474	0.2184477684091	1	1	1	-1
13520000	1	1.874086310464e+15	-1363318878145	-2726637756290	0.2185348345495	1	1	1	-1
13540000	1	1.875396873088e+15	-1359016849345	-2718033698690	0.2186217814364	1	1	1	-1
13560000	1	1.876707956674e+15	-1354729004364	-2709458008727	0.2187086089921	1	1	1	-1
13580000	1	1.878019560508e+15	-1350455301754	-2700910603507	0.218795317143	1	1	1	-1
13600000	1	1.879331683873e+15	-1346195700097	-2692391400194	0.2188819058193	1	1	1	-1
13620000	1	1.880644326051e+15	-1341950158006	-2683900316012	0.2189683749552	1	1	1	-1
13640000	1	1.881957486328e+15	-1337718634122	-2675437268245	0.2190547244887	1	1	1	-1
13660000	1	1.883271163984e+15	-1333501087122	-2667002174244	0.2191409543617	1	1	1	-1
13680000	1	1.884585358303e+15	-1329297475714	-2658594951427	0.2192270645197	1	1	1	-1
13700000	1	1.885900068566e+15	-1325107758641	-2650215517283	0.2193130549119	1	1	1	-1
13720000	1	1.887215294055e+15	-1320931894686	-2641863789372	0.219398925491	1	1	1	-1
13740000	1	1.888531034053e+15	-1316769842665	-2633539685330	0.2194846762135	1	1	1	-1
13760000	1	1.889847287839e+15	-1312621561435	-2625243122870	0.2195703070393	1	1	1	-1
13780000	1	1.891164054695e+15	-1308487009893	-2616974019786	0.2196558179316	1	1	1	-1
13800000	1	1.892481333902e+15	-1304366146977	-2608732293953	0.2197412088573	1	1	1	-1
13820000	1	1.89379912474e+15	-1300258931666	-2600517863332	0.2198264797865	1	1	1	-1
13840000	1	1.89511742649e+15	-1296165322984	-2592330645969	0.2199116306927	1	1	1	-1
13860000	1	1.896436238433e+15	-1292085280000	-2584170560000	0.2199966615525	1	1	1	-1
13880000	1	1.897755559847e+15	-1288018761826	-2576037523653	0.2200815723459	1	1	1	-1
13900000	1	1.899075390014e+15	-1283965727624	-2567931455248	0.2201663630559	1	1	1	-1
13920000	1	1.900395728213e+15	-1279926136601	-2559852273202	0.2202510336689	1	1	1	-1
13940000	1	1.901716573724e+15	-1275899948014	-2551799896029	0.2203355841741	1	1	1	-1
13960000	1	1.903037925828e+15	-1271887121171	-2543774242341	0.2204200145638	1	1	1	-1
13980000	1	1.904359783803e+15	-1267887615428	-2535775230856	0.2205043248334	1	1	1	-1
14000000	1	1.905682146929e+15	-1263901390196	-2527802780391	0.2205885149811	1	1	1	-1
14020000	1	1.907005014487e+15	-1259928404936	-2519856809872	0.2206725850082	1	1	1	-1
14040000	1	1.908328385756e+15	-1255968619165	-2511937238330	0.2207565349187	1	1	1	-1
14060000	1	1.909652260016e+15	-1252021992454	-2504043984908	0.2208403647194	1	1	1	-1
14080000	1	1.910976636547e+15	-1248088484429	-2496176968858	0.22092407442	1	1	1	-1
14100000	1	1.912301514628e+15	-1244168054773	-2488336109546	0.2210076640328	1	1	1	-1
14120000	1	1.91362689354e+15	-1240260663227	-2480521326454	0.221091133573	1	1	1	-1
14140000	1	1.914952772563e+15	-1236366269590	-2472732539179	0.2211744830582	1	1	1	-1
14160000	1	1.916279150977e+15	-1232484833719	-2464969667438	0.2212577125089	1	1	1	-1
14180000	1	1.917606028063e+15	-1228616315532	-2457232631065	0.2213408219478	1	1	1	-1
14200000	1	1.9189334031e+15	-1224760675009	-2449521350019	0.2214238114006	1	1	1	-1
14220000	1	1.92026127537e+15	-1220917872190	-2441835744381	0.2215066808951	1	1	1	-1
14240000	1	1.921589644153e+15	-1217087867178	-2434175734356	0.2215894304618	1	1	1	-1
14260000	1	1.922918508731e+15	-1213270620139	-2426541240278	0.2216720601336	1	1	1	-1
14280000	1	1.924247868385e+15	-1209466091303	-2418932182607	0.2217545699457	1	1	1	-1
14300000	1	1.925577722396e+15	-1205674240966	-2411348481932	0.2218369599358	1	1	1	-1
14320000	1	1.926908070045e+15	-1201895029487	-2403790058974	0.2219192301437	1	1	1	-1
14340000	1	1.928238910616e+15	-1198128417294	-2396256834588	0.2220013806117	1	1	1	-1
14360000	1	1.929570243389e+15	-1194374364880	-2388748729761	0.2220834113842	1	1	1	-1
14380000	1	1.930902067648e+15	-1190632832807	-2381265665615	0.2221653225081	1	1	1	-1
14400000	1	1.932234382675e+15	-1186903781705	-2373807563409	0.222247114032	1	1	1	-1
14420000	1	1.933567187753e+15	-1183187172271	-2366374344542	0.2223287860072	1	1	1	-1
14440000	1	1.934900482165e+15	-1179482965275	-2358965930549	0.2224103384867	1	1	1	-1
14460000	1	1.936234265196e+15	-1175791121554	-2351582243108	0.2224917715257	1	1	1	-1
14480000	1	1.93756853613e+15	-1172111602020	-2344223204039	0.2225730851816	1	1	1	-1
14500000	1	1.93890329425e+15	-1168444367652	-2336888735303	0.2226542795137	1	1	1	-1
14520000	1	1.940238538841e+15	-1164789379504	-2329578759008	0.2227353545834	1	1	1	-1
14540000	1	1.941574269189e+15	-1161146598703	-2322293197405	0.2228163104538	1	1	1	-1
14560000	1	1.942910484579e+15	-1157515986447	-2315031972894	0.2228971471902	1	1	1	-1
14580000	1	1.944247184296e+15	-1153897504011	-2307795008021	0.2229778648598	1	1	1	-1
14600000	1	1.945584367628e+15	-1150291112741	-2300582225483	0.2230584635315	1	1	1	-1
14620000	1	1.946922033861e+15	-1146696774062	-2293393548124	0.2231389432762	1	1	1	-1
14640000	1	1.948260182282e+15	-1143114449471	-2286228898943	0.2232193041665	1	1	1	-1
14660000	1	1.949598812178e+15	-1139544100544	-2279088201088	0.2232995462769	1	1	1	-1
14680000	1	1.950937922839e+15	-1135985688931	-2271971377862	0.2233796696836	1	1	1	-1
14700000	1	1.952277513551e+15	-1132439176360	-2264878352721	0.2234596744645	1	1	1	-1
14720000	1	1.953617583604e+15	-1128904524639	-2257809049277	0.2235395606994	1	1	1	-1
14740000	1	1.954958132289e+15	-1125381695650	-2250763391299	0.2236193284695	1	1	1	-1
14760000	1	1.956299158893e+15	-1121870651356	-2243741302712	0.2236989778579	1	1	1	-1
14780000	1	1.957640662709e+15	-1118371353799	-2236742707599	0.2237785089491	1	1	1	-1
14800000	1	1.958982643027e+15	-1114883765101	-2229767530201	0.2238579218294	1	1	1	-1
14820000	1	1.960325099138e+15	-1111407847461	-2222815694922	0.2239372165867	1	1	1	-1
14840000	1	1.961668030335e+15	-1107943563162	-2215887126324	0.2240163933102	1	1	1	-1
14860000	1	1.96301143591e+15	-1104490874565	-2208981749131	0.2240954520908	1	1	1	-1
14880000	1	1.964355315156e+15	-1101049744115	-2202099488230	0.224174393021	1	1	1	-1
14900000	1	1.965699667367e+15	-1097620134335	-2195240268670	0.2242532161946	1	1	1	-1
14920000	1	1.967044491837e+15	-1094202007833	-2188404015665	0.224331921707	1	1	1	-1
14940000	1	1.96838978786e+15	-1090795327297	-2181590654594	0.224410509655	1	1	1	-1
14960000	1	1.969735554733e+15	-1087400055500	-2174800111000	0.2244889801366	1	1	1	-1
14980000	1	1.971081791752e+15	-1084016155297	-2168032310593	0.2245673332515	1	1	1	-1
15000000	1	1.972428498212e+15	-1080643589625	-2161287179251	0.2246455691006	1	1	1	-1
15020000	1	1.973775673411e+15	-1077282321508	-2154564643017	0.2247236877862	1	1	1	-1
15040000	1	1.975123316647e+15	-1073932314052	-2147864628104	0.2248016894119	1	1	1	-1
15060000	1	1.976471427219e+15	-1070593530447	-2141187060893	0.2248795740826	1	1	1	-1
15080000	1	1.977820004424e+15	-1067265933968	-2134531867936	0.2249573419044	1	1	1	-1
15100000	1	1.979169047564e+15	-1063949487977	-2127898975954	0.2250349929849	1	1	1	-1
15120000	1	1.980518555939e+15	-1060644155919	-2121288311838	0.2251125274326	1	1	1	-1
15140000	1	1.981868528848e+15	-1057349901326	-2114699802652	0.2251899453576	1	1	1	-1
15160000	1	1.983218965595e+15	-1054066687816	-2108133375631	0.2252672468708	1	1	1	-1
15180000	1	1.984569865482e+15	-1050794479092	-2101588958183	0.2253444320845	1	1	1	-1
15200000	1	1.985921227811e+15	-1047533238944	-2095066477888	0.2254215011122	1	1	1	-1
15220000	1	1.987273051886e+15	-1044282931250	-2088565862499	0.2254984540685	1	1	1	-1
15240000	1	1.988625337012e+15	-1041043519973	-2082087039946	0.225575291069	1	1	1	-1
15260000	1	1.989978082493e+15	-1037814969166	-2075629938331	0.2256520122305	1	1	1	-1
15280000	1	1.991331287637e+15	-1034597242966	-2069194485932	0.2257286176709	1	1	1	-1
15300000	1	1.992684951748e+15	-1031390305600	-2062780611201	0.225805107509	1	1	1	-1
15320000	1	1.994039074134e+15	-1028194121384	-2056388242767	0.225881481865	1	1	1	-1
15340000	1	1.995393654104e+15	-1025008654718	-2050017309436	0.2259577408598	1	1	1	-1
15360000	1	1.996748690965e+15	-1021833870095	-2043667740191	0.2260338846154	1	1	1	-1
15380000	1	1.998104184028e+15	-1018669732095	-2037339464189	0.2261099132547	1	1	1	-1
15400000	1	1.999460132602e+15	-1015516205384	-2031032410768	0.2261858269019	1	1	1	-1
15420000	1	2.000816535999e+15	-1012373254722	-2024746509443	0.2262616256818	1	1	1	-1
15440000	1	2.00217339353e+15	-1009240844953	-2018481689907	0.2263373097204	1	1	1	-1
15460000	1	2.003530704507e+15	-1006118941015	-2012237882031	0.2264128791443	1	1	1	-1
15480000	1	2.004888468243e+15	-1003007507933	-2006015015866	0.2264883340814	1	1	1	-1
15500000	1	2.006246684053e+15	-999906510820.5	-1999813021641	0.2265636746603	1	1	1	-1
15520000	1	2.007605351252e+15	-996815914883.5	-1993631829767	0.2266389010104	1	1	1	-1
15540000	1	2.008964469154e+15	-993735685416.4	-1987471370833	0.226714013262	1	1	1	-1
15560000	1	2.010324037076e+15	-990665787804.1	-1981331575608	0.2267890115465	1	1	1	-1
15580000	1	2.011684054335e+15	-987606187521.6	-1975212375043	0.2268638959957	1	1	1	-1
15600000	1	2.013044520249e+15	-984556850134.5	-1969113700269	0.2269386667426	1	1	1	-1
15620000	1	2.014405434137e+15	-981517741298.5	-1963035482597	0.2270133239207	1	1	1	-1
15640000	1	2.015766795318e+15	-978488826760.4	-1956977653521	0.2270878676645	1	1	1	-1
15660000	1	2.017128603112e+15	-975470072357.5	-1950940144715	0.2271622981092	1	1	1	-1
15680000	1	2.01849085684e+15	-972461444017.7	-1944922888035	0.2272366153908	1	1	1	-1
15700000	1	2.019853555825e+15	-969462907760.3	-1938925815521	0.2273108196458	1	1	1	-1
15720000	1	2.021216699388e+15	-966474429695.4	-1932948859391	0.2273849110119	1	1	1	-1
15740000	1	2.022580286855e+15	-963495976024.2	-1926991952048	0.227458889627	1	1	1	-1
15760000	1	2.023944317548e+15	-960527513039.1	-1921055026078	0.22753275563	1	1	1	-1
15780000	1	2.025308790793e+15	-957569007124	-1915138014248	0.2276065091605	1	1	1	-1
15800000	1	2.026673705917e+15	-954620424754	-1909240849508	0.2276801503587	1	1	1	-1
15820000	1	2.028039062246e+15	-951681732495.6	-1903363464991	0.2277536793653	1	1	1	-1
15840000	1	2.029404859107e+15	-948752897007.1	-1897505794014	0.227827096322	1	1	1	-1
15860000	1	2.03077109583e+15	-945833885038	-1891667770076	0.2279004013709	1	1	1	-1
15880000	1	2.032137771744e+15	-942924663429.6	-1885849326859	0.2279735946547	1	1	1	-1
15900000	1	2.033504886179e+15	-940025199114.9	-1880050398230	0.2280466763168	1	1	1	-1
15920000	1	2.034872438467e+15	-937135459118.7	-1874270918237	0.2281196465012	1	1	1	-1
15940000	1	2.036240427938e+15	-934255410557.3	-1868510821115	0.2281925053526	1	1	1	-1
15960000	1	2.037608853927e+15	-931385020639.1	-1862770041278	0.2282652530159	1	1	1	-1
15980000	1	2.038977715768e+15	-928524256664.2	-1857048513328	0.228337889637	1	1	1	-1
16000000	1	2.040347012793e+15	-925673086024.5	-1851346172049	0.228410415362	1	1	1	-1
16020000	1	2.04171674434e+15	-922831476203.9	-1845662952408	0.2284828303378	1	1	1	-1
16040000	1	2.043086909745e+15	-919999394778.1	-1839998789556	0.2285551347118	1	1	1	-1
16060000	1	2.044457508345e+15	-917176809414.8	-1834353618830	0.2286273286316	1	1	1	-1
16080000	1	2.045828539477e+15	-914363687873.6	-1828727375747	0.2286994122458	1	1	1	-1
16100000	1	2.047200002482e+15	-911559998006.1	-1823119996012	0.2287713857031	1	1	1	-1
16120000	1	2.048571896699e+15	-908765707755.7	-1817531415511	0.2288432491529	1	1	1	-1
16140000	1	2.049944221469e+15	-905980785157.9	-1811961570316	0.228915002745	1	1	1	-1
16160000	1	2.051316976134e+15	-903205198340	-1806410396680	0.2289866466297	1	1	1	-1
16180000	1	2.052690160036e+15	-900438915521.2	-1800877831042	0.2290581809576	1	1	1	-1
16200000	1	2.054063772519e+15	-897681905012.7	-1795363810025	0.22912960588	1	1	1	-1
16220000	1	2.055437812927e+15	-894934135217.6	-1789868270435	0.2292009215484	1	1	1	-1
16240000	1	2.056812280606e+15	-892195574630.9	-1784391149262	0.2292721281149	1	1	1	-1
16260000	1	2.058187174903e+15	-889466191839.2	-1778932383678	0.2293432257319	1	1	1	-1
16280000	1	2.059562495164e+15	-886745955521.1	-1773491911042	0.2294142145522	1	1	1	-1
16300000	1	2.060938240737e+15	-884034834447.1	-1768069668894	0.2294850947291	1	1	1	-1
16320000	1	2.062314410972e+15	-881332797479.1	-1762665594958	0.2295558664163	1	1	1	-1
16340000	1	2.063691005218e+15	-878639813571.1	-1757279627142	0.2296265297676	1	1	1	-1
16360000	1	2.065068022827e+15	-875955851768.5	-1751911703537	0.2296970849376	1	1	1	-1
16380000	1	2.06644546315e+15	-873280881208.3	-1746561762417	0.2297675320808	1	1	1	-1
16400000	1	2.06782332554e+15	-870614871119.3	-1741229742239	0.2298378713524	1	1	1	-1
16420000	1	2.06920160935e+15	-867957790821.6	-1735915581643	0.2299081029078	1	1	1	-1
16440000	1	2.070580313936e+15	-865309609726.8	-1730619219454	0.2299782269026	1	1	1	-1
16460000	1	2.071959438653e+15	-862670297337.9	-1725340594676	0.2300482434931	1	1	1	-1
16480000	1	2.073338982857e+15	-860039823249.4	-1720079646499	0.2301181528356	1	1	1	-1
16500000	1	2.074718945906e+15	-857418157146.8	-1714836314294	0.2301879550867	1	1	1	-1
16520000	1	2.076099327157e+15	-854805268807	-1709610537614	0.2302576504035	1	1	1	-1
16540000	1	2.077480125972e+15	-852201128098	-1704402256196	0.2303272389432	1	1	1	-1
16560000	1	2.078861341709e+15	-849605704978.7	-1699211409957	0.2303967208633	1	1	1	-1
16580000	1	2.080242973729e+15	-847018969499.2	-1694037938998	0.2304660963218	1	1	1	-1
16600000	1	2.081625021396e+15	-844440891800.3	-1688881783601	0.2305353654766	1	1	1	-1
16620000	1	2.083007484072e+15	-841871442113.9	-1683742884228	0.2306045284862	1	1	1	-1
16640000	1	2.084390361121e+15	-839310590762.3	-1678621181525	0.2306735855092	1	1	1	-1
16660000	1	2.085773651908e+15	-836758308158.7	-1673516616317	0.2307425367043	1	1	1	-1
16680000	1	2.0871573558e+15	-834214564806.7	-1668429129613	0.2308113822308	1	1	1	-1
16700000	1	2.088541472162e+15	-831679331300.4	-1663358662601	0.2308801222478	1	1	1	-1
16720000	1	2.089926000363e+15	-829152578324.4	-1658305156649	0.230948756915	1	1	1	-1
16740000	1	2.091310939772e+15	-826634276653.2	-1653268553306	0.231017286392	1	1	1	-1
16760000	1	2.092696289758e+15	-824124397151.9	-1648248794304	0.2310857108389	1	1	1	-1
16780000	1	2.094082049693e+15	-821622910775.5	-1643245821551	0.2311540304157	1	1	1	-1
16800000	1	2.095468218947e+15	-819129788568.7	-1638259577137	0.2312222452829	1	1	1	-1
16820000	1	2.096854796894e+15	-816645001666.4	-1633290003333	0.231290355601	1	1	1	-1
16840000	1	2.098241782907e+15	-814168521293.2	-1628337042586	0.2313583615306	1	1	1	-1
16860000	1	2.099629176361e+15	-811700318763.1	-1623400637526	0.2314262632327	1	1	1	-1
16880000	1	2.101016976631e+15	-809240365479.7	-1618480730959	0.2314940608683	1	1	1	-1
16900000	1	2.102405183094e+15	-806788632936.2	-1613577265872	0.2315617545987	1	1	1	-1
16920000	1	2.103793795128e+15	-804345092714.7	-1608690185429	0.2316293445851	1	1	1	-1
16940000	1	2.10518281211e+15	-801909716486.8	-1603819432974	0.2316968309892	1	1	1	-1
16960000	1	2.10657223342e+15	-799482476012.9	-1598964952026	0.2317642139725	1	1	1	-1
16980000	1	2.107962058439e+15	-797063343142.4	-1594126686285	0.2318314936969	1	1	1	-1
17000000	1	2.109352286547e+15	-794652289813.5	-1589304579627	0.2318986703244	1	1	1	-1
17020000	1	2.110742917128e+15	-792249288052.9	-1584498576106	0.2319657440168	1	1	1	-1
17040000	1	2.112133949565e+15	-789854309976	-1579708619952	0.2320327149365	1	1	1	-1
17060000	1	2.113525383241e+15	-787467327786.5	-1574934655573	0.2320995832456	1	1	1	-1
17080000	1	2.114917217543e+15	-785088313776.2	-1570176627552	0.2321663491066	1	1	1	-1
17100000	1	2.116309451855e+15	-782717240325.3	-1565434480651	0.232233012682	1	1	1	-1
17120000	1	2.117702085566e+15	-780354079901.7	-1560708159803	0.2322995741343	1	1	1	-1
17140000	1	2.119095118064e+15	-777998805061.3	-1555997610123	0.2323660336262	1	1	1	-1
17160000	1	2.120488548738e+15	-775651388447.6	-1551302776895	0.2324323913205	1	1	1	-1
17180000	1	2.121882376978e+15	-773311802791.7	-1546623605583	0.23249864738	1	1	1	-1
17200000	1	2.123276602174e+15	-770980020912	-1541960041824	0.2325648019675	1	1	1	-1
17220000	1	2.12467122372e+15	-768656015714.2	-1537312031428	0.2326308552462	1	1	1	-1
17240000	1	2.126066241008e+15	-766339760191.2	-1532679520382	0.232696807379	1	1	1	-1
17260000	1	2.127461653433e+15	-764031227422.6	-1528062454845	0.2327626585291	1	1	1	-1
17280000	1	2.128857460388e+15	-761730390575.1	-1523460781150	0.2328284088595	1	1	1	-1
17300000	1	2.130253661271e+15	-759437222901.7	-1518874445803	0.2328940585335	1	1	1	-1
17320000	1	2.131650255478e+15	-757151697742.3	-1514303395485	0.2329596077144	1	1	1	-1
17340000	1	2.133047242407e+15	-754873788522.8	-1509747577046	0.2330250565653	1	1	1	-1
17360000	1	2.134444621457e+15	-752603468755.3	-1505206937511	0.2330904052498	1	1	1	-1
17380000	1	2.135842392028e+15	-750340712038.1	-1500681424076	0.2331556539311	1	1	1	-1
17400000	1	2.137240553521e+15	-748085492055.1	-1496170984110	0.2332208027725	1	1	1	-1
17420000	1	2.138639105337e+15	-745837782576.2	-1491675565152	0.2332858519375	1	1	1	-1
17440000	1	2.140038046881e+15	-743597557456.6	-1487195114913	0.2333508015896	1	1	1	-1
17460000	1	2.141437377554e+15	-741364790636.9	-1482729581274	0.2334156518921	1	1	1	-1
17480000	1	2.142837096763e+15	-739139456142.9	-1478278912286	0.2334804030085	1	1	1	-1
17500000	1	2.144237203913e+15	-736921528085.4	-1473843056171	0.2335450551022	1	1	1	-1
17520000	1	2.14563769841e+15	-734710980660.1	-1469421961320	0.2336096083367	1	1	1	-1
17540000	1	2.147038579663e+15	-732507788147.5	-1465015576295	0.2336740628753	1	1	1	-1
17560000	1	2.148439847081e+15	-730311924912.4	-1460623849825	0.2337384188816	1	1	1	-1
17580000	1	2.149841500072e+15	-728123365404	-1456246730808	0.233802676519	1	1	1	-1
17600000	1	2.151243538048e+15	-725942084155.9	-1451884168312	0.2338668359508	1	1	1	-1
17620000	1	2.15264596042e+15	-723768055785.3	-1447536111571	0.2339308973405	1	1	1	-1
17640000	1	2.154048766601e+15	-721601254993.6	-1443202509987	0.2339948608514	1	1	1	-1
17660000	1	2.155451956004e+15	-719441656565.6	-1438883313131	0.2340587266467	1	1	1	-1
17680000	1	2.156855528045e+15	-717289235369.7	-1434578470739	0.2341224948899	1	1	1	-1
17700000	1	2.158259482138e+15	-715143966357.5	-1430287932715	0.2341861657442	1	1	1	-1
17720000	1	2.159663817701e+15	-713005824563.8	-1426011649128	0.2342497393728	1	1	1	-1
17740000	1	2.16106853415e+15	-710874785106.3	-1421749570213	0.2343132159389	1	1	1	-1
17760000	1	2.162473630905e+15	-708750823185.5	-1417501646371	0.2343765956056	1	1	1	-1
17780000	1	2.163879107385e+15	-706633914084.2	-1413267828168	0.234439878536	1	1	1	-1
17800000	1	2.16528496301e+15	-704524033168	-1409048066336	0.2345030648932	1	1	1	-1
17820000	1	2.166691197201e+15	-702421155884.3	-1404842311769	0.2345661548401	1	1	1	-1
17840000	1	2.168097809382e+15	-700325257762.9	-1400650515526	0.2346291485396	1	1	1	-1
17860000	1	2.169504798976e+15	-698236314415.2	-1396472628830	0.2346920461545	1	1	1	-1
17880000	1	2.170912165406e+15	-696154301534.1	-1392308603068	0.2347548478478	1	1	1	-1
17900000	1	2.172319908099e+15	-694079194894.4	-1388158389789	0.234817553782	1	1	1	-1
17920000	1	2.17372802648e+15	-692010970351.7	-1384021940703	0.2348801641199	1	1	1	-1
17940000	1	2.175136519978e+15	-689949603843	-1379899207686	0.234942679024	1	1	1	-1
17960000	1	2.176545388019e+15	-687895071386.1	-1375790142772	0.2350050986567	1	1	1	-1
17980000	1	2.177954630034e+15	-685847349079.4	-1371694698159	0.2350674231806	1	1	1	-1
18000000	1	2.179364245453e+15	-683806413101.8	-1367612826204	0.2351296527579	1	1	1	-1
18020000	1	2.180774233707e+15	-681772239712.8	-1363544479426	0.2351917875508	1	1	1	-1
18040000	1	2.182184594228e+15	-679744805251.8	-1359489610504	0.2352538277215	1	1	1	-1
18060000	1	2.183595326449e+15	-677724086138.1	-1355448172276	0.2353157734321	1	1	1	-1
18080000	1	2.185006429804e+15	-675710058870.8	-1351420117742	0.2353776248445	1	1	1	-1
18100000	1	2.186417903729e+15	-673702700028.6	-1347405400057	0.2354393821206	1	1	1	-1
18120000	1	2.187829747659e+15	-671701986269.5	-1343403972539	0.235501045422	1	1	1	-1
18140000	1	2.189241961032e+15	-669707894330.6	-1339415788661	0.2355626149106	1	1	1	-1
18160000	1	2.190654543286e+15	-667720401028.1	-1335440802056	0.2356240907477	1	1	1	-1
18180000	1	2.192067493858e+15	-665739483256.9	-1331478966514	0.2356854730949	1	1	1	-1
18200000	1	2.193480812191e+15	-663765117990.4	-1327530235981	0.2357467621135	1	1	1	-1
18220000	1	2.194894497723e+15	-661797282280.5	-1323594564561	0.2358079579646	1	1	1	-1
18240000	1	2.196308549898e+15	-659835953257.1	-1319671906514	0.2358690608094	1	1	1	-1
18260000	1	2.197722968158e+15	-657881108128.2	-1315762216256	0.2359300708088	1	1	1	-1
18280000	1	2.199137751947e+15	-655932724179.7	-1311865448359	0.2359909881236	1	1	1	-1
18300000	1	2.200552900709e+15	-653990778774.7	-1307981557549	0.2360518129147	1	1	1	-1
18320000	1	2.201968413891e+15	-652055249354.1	-1304110498708	0.2361125453426	1	1	1	-1
18340000	1	2.203384290938e+15	-650126113435.8	-1300252226872	0.2361731855677	1	1	1	-1
18360000	1	2.204800531299e+15	-648203348614.5	-1296406697229	0.2362337337504	1	1	1	-1
18380000	1	2.206217134423e+15	-646286932562	-1292573865124	0.2362941900509	1	1	1	-1
18400000	1	2.207634099758e+15	-644376843026.5	-1288753686053	0.2363545546293	1	1	1	-1
18420000	1	2.209051426755e+15	-642473057832.5	-1284946115665	0.2364148276454	1	1	1	-1
18440000	1	2.210469114867e+15	-640575554881	-1281151109762	0.2364750092591	1	1	1	-1
18460000	1	2.211887163544e+15	-638684312148.5	-1277368624297	0.2365350996301	1	1	1	-1
18480000	1	2.213305572241e+15	-636799307687.7	-1273598615375	0.2365950989177	1	1	1	-1
18500000	1	2.214724340413e+15	-634920519626.7	-1269841039253	0.2366550072814	1	1	1	-1
18520000	1	2.216143467513e+15	-633047926168.9	-1266095852338	0.2367148248804	1	1	1	-1
18540000	1	2.217562952999e+15	-631181505592.9	-1262363011186	0.2367745518737	1	1	1	-1
18560000	1	2.218982796328e+15	-629321236252.3	-1258642472505	0.2368341884203	1	1	1	-1
18580000	1	2.220402996958e+15	-627467096575.4	-1254934193151	0.2368937346788	1	1	1	-1
18600000	1	2.221823554348e+15	-625619065065.2	-1251238130130	0.2369531908079	1	1	1	-1
18620000	1	2.223244467959e+15	-623777120298.9	-1247554240598	0.237012556966	1	1	1	-1
18640000	1	2.22466573725e+15	-621941240927.9	-1243882481856	0.2370718333114	1	1	1	-1
18660000	1	2.226087361685e+15	-620111405677.5	-1240222811355	0.2371310200022	1	1	1	-1
18680000	1	2.227509340725e+15	-618287593346.7	-1236575186693	0.2371901171963	1	1	1	-1
18700000	1	2.228931673836e+15	-616469782808.3	-1232939565617	0.2372491250515	1	1	1	-1
18720000	1	2.230354360481e+15	-614657953008	-1229315906016	0.2373080437255	1	1	1	-1
18740000	1	2.231777400127e+15	-612852082964.9	-1225704165930	0.2373668733757	1	1	1	-1
18760000	1	2.233200792241e+15	-611052151771.1	-1222104303542	0.2374256141593	1	1	1	-1
18780000	1	2.234624536289e+15	-609258138591.1	-1218516277182	0.2374842662335	1	1	1	-1
18800000	1	2.23604863174e+15	-607470022662.2	-1214940045324	0.2375428297552	1	1	1	-1
18820000	1	2.237473078064e+15	-605687783293.9	-1211375566588	0.2376013048812	1	1	1	-1
18840000	1	2.238897874732e+15	-603911399867.7	-1207822799735	0.237659691768	1	1	1	-1
18860000	1	2.240323021215e+15	-602140851837	-1204281703674	0.2377179905721	1	1	1	-1
18880000	1	2.241748516985e+15	-600376118727.2	-1200752237454	0.2377762014497	1	1	1	-1
18900000	1	2.243174361515e+15	-598617180134.7	-1197234360269	0.2378343245567	1	1	1	-1
18920000	1	2.24460055428e+15	-596864015727.6	-1193728031455	0.2378923600492	1	1	1	-1
18940000	1	2.246027094754e+15	-595116605244.7	-1190233210489	0.2379503080827	1	1	1	-1
18960000	1	2.247453982415e+15	-593374928496	-1186749856992	0.2380081688127	1	1	1	-1
18980000	1	2.248881216738e+15	-591638965361.9	-1183277930724	0.2380659423946	1	1	1	-1
19000000	1	2.250308797203e+15	-589908695793.4	-1179817391587	0.2381236289835	1	1	1	-1
19020000	1	2.251736723286e+15	-588184099811.7	-1176368199623	0.2381812287342	1	1	1	-1
19040000	1	2.25316499447e+15	-586465157508.1	-1172930315016	0.2382387418016	1	1	1	-1
19060000	1	2.254593610233e+15	-584751849043.5	-1169503698087	0.2382961683401	1	1	1	-1
19080000	1	2.256022570059e+15	-583044154648.7	-1166088309297	0.2383535085041	1	1	1	-1
19100000	1	2.257451873428e+15	-581342054623.9	-1162684109248	0.2384107624479	1	1	1	-1
19120000	1	2.258881519826e+15	-579645529338.3	-1159291058677	0.2384679303252	1	1	1	-1
19140000	1	2.260311508736e+15	-577954559230.4	-1155909118461	0.23852501229	1	1	1	-1
19160000	1	2.261741839644e+15	-576269124807.2	-1152538249614	0.2385820084957	1	1	1	-1
19180000	1	2.263172512036e+15	-574589206644.6	-1149178413289	0.2386389190958	1	1	1	-1
19200000	1	2.264603525398e+15	-572914785386.7	-1145829570773	0.2386957442433	1	1	1	-1
19220000	1	2.26603487922e+15	-571245841745.9	-1142491683492	0.2387524840913	1	1	1	-1
19240000	1	2.267466572991e+15	-569582356502.5	-1139164713005	0.2388091387925	1	1	1	-1
19260000	1	2.268898606199e+15	-567924310504.6	-1135848621009	0.2388657084995	1	1	1	-1
19280000	1	2.270330978336e+15	-566271684667.9	-1132543369336	0.2389221933647	1	1	1	-1
19300000	1	2.271763688894e+15	-564624459975.5	-1129248919951	0.2389785935401	1	1	1	-1
19320000	1	2.273196737366e+15	-562982617477.7	-1125965234955	0.2390349091777	1	1	1	-1
19340000	1	2.274630123245e+15	-561346138291.5	-1122692276583	0.2390911404293	1	1	1	-1
19360000	1	2.276063846025e+15	-559715003601	-1119430007202	0.2391472874464	1	1	1	-1
19380000	1	2.277497905202e+15	-558089194656.7	-1116178389313	0.2392033503803	1	1	1	-1
19400000	1	2.278932300272e+15	-556468692775.4	-1112937385551	0.2392593293821	1	1	1	-1
19420000	1	2.280367030732e+15	-554853479340.1	-1109706958680	0.2393152246026	1	1	1	-1
19440000	1	2.281802096082e+15	-553243535799.9	-1106487071600	0.2393710361926	1	1	1	-1
19460000	1	2.283237495818e+15	-551638843669.2	-1103277687338	0.2394267643026	1	1	1	-1
19480000	1	2.284673229442e+15	-550039384528.5	-1100078769057	0.2394824090827	1	1	1	-1
19500000	1	2.286109296455e+15	-548445140023.2	-1096890280046	0.2395379706831	1	1	1	-1
19520000	1	2.287545696357e+15	-546856091864	-1093712183728	0.2395934492535	1	1	1	-1
19540000	1	2.288982428652e+15	-545272221826.5	-1090544443653	0.2396488449436	1	1	1	-1
19560000	1	2.290419492843e+15	-543693511751.1	-1087387023502	0.2397041579027	1	1	1	-1
19580000	1	2.291856888434e+15	-542119943542.5	-1084239887085	0.2397593882801	1	1	1	-1
19600000	1	2.293294614932e+15	-540551499170	-1081102998340	0.2398145362245	1	1	1	-1
19620000	1	2.294732671841e+15	-538988160666.9	-1077976321334	0.2398696018849	1	1	1	-1
19640000	1	2.29617105867e+15	-537429910130.4	-1074859820261	0.2399245854097	1	1	1	-1
19660000	1	2.297609774925e+15	-535876729721.3	-1071753459443	0.2399794869472	1	1	1	-1
19680000	1	2.299048820116e+15	-534328601664.1	-1068657203328	0.2400343066454	1	1	1	-1
19700000	1	2.300488193753e+15	-532785508246.6	-1065571016493	0.2400890446522	1	1	1	-1
19720000	1	2.301927895347e+15	-531247431819.5	-1062494863639	0.2401437011153	1	1	1	-1
19740000	1	2.303367924408e+15	-529714354796.8	-1059428709594	0.2401982761819	1	1	1	-1
19760000	1	2.304808280449e+15	-528186259654.7	-1056372519309	0.2402527699994	1	1	1	-1
19780000	1	2.306248962984e+15	-526663128932.4	-1053326257865	0.2403071827146	1	1	1	-1
19800000	1	2.307689971527e+15	-525144945231.1	-1050289890462	0.2403615144743	1	1	1	-1
19820000	1	2.309131305592e+15	-523631691214.2	-1047263382428	0.2404157654249	1	1	1	-1
19840000	1	2.310572964696e+15	-522123349607.1	-1044246699214	0.2404699357127	1	1	1	-1
19860000	1	2.312014948355e+15	-520619903196.7	-1041239806393	0.2405240254838	1	1	1	-1
19880000	1	2.313457256088e+15	-519121334831.7	-1038242669663	0.240578034884	1	1	1	-1
19900000	1	2.314899887412e+15	-517627627421.8	-1035255254844	0.2406319640589	1	1	1	-1
19920000	1	2.316342841847e+15	-516138763938.1	-1032277527876	0.2406858131537	1	1	1	-1
19940000	1	2.317786118913e+15	-514654727412.5	-1029309454825	0.2407395823137	1	1	1	-1
19960000	1	2.319229718132e+15	-513175500937.6	-1026351001875	0.2407932716838	1	1	1	-1
19980000	1	2.320673639026e+15	-511701067666.5	-1023402135333	0.2408468814085	1	1	1	-1
20000000	1	2.322117881116e+15	-510231410812.7	-1020462821625	0.2409004116324	1	1	1	-1
