0	1	1.216914290367e+15	-1.735237400322e+13	-3.470474800644e+13	-0	1	1	1	-1
20000	1	1.216914260844e+15	-1.735245460355e+13	-3.470490920711e+13	-9.846200385204e-06	1	1	1	-1
40000	1	1.216914172334e+15	-1.735269638533e+13	-3.470539277066e+13	-1.967274378851e-05	1	1	1	-1
60000	1	1.216914025013e+15	-1.735309929091e+13	-3.470619858182e+13	-2.945997678427e-05	1	1	1	-1
80000	1	1.216913819177e+15	-1.735366322424e+13	-3.470732644848e+13	-3.91882530577e-05	1	1	1	-1
100000	1	1.216913555237e+15	-1.73543880509e+13	-3.470877610181e+13	-4.883793695644e-05	1	1	1	-1
120000	1	1.216913233723e+15	-1.735527359815e+13	-3.47105471963e+13	-5.838940703725e-05	1	1	1	-1
140000	1	1.216912855284e+15	-1.735631965496e+13	-3.471263930993e+13	-6.782305960649e-05	1	1	1	-1
160000	1	1.216912420684e+15	-1.735752597215e+13	-3.471505194431e+13	-7.711931225262e-05	1	1	1	-1
180000	1	1.216911930806e+15	-1.735889226241e+13	-3.471778452482e+13	-8.625860736934e-05	1	1	1	-1
200000	1	1.21691138665e+15	-1.736041820044e+13	-3.472083640087e+13	-9.522141566764e-05	1	1	1	-1
220000	1	1.216910789331e+15	-1.736210342304e+13	-3.472420684608e+13	-0.0001039882396754	1	1	1	-1
240000	1	1.216910140085e+15	-1.736394752928e+13	-3.472789505856e+13	-0.0001125396172226	1	1	1	-1
260000	1	1.21690944026e+15	-1.736595008059e+13	-3.473190016118e+13	-0.0001208561249114	1	1	1	-1
280000	1	1.216908691323e+15	-1.736811060094e+13	-3.473622120188e+13	-0.0001289183815686	1	1	1	-1
300000	1	1.216907894856e+15	-1.737042857702e+13	-3.474085715404e+13	-0.0001367070516796	1	1	1	-1
320000	1	1.216907052558e+15	-1.737290345838e+13	-3.474580691676e+13	-0.0001442028488019	1	1	1	-1
340000	1	1.216906166243e+15	-1.737553465766e+13	-3.475106931533e+13	-0.0001513865389579	1	1	1	-1
360000	1	1.216905237839e+15	-1.737832155079e+13	-3.475664310158e+13	-0.0001582389440033	1	1	1	-1
380000	1	1.216904269389e+15	-1.738126347717e+13	-3.476252695434e+13	-0.0001647409449719	1	1	1	-1
400000	1	1.216903263053e+15	-1.738435973995e+13	-3.476871947991e+13	-0.0001708734853938	1	1	1	-1
420000	1	1.216902221102e+15	-1.738760960626e+13	-3.477521921251e+13	-0.0001766175745865	1	1	1	-1
440000	1	1.216901145923e+15	-1.739101230741e+13	-3.478202461482e+13	-0.0001819542909173	1	1	1	-1
460000	1	1.216900040013e+15	-1.739456703925e+13	-3.47891340785e+13	-0.000186864785035	1	1	1	-1
480000	1	1.216898905986e+15	-1.739827296237e+13	-3.479654592473e+13	-0.0001913302830704	1	1	1	-1
500000	1	1.216897746565e+15	-1.740212920241e+13	-3.480425840482e+13	-0.0001953320898039	1	1	1	-1
520000	1	1.216896564586e+15	-1.740613485038e+13	-3.481226970077e+13	-0.0001988515917988	1	1	1	-1
540000	1	1.216895362998e+15	-1.741028896296e+13	-3.482057792593e+13	-0.0002018702604992	1	1	1	-1
560000	1	1.216894144857e+15	-1.741459056281e+13	-3.482918112561e+13	-0.000204369655291	1	1	1	-1
580000	1	1.216892913333e+15	-1.741903863889e+13	-3.483807727779e+13	-0.0002063314265247	1	1	1	-1
600000	1	1.216891671704e+15	-1.742363214687e+13	-3.484726429374e+13	-0.0002077373184996	1	1	1	-1
620000	1	1.216890423357e+15	-1.74283700094e+13	-3.48567400188e+13	-0.0002085691724068	1	1	1	-1
640000	1	1.216889171789e+15	-1.743325111652e+13	-3.486650223304e+13	-0.0002088089292314	1	1	1	-1
660000	1	1.216887920603e+15	-1.743827432603e+13	-3.487654865207e+13	-0.0002084386326112	1	1	1	-1
680000	1	1.21688667351e+15	-1.744343846387e+13	-3.488687692774e+13	-0.0002074404316521	1	1	1	-1
700000	1	1.21688543433e+15	-1.744874232449e+13	-3.489748464898e+13	-0.0002057965836985	1	1	1	-1
720000	1	1.216884206985e+15	-1.745418467129e+13	-3.490836934257e+13	-0.0002034894570573	1	1	1	-1
740000	1	1.216882995506e+15	-1.745976423699e+13	-3.491952847397e+13	-0.0002005015336759	1	1	1	-1
760000	1	1.216881804027e+15	-1.746547972408e+13	-3.493095944815e+13	-0.0001968154117709	1	1	1	-1
780000	1	1.216880636785e+15	-1.747132980523e+13	-3.494265961046e+13	-0.0001924138084091	1	1	1	-1
800000	1	1.216879498123e+15	-1.747731312373e+13	-3.495462624747e+13	-0.0001872795620379	1	1	1	-1
820000	1	1.216878392484e+15	-1.748342829394e+13	-3.496685658787e+13	-0.000181395634965	1	1	1	-1
840000	1	1.216877324413e+15	-1.74896739017e+13	-3.497934780341e+13	-0.0001747451157871	1	1	1	-1
860000	1	1.216876298559e+15	-1.749604850486e+13	-3.499209700973e+13	-0.000167311221765	1	1	1	-1
880000	1	1.216875319667e+15	-1.750255063368e+13	-3.500510126736e+13	-0.000159077301147	1	1	1	-1
900000	1	1.216874392584e+15	-1.750917879132e+13	-3.501835758264e+13	-0.0001500268354365	1	1	1	-1
920000	1	1.216873522255e+15	-1.751593145433e+13	-3.503186290865e+13	-0.0001401434416065	1	1	1	-1
940000	1	1.216872713723e+15	-1.752280707311e+13	-3.504561414623e+13	-0.0001294108742577	1	1	1	-1
960000	1	1.216871972128e+15	-1.752980407245e+13	-3.505960814489e+13	-0.0001178130277205	1	1	1	-1
980000	1	1.216871302706e+15	-1.753692085194e+13	-3.507384170388e+13	-0.0001053339381009	1	1	1	-1
1000000	1	1.216870710788e+15	-1.754415578655e+13	-3.508831157311e+13	-9.195778526843e-05	1	1	1	-1
1020000	1	1.2168702018e+15	-1.755150722711e+13	-3.510301445421e+13	-7.766889478647e-05	1	1	1	-1
1040000	1	1.216869781261e+15	-1.755897350078e+13	-3.511794700156e+13	-6.245173978415e-05	1	1	1	-1
1060000	1	1.216869454784e+15	-1.756655291164e+13	-3.513310582327e+13	-4.629094276918e-05	1	1	1	-1
1080000	1	1.216869228071e+15	-1.757424374113e+13	-3.514848748226e+13	-2.917127738161e-05	1	1	1	-1
1100000	1	1.216869106917e+15	-1.758204424864e+13	-3.516408849729e+13	-1.107767008729e-05	1	1	1	-1
1120000	1	1.216869097207e+15	-1.7589952672e+13	-3.5179905344e+13	8.004798188325e-06	1	1	1	-1
1140000	1	1.216869204914e+15	-1.7597967228e+13	-3.519593445599e+13	2.809089048714e-05	1	1	1	-1
1160000	1	1.2168694361e+15	-1.760608611295e+13	-3.52121722259e+13	4.919521230651e-05	1	1	1	-1
1180000	1	1.216869796912e+15	-1.761430750321e+13	-3.522861500643e+13	7.133221014814e-05	1	1	1	-1
1200000	1	1.216870293586e+15	-1.762262955573e+13	-3.524525911146e+13	9.451617012863e-05	1	1	1	-1
1220000	1	1.216870932442e+15	-1.763105040855e+13	-3.52621008171e+13	0.0001187612166515	1	1	1	-1
1240000	1	1.216871719884e+15	-1.763956818141e+13	-3.527913636283e+13	0.0001440813111415	1	1	1	-1
1260000	1	1.216872662398e+15	-1.764818097625e+13	-3.52963619525e+13	0.0001704902508401	1	1	1	-1
1280000	1	1.216873766555e+15	-1.765688687776e+13	-3.531377375551e+13	0.0001980016676644	1	1	1	-1
1300000	1	1.216875039005e+15	-1.766568395393e+13	-3.533136790786e+13	0.0002266290271272	1	1	1	-1
1320000	1	1.216876486479e+15	-1.767457025661e+13	-3.534914051323e+13	0.0002563856273196	1	1	1	-1
1340000	1	1.216878115787e+15	-1.768354382205e+13	-3.536708764411e+13	0.0002872845979568	1	1	1	-1
1360000	1	1.216879933818e+15	-1.769260267145e+13	-3.538520534289e+13	0.0003193388994852	1	1	1	-1
1380000	1	1.216881947537e+15	-1.770174481148e+13	-3.540348962296e+13	0.0003525613222527	1	1	1	-1
1400000	1	1.216884163987e+15	-1.771096823489e+13	-3.542193646979e+13	0.000386964485741	1	1	1	-1
1420000	1	1.216886590283e+15	-1.772027092102e+13	-3.544054184205e+13	0.0004225608378603	1	1	1	-1
1440000	1	1.216889233618e+15	-1.772965083635e+13	-3.545930167269e+13	0.0004593626543064	1	1	1	-1
1460000	1	1.216892101255e+15	-1.773910593503e+13	-3.547821187007e+13	0.0004973820379793	1	1	1	-1
1480000	1	1.216895200531e+15	-1.77486341595e+13	-3.549726831899e+13	0.0005366309184646	1	1	1	-1
1500000	1	1.216898538852e+15	-1.775823344093e+13	-3.551646688185e+13	0.0005771210515762	1	1	1	-1
1520000	1	1.216902123696e+15	-1.776790169985e+13	-3.553580339971e+13	0.0006188640189608	1	1	1	-1
1540000	1	1.21690596261e+15	-1.777763684667e+13	-3.555527369335e+13	0.0006618712277639	1	1	1	-1
1560000	1	1.216910063206e+15	-1.77874367822e+13	-3.55748735644e+13	0.0007061539103568	1	1	1	-1
1580000	1	1.216914433165e+15	-1.77972993982e+13	-3.55945987964e+13	0.0007517231241253	1	1	1	-1
1600000	1	1.216919080236e+15	-1.780722257792e+13	-3.561444515585e+13	0.0007985897513179	1	1	1	-1
1620000	1	1.216924012227e+15	-1.781720419666e+13	-3.563440839331e+13	0.0008467644989562	1	1	1	-1
1640000	1	1.216929237016e+15	-1.782724212224e+13	-3.565448424447e+13	0.000896257898804	1	1	1	-1
1660000	1	1.216934762538e+15	-1.783733421559e+13	-3.567466843119e+13	0.0009470803073976	1	1	1	-1
1680000	1	1.216940596793e+15	-1.784747833126e+13	-3.569495666253e+13	0.0009992419061345	1	1	1	-1
1700000	1	1.216946747842e+15	-1.785767231793e+13	-3.571534463586e+13	0.001052752701423	1	1	1	-1
1720000	1	1.216953223802e+15	-1.786791401894e+13	-3.573582803787e+13	0.00110762252489	1	1	1	-1
1740000	1	1.216960032853e+15	-1.787820127279e+13	-3.575640254559e+13	0.001163861033647	1	1	1	-1
1760000	1	1.216967183227e+15	-1.788853191371e+13	-3.577706382742e+13	0.001221477710616	1	1	1	-1
1780000	1	1.216974683218e+15	-1.789890377211e+13	-3.579780754421e+13	0.001280481864914	1	1	1	-1
1800000	1	1.216982541171e+15	-1.79093146751e+13	-3.581862935019e+13	0.001340882632289	1	1	1	-1
1820000	1	1.216990765487e+15	-1.791976244702e+13	-3.583952489404e+13	0.001402688975629	1	1	1	-1
1840000	1	1.216999364621e+15	-1.793024490993e+13	-3.586048981985e+13	0.001465909685506	1	1	1	-1
1860000	1	1.217008347078e+15	-1.794075988407e+13	-3.588151976815e+13	0.0015305533808	1	1	1	-1
1880000	1	1.217017721416e+15	-1.795130518843e+13	-3.590261037685e+13	0.001596628509361	1	1	1	-1
1900000	1	1.217027496243e+15	-1.796187864114e+13	-3.592375728227e+13	0.00166414334874	1	1	1	-1
1920000	1	1.217037680215e+15	-1.797247806003e+13	-3.594495612005e+13	0.001733106006972	1	1	1	-1
1940000	1	1.217048282036e+15	-1.798310126308e+13	-3.596620252615e+13	0.001803524423413	1	1	1	-1
1960000	1	1.21705931046e+15	-1.79937460689e+13	-3.59874921378e+13	0.001875406369635	1	1	1	-1
1980000	1	1.217070774284e+15	-1.80044102972e+13	-3.60088205944e+13	0.00194875945038	1	1	1	-1
2000000	1	1.217082682351e+15	-1.801509176927e+13	-3.603018353853e+13	0.002023591104562	1	1	1	-1
2020000	1	1.217095043548e+15	-1.80257883084e+13	-3.605157661681e+13	0.002099908606334	1	1	1	-1
2040000	1	1.217107866805e+15	-1.803649774042e+13	-3.607299548083e+13	0.002177719066204	1	1	1	-1
2060000	1	1.217121161096e+15	-1.804721789405e+13	-3.609443578811e+13	0.002257029432207	1	1	1	-1
2080000	1	1.217134935433e+15	-1.805794660146e+13	-3.611589320291e+13	0.002337846491138	1	1	1	-1
2100000	1	1.21714919887e+15	-1.806868169862e+13	-3.613736339723e+13	0.002420176869838	1	1	1	-1
2120000	1	1.217163960501e+15	-1.80794210258e+13	-3.615884205161e+13	0.002504027036532	1	1	1	-1
2140000	1	1.217179229457e+15	-1.809016242802e+13	-3.618032485604e+13	0.002589403302232	1	1	1	-1
2160000	1	1.217195014907e+15	-1.810090375542e+13	-3.620180751083e+13	0.002676311822189	1	1	1	-1
2180000	1	1.217211326055e+15	-1.811164286374e+13	-3.622328572748e+13	0.002764758597412	1	1	1	-1
2200000	1	1.217228172144e+15	-1.812237761476e+13	-3.624475522951e+13	0.002854749476232	1	1	1	-1
2220000	1	1.217245562447e+15	-1.813310587667e+13	-3.626621175333e+13	0.002946290155937	1	1	1	-1
2240000	1	1.217263506275e+15	-1.814382552454e+13	-3.628765104907e+13	0.003039386184463	1	1	1	-1
2260000	1	1.217282012969e+15	-1.815453444071e+13	-3.630906888141e+13	0.00313404296214	1	1	1	-1
2280000	1	1.217301091903e+15	-1.816523051522e+13	-3.633046103043e+13	0.003230265743508	1	1	1	-1
2300000	1	1.217320752481e+15	-1.81759116462e+13	-3.63518232924e+13	0.003328059639192	1	1	1	-1
2320000	1	1.21734100414e+15	-1.818657574031e+13	-3.637315148062e+13	0.003427429617843	1	1	1	-1
2340000	1	1.217361856343e+15	-1.819722071312e+13	-3.639444142623e+13	0.003528380508142	1	1	1	-1
2360000	1	1.217383318583e+15	-1.820784448951e+13	-3.641568897902e+13	0.003630917000878	1	1	1	-1
2380000	1	1.217405400382e+15	-1.821844500411e+13	-3.643689000823e+13	0.003735043651091	1	1	1	-1
2400000	1	1.217428111287e+15	-1.822902020167e+13	-3.645804040334e+13	0.003840764880292	1	1	1	-1
2420000	1	1.217451460872e+15	-1.823956803745e+13	-3.64791360749e+13	0.003948084978755	1	1	1	-1
2440000	1	1.217475458735e+15	-1.825008647765e+13	-3.650017295531e+13	0.004057008107889	1	1	1	-1
2460000	1	1.217500114501e+15	-1.826057349981e+13	-3.652114699962e+13	0.004167538302693	1	1	1	-1
2480000	1	1.217525437817e+15	-1.827102709317e+13	-3.654205418633e+13	0.004279679474295	1	1	1	-1
2500000	1	1.217551438353e+15	-1.828144525911e+13	-3.656289051821e+13	0.004393435412583	1	1	1	-1
2520000	1	1.217578125803e+15	-1.829182601153e+13	-3.658365202307e+13	0.004508809788927	1	1	1	-1
2540000	1	1.217605509882e+15	-1.830216737729e+13	-3.660433475458e+13	0.004625806159003	1	1	1	-1
2560000	1	1.217633600324e+15	-1.831246739655e+13	-3.662493479311e+13	0.004744427965724	1	1	1	-1
2580000	1	1.217662406886e+15	-1.832272412325e+13	-3.664544824651e+13	0.004864678542282	1	1	1	-1
2600000	1	1.217691939343e+15	-1.833293562548e+13	-3.666587125095e+13	0.004986561115304	1	1	1	-1
2620000	1	1.21772220749e+15	-1.83430999859e+13	-3.668619997179e+13	0.005110078808147	1	1	1	-1
2640000	1	1.217753221141e+15	-1.835321530219e+13	-3.670643060438e+13	0.005235234644314	1	1	1	-1
2660000	1	1.217784990125e+15	-1.836327968747e+13	-3.672655937495e+13	0.005362031551031	1	1	1	-1
2680000	1	1.217817524291e+15	-1.837329127075e+13	-3.674658254149e+13	0.005490472362967	1	1	1	-1
2700000	1	1.217850833504e+15	-1.838324819732e+13	-3.676649639464e+13	0.005620559826135	1	1	1	-1
2720000	1	1.217884927645e+15	-1.839314862931e+13	-3.678629725862e+13	0.005752296601965	1	1	1	-1
2740000	1	1.217919816611e+15	-1.840299074607e+13	-3.680598149214e+13	0.005885685271587	1	1	1	-1
2760000	1	1.217955510314e+15	-1.841277274471e+13	-3.682554548942e+13	0.006020728340315	1	1	1	-1
2780000	1	1.21799201868e+15	-1.842249284057e+13	-3.684498568114e+13	0.006157428242381	1	1	1	-1
2800000	1	1.218029351652e+15	-1.843214926775e+13	-3.68642985355e+13	0.006295787345907	1	1	1	-1
2820000	1	1.218067519184e+15	-1.844174027965e+13	-3.688348055929e+13	0.006435807958175	1	1	1	-1
2840000	1	1.218106531245e+15	-1.845126414949e+13	-3.690252829899e+13	0.006577492331186	1	1	1	-1
2860000	1	1.218146397817e+15	-1.846071917096e+13	-3.692143834191e+13	0.006720842667571	1	1	1	-1
2880000	1	1.218187128896e+15	-1.847010365873e+13	-3.694020731747e+13	0.006865861126858	1	1	1	-1
2900000	1	1.218228734491e+15	-1.847941594919e+13	-3.695883189838e+13	0.007012549832164	1	1	1	-1
2920000	1	1.218271224621e+15	-1.848865440102e+13	-3.697730880204e+13	0.007160910877328	1	1	1	-1
2940000	1	1.21831460932e+15	-1.849781739596e+13	-3.699563479191e+13	0.007310946334552	1	1	1	-1
2960000	1	1.218358898634e+15	-1.850690333951e+13	-3.701380667903e+13	0.0074626582626	1	1	1	-1
2980000	1	1.218404102621e+15	-1.851591066176e+13	-3.703182132352e+13	0.007616048715618	1	1	1	-1
3000000	1	1.218450231352e+15	-1.852483781817e+13	-3.704967563635e+13	0.007771119752655	1	1	1	-1
3020000	1	1.218497294908e+15	-1.853368329051e+13	-3.706736658102e+13	0.007927873447956	1	1	1	-1
3040000	1	1.218545303385e+15	-1.854244558776e+13	-3.708489117552e+13	0.008086311902134	1	1	1	-1
3060000	1	1.218594266892e+15	-1.855112324717e+13	-3.710224649433e+13	0.008246437254329	1	1	1	-1
3080000	1	1.218644195549e+15	-1.855971483531e+13	-3.711942967063e+13	0.008408251695475	1	1	1	-1
3100000	1	1.21869509949e+15	-1.85682189493e+13	-3.71364378986e+13	0.00857175748283	1	1	1	-1
3120000	1	1.218746988864e+15	-1.857663421798e+13	-3.715326843596e+13	0.008736956955932	1	1	1	-1
3140000	1	1.218799873832e+15	-1.858495930337e+13	-3.716991860674e+13	0.008903852554183	1	1	1	-1
3160000	1	1.218853764573e+15	-1.859319290208e+13	-3.718638580416e+13	0.009072446836294	1	1	1	-1
3180000	1	1.218908671278e+15	-1.860133374695e+13	-3.72026674939e+13	0.009242742501855	1	1	1	-1
3200000	1	1.218964604158e+15	-1.860938060878e+13	-3.721876121756e+13	0.00941474241536	1	1	1	-1
3220000	1	1.219021573441e+15	-1.861733229824e+13	-3.723466459648e+13	0.009588449633045	1	1	1	-1
3240000	1	1.219079589373e+15	-1.862518766796e+13	-3.725037533591e+13	0.009763867433002	1	1	1	-1
3260000	1	1.21913866222e+15	-1.863294561477e+13	-3.726589122954e+13	0.009940999349086	1	1	1	-1
3280000	1	1.219198802271e+15	-1.864060508226e+13	-3.728121016453e+13	0.01011984920925	1	1	1	-1
3300000	1	1.21926001984e+15	-1.864816506351e+13	-3.729633012703e+13	0.01030042117906	1	1	1	-1
3320000	1	1.219322325266e+15	-1.865562460411e+13	-3.731124920823e+13	0.0104827198113	1	1	1	-1
3340000	1	1.219385728915e+15	-1.866298280556e+13	-3.732596561111e+13	0.01066675010279	1	1	1	-1
3360000	1	1.219450241187e+15	-1.867023882895e+13	-3.734047765791e+13	0.01085251755974	1	1	1	-1
3380000	1	1.219515872515e+15	-1.867739189918e+13	-3.735478379836e+13	0.01104002827324	1	1	1	-1
3400000	1	1.219582633373e+15	-1.868444130948e+13	-3.736888261896e+13	0.01122928900698	1	1	1	-1
3420000	1	1.219650534274e+15	-1.869138642664e+13	-3.738277285328e+13	0.01142030729964	1	1	1	-1
3440000	1	1.219719585782e+15	-1.869822669674e+13	-3.739645339349e+13	0.01161309158503	1	1	1	-1
3460000	1	1.219789798513e+15	-1.870496165167e+13	-3.740992330334e+13	0.01180765133386	1	1	1	-1
3480000	1	1.219861183145e+15	-1.871159091639e+13	-3.742318183278e+13	0.01200399722202	1	1	1	-1
3500000	1	1.219933750421e+15	-1.871811421721e+13	-3.743622843442e+13	0.01220214133159	1	1	1	-1
3520000	1	1.220007511163e+15	-1.872453139112e+13	-3.744906278225e+13	0.01240209739226	1	1	1	-1
3540000	1	1.220082476284e+15	-1.873084239642e+13	-3.746168479283e+13	0.01260388107361	1	1	1	-1
3560000	1	1.220158656791e+15	-1.873704732477e+13	-3.747409464954e+13	0.01280751034112	1	1	1	-1
3580000	1	1.220236063814e+15	-1.874314641511e+13	-3.748629283022e+13	0.01301300589321	1	1	1	-1
3600000	1	1.22031470861e+15	-1.874914006945e+13	-3.74982801389e+13	0.0132203917021	1	1	1	-1
3620000	1	1.220394602596e+15	-1.875502887117e+13	-3.751005774235e+13	0.01342969568845	1	1	1	-1
3640000	1	1.220475757368e+15	-1.876081360612e+13	-3.752162721223e+13	0.01364095057081	1	1	1	-1
3660000	1	1.220558184736e+15	-1.876649528696e+13	-3.753299057392e+13	0.01385419494492	1	1	1	-1
3680000	1	1.220641896761e+15	-1.877207518159e+13	-3.754415036318e+13	0.01406947466907	1	1	1	-1
3700000	1	1.220726905808e+15	-1.877755484603e+13	-3.755510969206e+13	0.01428684466152	1	1	1	-1
3720000	1	1.220813224602e+15	-1.878293616288e+13	-3.756587232576e+13	0.01450637125933	1	1	1	-1
3740000	1	1.220900866307e+15	-1.878822138604e+13	-3.757644277208e+13	0.01472813535199	1	1	1	-1
3760000	1	1.220989844627e+15	-1.879341319269e+13	-3.758682638538e+13	0.01495223659925	1	1	1	-1
3780000	1	1.221080173934e+15	-1.879851474342e+13	-3.759702948684e+13	0.01517879918784	1	1	1	-1
3800000	1	1.221171869438e+15	-1.880352975082e+13	-3.760705950164e+13	0.01540797980581	1	1	1	-1
3820000	1	1.221264947409e+15	-1.880846255603e+13	-3.761692511206e+13	0.01563997886274	1	1	1	-1
3840000	1	1.221359425493e+15	-1.881331821025e+13	-3.76266364205e+13	0.0158750565352	1	1	1	-1
3860000	1	1.221455323129e+15	-1.881810255329e+13	-3.763620510658e+13	0.01611355609329	1	1	1	-1
3880000	1	1.221552662146e+15	-1.882282227053e+13	-3.764564454106e+13	0.01635593835054	1	1	1	-1
3900000	1	1.221651467611e+15	-1.882748488712e+13	-3.765496977423e+13	0.01660283322201	1	1	1	-1
3920000	1	1.22175176906e+15	-1.883209861005e+13	-3.76641972201e+13	0.01685511742886	1	1	1	-1
3940000	1	1.221853602308e+15	-1.883667182439e+13	-3.767334364877e+13	0.01711403068964	1	1	1	-1
3960000	1	1.221957012089e+15	-1.884121182014e+13	-3.768242364029e+13	0.01738134180422	1	1	1	-1
3980000	1	1.222062055837e+15	-1.88457218222e+13	-3.769144364439e+13	0.01765955126584	1	1	1	-1
4000000	1	1.222168808515e+15	-1.885019433046e+13	-3.770038866092e+13	0.01795199491552	1	1	1	-1
4020000	1	1.222277366507e+15	-1.885459688423e+13	-3.770919376845e+13	0.01826226179196	1	1	1	-1
4040000	1	1.222387841925e+15	-1.885884512694e+13	-3.771769025387e+13	0.01859112936559	1	1	1	-1
4060000	1	1.222500323925e+15	-1.886276826776e+13	-3.772553653552e+13	0.01892838752908	1	1	1	-1
4080000	1	1.222614786371e+15	-1.886611774775e+13	-3.77322354955e+13	0.01924604259019	1	1	1	-1
4100000	1	1.222731022231e+15	-1.88686960562e+13	-3.77373921124e+13	0.01951779276393	1	1	1	-1
4120000	1	1.222848755402e+15	-1.887049994858e+13	-3.774099989716e+13	0.01974890866664	1	1	1	-1
4140000	1	1.222967811426e+15	-1.887167404277e+13	-3.774334808555e+13	0.01996278737405	1	1	1	-1
4160000	1	1.223088142728e+15	-1.887237925124e+13	-3.774475850248e+13	0.02017611727779	1	1	1	-1
4180000	1	1.223209770102e+15	-1.887273416554e+13	-3.774546833108e+13	0.02039567377598	1	1	1	-1
4200000	1	1.223332737336e+15	-1.887281501729e+13	-3.774563003457e+13	0.02062310157723	1	1	1	-1
4220000	1	1.223457091437e+15	-1.887266918944e+13	-3.774533837888e+13	0.02085818221114	1	1	1	-1
4240000	1	1.223582876236e+15	-1.887232638156e+13	-3.774465276313e+13	0.02110020371431	1	1	1	-1
4260000	1	1.223710131113e+15	-1.887180570903e+13	-3.774361141805e+13	0.02134843313325	1	1	1	-1
4280000	1	1.223838891366e+15	-1.887111993413e+13	-3.774223986825e+13	0.02160225096111	1	1	1	-1
4300000	1	1.223969188979e+15	-1.887027797636e+13	-3.774055595271e+13	0.02186117105967	1	1	1	-1
4320000	1	1.224101053392e+15	-1.886928642987e+13	-3.773857285973e+13	0.02212482654592	1	1	1	-1
4340000	1	1.224234512147e+15	-1.88681505084e+13	-3.773630101681e+13	0.02239294895182	1	1	1	-1
4360000	1	1.224369591425e+15	-1.886687465583e+13	-3.773374931165e+13	0.02266534911218	1	1	1	-1
4380000	1	1.224506316471e+15	-1.886546295842e+13	-3.773092591684e+13	0.02294190177343	1	1	1	-1
4400000	1	1.22464471194e+15	-1.886391943868e+13	-3.772783887736e+13	0.02322253384557	1	1	1	-1
4420000	1	1.224784802183e+15	-1.886224827839e+13	-3.772449655679e+13	0.02350721567621	1	1	1	-1
4440000	1	1.224926611486e+15	-1.886045400086e+13	-3.772090800172e+13	0.02379595468484	1	1	1	-1
4460000	1	1.225070164279e+15	-1.885854163151e+13	-3.771708326302e+13	0.02408879079722	1	1	1	-1
4480000	1	1.225215485323e+15	-1.885651685022e+13	-3.771303370045e+13	0.02438579324089	1	1	1	-1
4500000	1	1.225362599873e+15	-1.885438614506e+13	-3.770877229011e+13	0.02468705836623	1	1	1	-1
4520000	1	1.225511533841e+15	-1.885215697503e+13	-3.770431395006e+13	0.02499270823591	1	1	1	-1
4540000	1	1.225662313946e+15	-1.884983794887e+13	-3.769967589774e+13	0.02530288977983	1	1	1	-1
4560000	1	1.22581496786e+15	-1.884743902607e+13	-3.769487805214e+13	0.02561777434727	1	1	1	-1
4580000	1	1.225969524356e+15	-1.884497174693e+13	-3.768994349386e+13	0.0259375575044	1	1	1	-1
4600000	1	1.226126013452e+15	-1.884244949891e+13	-3.768489899782e+13	0.0262624589267	1	1	1	-1
4620000	1	1.226284466556e+15	-1.883988782729e+13	-3.767977565458e+13	0.02659272222102	1	1	1	-1
4640000	1	1.226444916604e+15	-1.883730479983e+13	-3.767460959965e+13	0.02692861448034	1	1	1	-1
4660000	1	1.226607398204e+15	-1.883472143633e+13	-3.766944287265e+13	0.02727042532256	1	1	1	-1
4680000	1	1.226771947765e+15	-1.883216221641e+13	-3.766432443283e+13	0.02761846508788	1	1	1	-1
4700000	1	1.226938603609e+15	-1.882965568109e+13	-3.765931136218e+13	0.02797306175961	1	1	1	-1
4720000	1	1.227107406068e+15	-1.882723514664e+13	-3.765447029329e+13	0.02833455602124	1	1	1	-1
4740000	1	1.227278397534e+15	-1.8824939553e+13	-3.7649879106e+13	0.02870329365332	1	1	1	-1
4760000	1	1.227451622463e+15	-1.882281447245e+13	-3.76456289449e+13	0.02907961418779	1	1	1	-1
4780000	1	1.227627127286e+15	-1.882091330927e+13	-3.764182661855e+13	0.02946383435089	1	1	1	-1
4800000	1	1.22780496021e+15	-1.88192987255e+13	-3.763859745101e+13	0.02985622430372	1	1	1	-1
4820000	1	1.227985170837e+15	-1.881804433294e+13	-3.763608866588e+13	0.03025697399073	1	1	1	-1
4840000	1	1.228167809559e+15	-1.881723669594e+13	-3.763447339188e+13	0.03066614597771	1	1	1	-1
4860000	1	1.2283529266e+15	-1.881697769236e+13	-3.763395538472e+13	0.03108360993906	1	1	1	-1
4880000	1	1.228540570605e+15	-1.881738727999e+13	-3.763477455997e+13	0.03150895236814	1	1	1	-1
4900000	1	1.228730786595e+15	-1.881860670974e+13	-3.763721341948e+13	0.03194135306623	1	1	1	-1
4920000	1	1.228923613047e+15	-1.882080221131e+13	-3.764160442263e+13	0.03237941746373	1	1	1	-1
4940000	1	1.229119077807e+15	-1.882416914442e+13	-3.764833828883e+13	0.03282095085231	1	1	1	-1
4960000	1	1.229317192433e+15	-1.882893655029e+13	-3.765787310059e+13	0.03326265729284	1	1	1	-1
4980000	1	1.229517944456e+15	-1.883537193843e+13	-3.767074387686e+13	0.03369974269514	1	1	1	-1
5000000	1	1.229721286916e+15	-1.884378598136e+13	-3.768757196273e+13	0.03412539917691	1	1	1	-1
5020000	1	1.229927124393e+15	-1.88545365366e+13	-3.770907307321e+13	0.03453014791089	1	1	1	-1
5040000	1	1.230135294629e+15	-1.886803102832e+13	-3.773606205663e+13	0.03490102316219	1	1	1	-1
5060000	1	1.23034554477e+15	-1.888472565158e+13	-3.776945130316e+13	0.03522059607004	1	1	1	-1
5080000	1	1.230557501346e+15	-1.890511904748e+13	-3.781023809495e+13	0.03546587114773	1	1	1	-1
5100000	1	1.230770633472e+15	-1.892973697664e+13	-3.785947395327e+13	0.0356071546589	1	1	1	-1
5120000	1	1.230984209689e+15	-1.895910305175e+13	-3.791820610349e+13	0.03560711271646	1	1	1	-1
5140000	1	1.231197250704e+15	-1.89936888115e+13	-3.798737762299e+13	0.03542043979883	1	1	1	-1
5160000	1	1.231408483749e+15	-1.90338345611e+13	-3.806766912219e+13	0.03499489058863	1	1	1	-1
5180000	1	1.231616310209e+15	-1.907963116964e+13	-3.815926233927e+13	0.03427494212967	1	1	1	-1
5200000	1	1.231818807846e+15	-1.913075414754e+13	-3.826150829508e+13	0.03321006508277	1	1	1	-1
5220000	1	1.232013803066e+15	-1.918624869498e+13	-3.837249738996e+13	0.03177030889065	1	1	1	-1
5240000	1	1.232199065457e+15	-1.924428542288e+13	-3.848857084577e+13	0.02997182172012	1	1	1	-1
5260000	1	1.232372685469e+15	-1.930195178046e+13	-3.860390356092e+13	0.02791175825194	1	1	1	-1
5280000	1	1.232533666703e+15	-1.935521844137e+13	-3.871043688274e+13	0.025801799365	1	1	1	-1
5300000	1	1.232682646675e+15	-1.939928983486e+13	-3.879857966973e+13	0.02397093288088	1	1	1	-1
5320000	1	1.23282243795e+15	-1.942949863777e+13	-3.885899727554e+13	0.02279684106347	1	1	1	-1
5340000	1	1.232957910666e+15	-1.94425902196e+13	-3.888518043919e+13	0.02256053822712	1	1	1	-1
5360000	1	1.233094959747e+15	-1.943777616155e+13	-3.887555232309e+13	0.02330727104751	1	1	1	-1
5380000	1	1.233238969062e+15	-1.941686107636e+13	-3.883372215271e+13	0.02483253898945	1	1	1	-1
5400000	1	1.233393634558e+15	-1.938337772359e+13	-3.876675544719e+13	0.02680436332289	1	1	1	-1
5420000	1	1.23356066005e+15	-1.934136392696e+13	-3.868272785392e+13	0.02891042474194	1	1	1	-1
5440000	1	1.233740151978e+15	-1.929444044165e+13	-3.85888808833e+13	0.03093613896939	1	1	1	-1
5460000	1	1.233931247814e+15	-1.924540132778e+13	-3.849080265556e+13	0.03276964317077	1	1	1	-1
5480000	1	1.234132653139e+15	-1.91961844258e+13	-3.839236885159e+13	0.0343731071488	1	1	1	-1
5500000	1	1.23434298815e+15	-1.914801902365e+13	-3.82960380473e+13	0.03575123875761	1	1	1	-1
5520000	1	1.234560969476e+15	-1.910161347023e+13	-3.820322694045e+13	0.03692855202429	1	1	1	-1
5540000	1	1.23478548469e+15	-1.905732044825e+13	-3.81146408965e+13	0.03793596109789	1	1	1	-1
5560000	1	1.235015607681e+15	-1.901526268268e+13	-3.803052536535e+13	0.03880395631282	1	1	1	-1
5580000	1	1.235250585908e+15	-1.897542141028e+13	-3.795084282056e+13	0.03955966915758	1	1	1	-1
5600000	1	1.235489816913e+15	-1.893769575233e+13	-3.787539150466e+13	0.040225987586	1	1	1	-1
5620000	1	1.235732822835e+15	-1.890194124413e+13	-3.780388248826e+13	0.04082164397176	1	1	1	-1
5640000	1	1.235979226832e+15	-1.886799413257e+13	-3.773598826515e+13	0.04136169898362	1	1	1	-1
5660000	1	1.236228732839e+15	-1.88356862388e+13	-3.767137247759e+13	0.04185813491687	1	1	1	-1
5680000	1	1.236481108853e+15	-1.880485369382e+13	-3.760970738764e+13	0.04232042824188	1	1	1	-1
5700000	1	1.236736173448e+15	-1.877534176278e+13	-3.755068352556e+13	0.04275605066975	1	1	1	-1
5720000	1	1.236993785052e+15	-1.874700721499e+13	-3.749401442998e+13	0.04317088624539	1	1	1	-1
5740000	1	1.237253833473e+15	-1.871971918658e+13	-3.743943837315e+13	0.04356956884769	1	1	1	-1
5760000	1	1.237516233244e+15	-1.869335914444e+13	-3.738671828887e+13	0.04395575076445	1	1	1	-1
5780000	1	1.237780918392e+15	-1.86678203391e+13	-3.73356406782e+13	0.04433231432022	1	1	1	-1
5800000	1	1.238047838344e+15	-1.864300699033e+13	-3.728601398066e+13	0.04470153770077	1	1	1	-1
5820000	1	1.238316954706e+15	-1.861883335631e+13	-3.723766671262e+13	0.04506522452143	1	1	1	-1
5840000	1	1.238588238734e+15	-1.85952227777e+13	-3.71904455554e+13	0.04542480496924	1	1	1	-1
5860000	1	1.238861669342e+15	-1.857210674957e+13	-3.714421349914e+13	0.04578141477936	1	1	1	-1
5880000	1	1.239137231529e+15	-1.85494240503e+13	-3.70988481006e+13	0.04613595697617	1	1	1	-1
5900000	1	1.239414915133e+15	-1.852711994132e+13	-3.705423988265e+13	0.04648915022574	1	1	1	-1
5920000	1	1.239694713849e+15	-1.850514544251e+13	-3.701029088503e+13	0.04684156678571	1	1	1	-1
5940000	1	1.239976624436e+15	-1.848345668245e+13	-3.696691336489e+13	0.04719366236313	1	1	1	-1
5960000	1	1.240260646099e+15	-1.846201431976e+13	-3.692402863953e+13	0.04754579966694	1	1	1	-1
5980000	1	1.240546779985e+15	-1.844078303024e+13	-3.688156606047e+13	0.04789826703676	1	1	1	-1
6000000	1	1.240835028787e+15	-1.841973105348e+13	-3.683946210696e+13	0.04825129321717	1	1	1	-1
6020000	1	1.241125396418e+15	-1.839882979318e+13	-3.679765958636e+13	0.04860505910697	1	1	1	-1
6040000	1	1.241417887758e+15	-1.837805346494e+13	-3.675610692989e+13	0.04895970712734	1	1	1	-1
6060000	1	1.241712508443e+15	-1.835737878624e+13	-3.671475757247e+13	0.04931534871103	1	1	1	-1
6080000	1	1.242009264702e+15	-1.833678470339e+13	-3.667356940678e+13	0.04967207030407	1	1	1	-1
6100000	1	1.242308163217e+15	-1.831625215121e+13	-3.663250430241e+13	0.05002993818696	1	1	1	-1
6120000	1	1.242609211019e+15	-1.829576384107e+13	-3.659152768214e+13	0.0503890023562	1	1	1	-1
6140000	1	1.242912415397e+15	-1.82753040741e+13	-3.65506081482e+13	0.0507492996558	1	1	1	-1
6160000	1	1.243217783828e+15	-1.825485857618e+13	-3.650971715236e+13	0.05111085630862	1	1	1	-1
6180000	1	1.24352532392e+15	-1.823441435212e+13	-3.646882870423e+13	0.05147368996616	1	1	1	-1
6200000	1	1.243835043364e+15	-1.821395955661e+13	-3.642791911322e+13	0.05183781137104	1	1	1	-1
6220000	1	1.2441469499e+15	-1.819348337988e+13	-3.638696675977e+13	0.05220322570719	1	1	1	-1
6240000	1	1.244461051284e+15	-1.817297594621e+13	-3.634595189241e+13	0.05256993369775	1	1	1	-1
6260000	1	1.244777355265e+15	-1.815242822372e+13	-3.630485644743e+13	0.05293793249859	1	1	1	-1
6280000	1	1.245095869569e+15	-1.813183194416e+13	-3.626366388832e+13	0.05330721642605	1	1	1	-1
6300000	1	1.245416601876e+15	-1.811117953138e+13	-3.622235906275e+13	0.05367777754984	1	1	1	-1
6320000	1	1.245739559817e+15	-1.809046403746e+13	-3.618092807491e+13	0.05404960617626	1	1	1	-1
6340000	1	1.246064750959e+15	-1.806967908567e+13	-3.613935817134e+13	0.05442269124173	1	1	1	-1
6360000	1	1.246392182799e+15	-1.80488188194e+13	-3.60976376388e+13	0.05479702063327	1	1	1	-1
6380000	1	1.24672186276e+15	-1.802787785633e+13	-3.605575571266e+13	0.05517258144913	1	1	1	-1
6400000	1	1.247053798185e+15	-1.800685124734e+13	-3.601370249468e+13	0.05554936021036	1	1	1	-1
6420000	1	1.247387996336e+15	-1.798573443954e+13	-3.597146887908e+13	0.05592734303229	1	1	1	-1
6440000	1	1.247724464389e+15	-1.796452324297e+13	-3.592904648595e+13	0.05630651576301	1	1	1	-1
6460000	1	1.248063209436e+15	-1.794321380063e+13	-3.588642760126e+13	0.05668686409482	1	1	1	-1
6480000	1	1.248404238483e+15	-1.792180256132e+13	-3.584360512264e+13	0.05706837365351	1	1	1	-1
6500000	1	1.248747558449e+15	-1.790028625521e+13	-3.580057251042e+13	0.05745103006937	1	1	1	-1
6520000	1	1.249093176167e+15	-1.787866187161e+13	-3.575732374322e+13	0.05783481903326	1	1	1	-1
6540000	1	1.249441098386e+15	-1.785692663889e+13	-3.571385327779e+13	0.05821972634039	1	1	1	-1
6560000	1	1.249791331769e+15	-1.783507800623e+13	-3.567015601246e+13	0.05860573792406	1	1	1	-1
6580000	1	1.250143882894e+15	-1.781311362701e+13	-3.562622725401e+13	0.05899283988113	1	1	1	-1
6600000	1	1.250498758259e+15	-1.779103134371e+13	-3.558206268742e+13	0.05938101849075	1	1	1	-1
6620000	1	1.250855964279e+15	-1.776882917421e+13	-3.553765834842e+13	0.05977026022768	1	1	1	-1
6640000	1	1.251215507287e+15	-1.774650529917e+13	-3.549301059833e+13	0.06016055177102	1	1	1	-1
6660000	1	1.251577393538e+15	-1.772405805061e+13	-3.544811610121e+13	0.06055188000942	1	1	1	-1
6680000	1	1.251941629211e+15	-1.770148590141e+13	-3.540297180283e+13	0.06094423204335	1	1	1	-1
6700000	1	1.252308220404e+15	-1.767878745576e+13	-3.535757491152e+13	0.06133759518501	1	1	1	-1
6720000	1	1.252677173144e+15	-1.765596144028e+13	-3.531192288056e+13	0.06173195695643	1	1	1	-1
6740000	1	1.25304849338e+15	-1.763300669604e+13	-3.526601339208e+13	0.06212730508608	1	1	1	-1
6760000	1	1.253422186991e+15	-1.760992217109e+13	-3.521984434217e+13	0.06252362750429	1	1	1	-1
6780000	1	1.253798259782e+15	-1.758670691366e+13	-3.517341382733e+13	0.06292091233795	1	1	1	-1
6800000	1	1.25417671749e+15	-1.756336006592e+13	-3.512672013184e+13	0.06331914790441	1	1	1	-1
6820000	1	1.254557565779e+15	-1.753988085813e+13	-3.507976171626e+13	0.06371832270495	1	1	1	-1
6840000	1	1.254940810248e+15	-1.751626860337e+13	-3.503253720674e+13	0.06411842541803	1	1	1	-1
6860000	1	1.255326456426e+15	-1.749252269258e+13	-3.498504538516e+13	0.06451944489219	1	1	1	-1
6880000	1	1.255714509777e+15	-1.746864259003e+13	-3.493728518005e+13	0.06492137013896	1	1	1	-1
6900000	1	1.2561049757e+15	-1.744462782908e+13	-3.488925565817e+13	0.06532419032566	1	1	1	-1
6920000	1	1.256497859527e+15	-1.742047800833e+13	-3.484095601666e+13	0.06572789476835	1	1	1	-1
6940000	1	1.256893166531e+15	-1.739619278795e+13	-3.47923855759e+13	0.06613247292476	1	1	1	-1
6960000	1	1.257290901917e+15	-1.737177188635e+13	-3.47435437727e+13	0.06653791438739	1	1	1	-1
6980000	1	1.257691070832e+15	-1.734721507708e+13	-3.469443015417e+13	0.06694420887679	1	1	1	-1
7000000	1	1.258093678359e+15	-1.732252218592e+13	-3.464504437183e+13	0.067351346235	1	1	1	-1
7020000	1	1.258498729522e+15	-1.729769308816e+13	-3.459538617631e+13	0.0677593164192	1	1	1	-1
7040000	1	1.258906229285e+15	-1.727272770614e+13	-3.454545541228e+13	0.06816810949553	1	1	1	-1
7060000	1	1.259316182551e+15	-1.724762600689e+13	-3.449525201377e+13	0.06857771563321	1	1	1	-1
7080000	1	1.259728594167e+15	-1.722238799992e+13	-3.444477599985e+13	0.06898812509878	1	1	1	-1
7100000	1	1.260143468921e+15	-1.719701373525e+13	-3.43940274705e+13	0.06939932825069	1	1	1	-1
7120000	1	1.260560811543e+15	-1.717150330142e+13	-3.434300660285e+13	0.06981131553397	1	1	1	-1
7140000	1	1.260980626705e+15	-1.714585682379e+13	-3.429171364758e+13	0.07022407747527	1	1	1	-1
7160000	1	1.261402919024e+15	-1.712007446281e+13	-3.424014892563e+13	0.07063760467798	1	1	1	-1
7180000	1	1.261827693061e+15	-1.709415641251e+13	-3.418831282502e+13	0.07105188781771	1	1	1	-1
7200000	1	1.26225495332e+15	-1.706810289898e+13	-3.413620579797e+13	0.07146691763784	1	1	1	-1
7220000	1	1.262684704251e+15	-1.704191417906e+13	-3.408382835811e+13	0.07188268494537	1	1	1	-1
7240000	1	1.263116950248e+15	-1.701559053897e+13	-3.403118107794e+13	0.07229918060693	1	1	1	-1
7260000	1	1.263551695651e+15	-1.698913229317e+13	-3.397826458635e+13	0.072716395545	1	1	1	-1
7280000	1	1.263988944746e+15	-1.696253978319e+13	-3.392507956637e+13	0.0731343207343	1	1	1	-1
7300000	1	1.264428701764e+15	-1.693581337652e+13	-3.387162675303e+13	0.07355294719834	1	1	1	-1
7320000	1	1.264870970883e+15	-1.690895346564e+13	-3.381790693129e+13	0.0739722660062	1	1	1	-1
7340000	1	1.265315756228e+15	-1.688196046707e+13	-3.376392093413e+13	0.07439226826942	1	1	1	-1
7360000	1	1.26576306187e+15	-1.68548348204e+13	-3.37096696408e+13	0.07481294513907	1	1	1	-1
7380000	1	1.266212891827e+15	-1.682757698751e+13	-3.365515397502e+13	0.07523428780296	1	1	1	-1
7400000	1	1.266665250065e+15	-1.680018745173e+13	-3.360037490347e+13	0.07565628748303	1	1	1	-1
7420000	1	1.267120140498e+15	-1.677266671708e+13	-3.354533343415e+13	0.07607893543279	1	1	1	-1
7440000	1	1.267577566986e+15	-1.674501530752e+13	-3.349003061504e+13	0.07650222293505	1	1	1	-1
7460000	1	1.268037533337e+15	-1.671723376632e+13	-3.343446753265e+13	0.07692614129958	1	1	1	-1
7480000	1	1.268500043309e+15	-1.668932265536e+13	-3.337864531072e+13	0.07735068186105	1	1	1	-1
7500000	1	1.268965100605e+15	-1.666128255452e+13	-3.332256510903e+13	0.07777583597705	1	1	1	-1
7520000	1	1.269432708879e+15	-1.66331140611e+13	-3.32662281222e+13	0.07820159502611	1	1	1	-1
7540000	1	1.269902871733e+15	-1.660481778927e+13	-3.320963557853e+13	0.078627950406	1	1	1	-1
7560000	1	1.270375592715e+15	-1.65763943695e+13	-3.3152788739e+13	0.07905489353202	1	1	1	-1
7580000	1	1.270850875324e+15	-1.65478444481e+13	-3.30956888962e+13	0.07948241583539	1	1	1	-1
7600000	1	1.271328723008e+15	-1.651916868669e+13	-3.303833737339e+13	0.07991050876175	1	1	1	-1
7620000	1	1.271809139161e+15	-1.649036776177e+13	-3.298073552354e+13	0.0803391637698	1	1	1	-1
7640000	1	1.272292127129e+15	-1.646144236424e+13	-3.292288472849e+13	0.08076837232992	1	1	1	-1
7660000	1	1.272777690205e+15	-1.643239319903e+13	-3.286478639806e+13	0.08119812592296	1	1	1	-1
7680000	1	1.273265831632e+15	-1.640322098464e+13	-3.280644196928e+13	0.08162841603904	1	1	1	-1
7700000	1	1.2737565546e+15	-1.637392645278e+13	-3.274785290555e+13	0.08205923417648	1	1	1	-1
7720000	1	1.274249862251e+15	-1.634451034798e+13	-3.268902069596e+13	0.08249057184077	1	1	1	-1
7740000	1	1.274745757673e+15	-1.631497342727e+13	-3.262994685454e+13	0.0829224205436	1	1	1	-1
7760000	1	1.275244243906e+15	-1.628531645978e+13	-3.257063291955e+13	0.08335477180196	1	1	1	-1
7780000	1	1.275745323938e+15	-1.625554022644e+13	-3.251108045288e+13	0.08378761713733	1	1	1	-1
7800000	1	1.276249000705e+15	-1.622564551966e+13	-3.245129103933e+13	0.08422094807488	1	1	1	-1
7820000	1	1.276755277093e+15	-1.619563314303e+13	-3.239126628607e+13	0.08465475614277	1	1	1	-1
7840000	1	1.277264155938e+15	-1.6165503911e+13	-3.233100782199e+13	0.08508903287145	1	1	1	-1
7860000	1	1.277775640025e+15	-1.613525864859e+13	-3.227051729717e+13	0.08552376979309	1	1	1	-1
7880000	1	1.278289732088e+15	-1.610489819115e+13	-3.22097963823e+13	0.08595895844098	1	1	1	-1
7900000	1	1.278806434809e+15	-1.607442338406e+13	-3.214884676812e+13	0.08639459034902	1	1	1	-1
7920000	1	1.279325750821e+15	-1.604383508248e+13	-3.208767016496e+13	0.08683065705124	1	1	1	-1
7940000	1	1.279847682705e+15	-1.60131341511e+13	-3.20262683022e+13	0.08726715008139	1	1	1	-1
7960000	1	1.280372232993e+15	-1.598232146389e+13	-3.196464292778e+13	0.08770406097252	1	1	1	-1
7980000	1	1.280899404164e+15	-1.595139790386e+13	-3.190279580772e+13	0.08814138125666	1	1	1	-1
8000000	1	1.281429198648e+15	-1.592036436285e+13	-3.184072872569e+13	0.08857910246448	1	1	1	-1
8020000	1	1.281961618822e+15	-1.588922174127e+13	-3.177844348253e+13	0.08901721612503	1	1	1	-1
8040000	1	1.282496667016e+15	-1.585797094791e+13	-3.171594189582e+13	0.0894557137655	1	1	1	-1
8060000	1	1.283034345505e+15	-1.582661289973e+13	-3.165322579947e+13	0.08989458691101	1	1	1	-1
8080000	1	1.283574656516e+15	-1.579514852163e+13	-3.159029704327e+13	0.09033382708446	1	1	1	-1
8100000	1	1.284117602224e+15	-1.576357874626e+13	-3.152715749252e+13	0.09077342580631	1	1	1	-1
8120000	1	1.284663184754e+15	-1.573190451381e+13	-3.146380902762e+13	0.09121337459459	1	1	1	-1
8140000	1	1.285211406178e+15	-1.570012677183e+13	-3.140025354367e+13	0.09165366496469	1	1	1	-1
8160000	1	1.28576226852e+15	-1.566824647505e+13	-3.13364929501e+13	0.09209428842939	1	1	1	-1
8180000	1	1.286315773751e+15	-1.563626458515e+13	-3.12725291703e+13	0.09253523649881	1	1	1	-1
8200000	1	1.286871923792e+15	-1.560418207063e+13	-3.120836414126e+13	0.09297650068037	1	1	1	-1
8220000	1	1.287430720512e+15	-1.55719999066e+13	-3.114399981319e+13	0.09341807247886	1	1	1	-1
8240000	1	1.287992165732e+15	-1.553971907459e+13	-3.107943814918e+13	0.09385994339646	1	1	1	-1
8260000	1	1.288556261219e+15	-1.550734056243e+13	-3.101468112487e+13	0.0943021049328	1	1	1	-1
8280000	1	1.289123008689e+15	-1.547486536403e+13	-3.094973072807e+13	0.09474454858506	1	1	1	-1
8300000	1	1.28969240981e+15	-1.544229447923e+13	-3.088458895847e+13	0.09518726584809	1	1	1	-1
8320000	1	1.290264466195e+15	-1.540962891364e+13	-3.081925782728e+13	0.0956302482145	1	1	1	-1
8340000	1	1.290839179409e+15	-1.537686967845e+13	-3.07537393569e+13	0.09607348717487	1	1	1	-1
8360000	1	1.291416550966e+15	-1.534401779032e+13	-3.068803558064e+13	0.09651697421787	1	1	1	-1
8380000	1	1.291996582326e+15	-1.531107427117e+13	-3.062214854235e+13	0.09696070083045	1	1	1	-1
8400000	1	1.292579274901e+15	-1.527804014807e+13	-3.055608029613e+13	0.09740465849805	1	1	1	-1
8420000	1	1.29316463005e+15	-1.524491645302e+13	-3.048983290604e+13	0.09784883870485	1	1	1	-1
8440000	1	1.293752649083e+15	-1.521170422287e+13	-3.042340844574e+13	0.09829323293395	1	1	1	-1
8460000	1	1.294343333257e+15	-1.517840449913e+13	-3.035680899825e+13	0.09873783266764	1	1	1	-1
8480000	1	1.294936683779e+15	-1.51450183278e+13	-3.02900366556e+13	0.09918262938769	1	1	1	-1
8500000	1	1.295532701804e+15	-1.511154675928e+13	-3.022309351857e+13	0.09962761457558	1	1	1	-1
8520000	1	1.296131388437e+15	-1.507799084817e+13	-3.015598169634e+13	0.1000727797128	1	1	1	-1
8540000	1	1.296732744731e+15	-1.504435165313e+13	-3.008870330626e+13	0.1005181162813	1	1	1	-1
8560000	1	1.297336771689e+15	-1.501063023676e+13	-3.002126047352e+13	0.1009636157634	1	1	1	-1
8580000	1	1.297943470261e+15	-1.497682766544e+13	-2.995365533088e+13	0.1014092696426	1	1	1	-1
8600000	1	1.298552841349e+15	-1.494294500917e+13	-2.988589001834e+13	0.1018550694037	1	1	1	-1
8620000	1	1.2991648858e+15	-1.490898334146e+13	-2.981796668291e+13	0.1023010065329	1	1	1	-1
8640000	1	1.299779604414e+15	-1.487494373916e+13	-2.974988747831e+13	0.1027470725187	1	1	1	-1
8660000	1	1.300396997938e+15	-1.484082728233e+13	-2.968165456465e+13	0.1031932588517	1	1	1	-1
8680000	1	1.301017067067e+15	-1.48066350541e+13	-2.961327010819e+13	0.1036395570252	1	1	1	-1
8700000	1	1.301639812446e+15	-1.477236814052e+13	-2.954473628103e+13	0.1040859585359	1	1	1	-1
8720000	1	1.30226523467e+15	-1.473802763043e+13	-2.947605526086e+13	0.1045324548835	1	1	1	-1
8740000	1	1.302893334282e+15	-1.470361461532e+13	-2.940722923064e+13	0.1049790375717	1	1	1	-1
8760000	1	1.303524111774e+15	-1.466913018918e+13	-2.933826037835e+13	0.1054256981087	1	1	1	-1
8780000	1	1.304157567588e+15	-1.463457544835e+13	-2.92691508967e+13	0.1058724280068	1	1	1	-1
8800000	1	1.304793702113e+15	-1.459995149143e+13	-2.919990298286e+13	0.1063192187835	1	1	1	-1
8820000	1	1.30543251569e+15	-1.456525941908e+13	-2.913051883815e+13	0.1067660619619	1	1	1	-1
8840000	1	1.306074008607e+15	-1.453050033391e+13	-2.906100066782e+13	0.1072129490704	1	1	1	-1
8860000	1	1.306718181102e+15	-1.449567534035e+13	-2.899135068071e+13	0.1076598716438	1	1	1	-1
8880000	1	1.307365033363e+15	-1.44607855445e+13	-2.892157108899e+13	0.1081068212235	1	1	1	-1
8900000	1	1.308014565526e+15	-1.442583205396e+13	-2.885166410792e+13	0.1085537893574	1	1	1	-1
8920000	1	1.308666777676e+15	-1.439081597776e+13	-2.878163195552e+13	0.1090007676011	1	1	1	-1
8940000	1	1.309321669851e+15	-1.435573842614e+13	-2.871147685229e+13	0.1094477475175	1	1	1	-1
8960000	1	1.309979242033e+15	-1.432060051049e+13	-2.864120102098e+13	0.1098947206776	1	1	1	-1
8980000	1	1.310639494158e+15	-1.428540334313e+13	-2.857080668625e+13	0.1103416786607	1	1	1	-1
9000000	1	1.311302426108e+15	-1.425014803722e+13	-2.850029607444e+13	0.1107886130546	1	1	1	-1
9020000	1	1.311968037719e+15	-1.421483570662e+13	-2.842967141325e+13	0.1112355154563	1	1	1	-1
9040000	1	1.312636328772e+15	-1.417946746573e+13	-2.835893493146e+13	0.1116823774718	1	1	1	-1
9060000	1	1.313307299e+15	-1.414404442933e+13	-2.828808885866e+13	0.1121291907169	1	1	1	-1
9080000	1	1.313980948085e+15	-1.410856771249e+13	-2.821713542498e+13	0.112575946817	1	1	1	-1
9100000	1	1.314657275661e+15	-1.407303843038e+13	-2.814607686077e+13	0.1130226374076	1	1	1	-1
9120000	1	1.315336281309e+15	-1.403745769816e+13	-2.807491539633e+13	0.1134692541346	1	1	1	-1
9140000	1	1.316017964561e+15	-1.400182663081e+13	-2.800365326162e+13	0.1139157886543	1	1	1	-1
9160000	1	1.316702324899e+15	-1.396614634299e+13	-2.793229268599e+13	0.1143622326335	1	1	1	-1
9180000	1	1.317389361756e+15	-1.393041794893e+13	-2.786083589786e+13	0.1148085777501	1	1	1	-1
9200000	1	1.318079074514e+15	-1.389464256224e+13	-2.778928512447e+13	0.1152548156927	1	1	1	-1
9220000	1	1.318771462505e+15	-1.385882129578e+13	-2.771764259156e+13	0.115700938161	1	1	1	-1
9240000	1	1.319466525012e+15	-1.382295526154e+13	-2.764591052309e+13	0.1161469368655	1	1	1	-1
9260000	1	1.320164261269e+15	-1.378704557048e+13	-2.757409114095e+13	0.1165928035282	1	1	1	-1
9280000	1	1.320864670458e+15	-1.375109333235e+13	-2.75021866647e+13	0.1170385298818	1	1	1	-1
9300000	1	1.321567751714e+15	-1.371509965562e+13	-2.743019931124e+13	0.11748410767	1	1	1	-1
9320000	1	1.322273504121e+15	-1.367906564727e+13	-2.735813129454e+13	0.1179295286474	1	1	1	-1
9340000	1	1.322981926715e+15	-1.364299241268e+13	-2.728598482537e+13	0.1183747845794	1	1	1	-1
9360000	1	1.32369301848e+15	-1.36068810555e+13	-2.721376211101e+13	0.1188198672418	1	1	1	-1
9380000	1	1.324406778354e+15	-1.357073267748e+13	-2.714146535496e+13	0.1192647684207	1	1	1	-1
9400000	1	1.325123205224e+15	-1.353454837834e+13	-2.706909675669e+13	0.1197094799123	1	1	1	-1
9420000	1	1.325842297928e+15	-1.349832925566e+13	-2.699665851132e+13	0.1201539935226	1	1	1	-1
9440000	1	1.326564055255e+15	-1.346207640471e+13	-2.692415280942e+13	0.1205983010666	1	1	1	-1
9460000	1	1.327288475944e+15	-1.342579091835e+13	-2.68515818367e+13	0.1210423943688	1	1	1	-1
9480000	1	1.328015558687e+15	-1.338947388688e+13	-2.677894777377e+13	0.1214862652618	1	1	1	-1
9500000	1	1.328745302126e+15	-1.335312639795e+13	-2.670625279591e+13	0.1219299055866	1	1	1	-1
9520000	1	1.329477704854e+15	-1.33167495364e+13	-2.663349907281e+13	0.1223733071916	1	1	1	-1
9540000	1	1.330212765415e+15	-1.328034438418e+13	-2.656068876837e+13	0.1228164619326	1	1	1	-1
9560000	1	1.330950482305e+15	-1.324391202024e+13	-2.648782404048e+13	0.1232593616719	1	1	1	-1
9580000	1	1.33169085397e+15	-1.320745352041e+13	-2.641490704081e+13	0.1237019982781	1	1	1	-1
9600000	1	1.332433878808e+15	-1.317096995734e+13	-2.634193991467e+13	0.1241443636253	1	1	1	-1
9620000	1	1.333179555168e+15	-1.31344624004e+13	-2.62689248008e+13	0.1245864495931	1	1	1	-1
9640000	1	1.333927881351e+15	-1.309793191562e+13	-2.619586383124e+13	0.125028248066	1	1	1	-1
9660000	1	1.33467885561e+15	-1.306137956562e+13	-2.612275913123e+13	0.1254697509329	1	1	1	-1
9680000	1	1.335432476146e+15	-1.302480640955e+13	-2.604961281911e+13	0.1259109500871	1	1	1	-1
9700000	1	1.336188741115e+15	-1.298821350311e+13	-2.597642700622e+13	0.1263518374263	1	1	1	-1
9720000	1	1.336947648623e+15	-1.295160189845e+13	-2.590320379691e+13	0.1267924048523	1	1	1	-1
9740000	1	1.337709196728e+15	-1.291497264424e+13	-2.582994528847e+13	0.1272326442714	1	1	1	-1
9760000	1	1.338473383438e+15	-1.287832678561e+13	-2.575665357122e+13	0.1276725475947	1	1	1	-1
9780000	1	1.339240206714e+15	-1.284166536427e+13	-2.568333072853e+13	0.128112106739	1	1	1	-1
9800000	1	1.340009664469e+15	-1.280498941846e+13	-2.560997883693e+13	0.1285513136273	1	1	1	-1
9820000	1	1.340781754566e+15	-1.276829998311e+13	-2.553659996623e+13	0.1289901601901	1	1	1	-1
9840000	1	1.34155647482e+15	-1.273159808987e+13	-2.546319617973e+13	0.1294286383674	1	1	1	-1
9860000	1	1.342333822999e+15	-1.269488476722e+13	-2.538976953445e+13	0.1298667401099	1	1	1	-1
9880000	1	1.343113796821e+15	-1.265816104067e+13	-2.531632208134e+13	0.130304457382	1	1	1	-1
9900000	1	1.343896393957e+15	-1.262142793283e+13	-2.524285586567e+13	0.130741782164	1	1	1	-1
9920000	1	1.34468161203e+15	-1.258468646366e+13	-2.516937292731e+13	0.131178706456	1	1	1	-1
9940000	1	1.345469448614e+15	-1.25479376506e+13	-2.509587530121e+13	0.131615222281	1	1	1	-1
9960000	1	1.346259901238e+15	-1.251118250889e+13	-2.502236501777e+13	0.13205132169	1	1	1	-1
9980000	1	1.347052967379e+15	-1.247442205169e+13	-2.494884410338e+13	0.1324869967659	1	1	1	-1
10000000	1	1.34784864447e+15	-1.243765729046e+13	-2.487531458091e+13	0.1329222396297	1	1	1	-1
10020000	1	1.348646929897e+15	-1.240088923514e+13	-2.480177847027e+13	0.1333570424462	1	1	1	-1
10040000	1	1.349447820997e+15	-1.23641188945e+13	-2.472823778901e+13	0.1337913974302	1	1	1	-1
10060000	1	1.350251315062e+15	-1.232734727645e+13	-2.46546945529e+13	0.1342252968537	1	1	1	-1
10080000	1	1.351057409338e+15	-1.229057538828e+13	-2.458115077656e+13	0.1346587330535	1	1	1	-1
10100000	1	1.351866101024e+15	-1.225380423705e+13	-2.45076084741e+13	0.1350916984385	1	1	1	-1
10120000	1	1.352677387275e+15	-1.221703482986e+13	-2.443406965971e+13	0.135524185498	1	1	1	-1
10140000	1	1.353491265201e+15	-1.218026817415e+13	-2.436053634831e+13	0.1359561868101	1	1	1	-1
10160000	1	1.354307731867e+15	-1.214350527804e+13	-2.428701055607e+13	0.1363876950499	1	1	1	-1
10180000	1	1.355126784295e+15	-1.210674715052e+13	-2.421349430103e+13	0.1368187029981	1	1	1	-1
10200000	1	1.355948419464e+15	-1.206999480176e+13	-2.413998960352e+13	0.1372492035488	1	1	1	-1
10220000	1	1.35677263431e+15	-1.203324924332e+13	-2.406649848663e+13	0.1376791897172	1	1	1	-1
10240000	1	1.35759942573e+15	-1.199651148828e+13	-2.399302297657e+13	0.1381086546476	1	1	1	-1
10260000	1	1.358428790577e+15	-1.195978255144e+13	-2.391956510288e+13	0.138537591619	1	1	1	-1
10280000	1	1.359260725666e+15	-1.192306344934e+13	-2.384612689867e+13	0.1389659940516	1	1	1	-1
10300000	1	1.360095227773e+15	-1.188635520029e+13	-2.377271040059e+13	0.1393938555113	1	1	1	-1
10320000	1	1.360932293635e+15	-1.184965882439e+13	-2.369931764878e+13	0.139821169713	1	1	1	-1
10340000	1	1.361771919953e+15	-1.181297534334e+13	-2.362595068668e+13	0.140247930523	1	1	1	-1
10360000	1	1.36261410339e+15	-1.177630578033e+13	-2.355261156067e+13	0.1406741319597	1	1	1	-1
10380000	1	1.363458840575e+15	-1.173965115977e+13	-2.347930231955e+13	0.141099768193	1	1	1	-1
10400000	1	1.364306128102e+15	-1.170301250697e+13	-2.340602501394e+13	0.1415248335415	1	1	1	-1
10420000	1	1.365155962532e+15	-1.166639084774e+13	-2.333278169549e+13	0.141949322469	1	1	1	-1
10440000	1	1.366008340391e+15	-1.162978720798e+13	-2.325957441595e+13	0.1423732295785	1	1	1	-1
10460000	1	1.366863258176e+15	-1.159320261308e+13	-2.318640522616e+13	0.1427965496051	1	1	1	-1
10480000	1	1.367720712352e+15	-1.155663808741e+13	-2.311327617482e+13	0.1432192774077	1	1	1	-1
10500000	1	1.368580699351e+15	-1.152009465362e+13	-2.304018930723e+13	0.1436414079587	1	1	1	-1
10520000	1	1.369443215579e+15	-1.148357333197e+13	-2.296714666395e+13	0.144062936333	1	1	1	-1
10540000	1	1.370308257409e+15	-1.144707513964e+13	-2.289415027927e+13	0.144483857696	1	1	1	-1
10560000	1	1.37117582119e+15	-1.141060108989e+13	-2.282120217978e+13	0.144904167291	1	1	1	-1
10580000	1	1.372045903237e+15	-1.137415219137e+13	-2.274830438274e+13	0.1453238604256	1	1	1	-1
10600000	1	1.372918499841e+15	-1.133772944729e+13	-2.267545889458e+13	0.1457429324588	1	1	1	-1
10620000	1	1.373793607265e+15	-1.130133385464e+13	-2.260266770927e+13	0.1461613787874	1	1	1	-1
10640000	1	1.374671221742e+15	-1.126496640342e+13	-2.252993280684e+13	0.1465791948329	1	1	1	-1
10660000	1	1.37555133948e+15	-1.122862807592e+13	-2.245725615184e+13	0.1469963760294	1	1	1	-1
10680000	1	1.376433956659e+15	-1.119231984596e+13	-2.238463969192e+13	0.1474129178117	1	1	1	-1
10700000	1	1.377319069432e+15	-1.115604267826e+13	-2.231208535651e+13	0.1478288156047	1	1	1	-1
10720000	1	1.378206673923e+15	-1.111979752778e+13	-2.223959505556e+13	0.1482440648144	1	1	1	-1
10740000	1	1.37909676623e+15	-1.108358533918e+13	-2.216717067836e+13	0.1486586608193	1	1	1	-1
10760000	1	1.379989342421e+15	-1.10474070463e+13	-2.209481409259e+13	0.1490725989639	1	1	1	-1
10780000	1	1.38088439854e+15	-1.10112635717e+13	-2.20225271434e+13	0.1494858745537	1	1	1	-1
10800000	1	1.381781930598e+15	-1.097515582632e+13	-2.195031165265e+13	0.149898482851	1	1	1	-1
10820000	1	1.382681934582e+15	-1.093908470915e+13	-2.187816941831e+13	0.1503104190734	1	1	1	-1
10840000	1	1.383584406445e+15	-1.090305110699e+13	-2.180610221398e+13	0.1507216783922	1	1	1	-1
10860000	1	1.384489342117e+15	-1.086705589427e+13	-2.173411178855e+13	0.1511322559336	1	1	1	-1
10880000	1	1.385396737493e+15	-1.083109993299e+13	-2.166219986597e+13	0.15154214678	1	1	1	-1
10900000	1	1.386306588441e+15	-1.079518407259e+13	-2.159036814519e+13	0.1519513459735	1	1	1	-1
10920000	1	1.3872188908e+15	-1.075930915007e+13	-2.151861830014e+13	0.1523598485192	1	1	1	-1
10940000	1	1.388133640378e+15	-1.072347598995e+13	-2.144695197989e+13	0.1527676493905	1	1	1	-1
10960000	1	1.389050832953e+15	-1.068768540445e+13	-2.13753708089e+13	0.1531747435341	1	1	1	-1
10980000	1	1.38997046427e+15	-1.065193819363e+13	-2.130387638725e+13	0.1535811258764	1	1	1	-1
11000000	1	1.390892530049e+15	-1.061623514556e+13	-2.123247029111e+13	0.1539867913298	1	1	1	-1
11020000	1	1.391817025974e+15	-1.058057703657e+13	-2.116115407314e+13	0.1543917347992	1	1	1	-1
11040000	1	1.392743947703e+15	-1.054496463148e+13	-2.108992926296e+13	0.154795951189	1	1	1	-1
11060000	1	1.393673290859e+15	-1.050939868388e+13	-2.101879736776e+13	0.1551994354099	1	1	1	-1
11080000	1	1.394605051038e+15	-1.047387993639e+13	-2.094775987278e+13	0.1556021823853	1	1	1	-1
11100000	1	1.395539223804e+15	-1.043840912098e+13	-2.087681824196e+13	0.1560041870583	1	1	1	-1
11120000	1	1.396475804692e+15	-1.040298695924e+13	-2.080597391849e+13	0.1564054443977	1	1	1	-1
11140000	1	1.397414789206e+15	-1.036761416271e+13	-2.073522832541e+13	0.156805949404	1	1	1	-1
11160000	1	1.398356172819e+15	-1.033229143313e+13	-2.066458286626e+13	0.1572056971149	1	1	1	-1
11180000	1	1.399299950976e+15	-1.029701946279e+13	-2.059403892557e+13	0.1576046826106	1	1	1	-1
11200000	1	1.400246119093e+15	-1.026179893476e+13	-2.052359786952e+13	0.1580029010188	1	1	1	-1
11220000	1	1.401194672556e+15	-1.02266305232e+13	-2.045326104641e+13	0.1584003475184	1	1	1	-1
11240000	1	1.402145606722e+15	-1.019151489362e+13	-2.038302978724e+13	0.1587970173438	1	1	1	-1
11260000	1	1.403098916921e+15	-1.01564527031e+13	-2.031290540619e+13	0.1591929057885	1	1	1	-1
11280000	1	1.404054598452e+15	-1.012144460055e+13	-2.02428892011e+13	0.1595880082076	1	1	1	-1
11300000	1	1.40501264659e+15	-1.008649122693e+13	-2.017298245387e+13	0.1599823200207	1	1	1	-1
11320000	1	1.405973056581e+15	-1.005159321546e+13	-2.010318643093e+13	0.1603758367141	1	1	1	-1
11340000	1	1.406935823644e+15	-1.001675119179e+13	-2.003350238358e+13	0.1607685538428	1	1	1	-1
11360000	1	1.407900942971e+15	-9981965774180	-1.996393154836e+13	0.1611604670314	1	1	1	-1
11380000	1	1.40886840973e+15	-9947237573680	-1.989447514736e+13	0.1615515719761	1	1	1	-1
11400000	1	1.409838219062e+15	-9912567194254	-1.982513438851e+13	0.1619418644447	1	1	1	-1
11420000	1	1.410810366082e+15	-9877955232920	-1.975591046584e+13	0.1623313402782	1	1	1	-1
11440000	1	1.411784845882e+15	-9843402279864	-1.968680455973e+13	0.1627199953902	1	1	1	-1
11460000	1	1.412761653529e+15	-9808908918547	-1.961781783709e+13	0.1631078257679	1	1	1	-1
11480000	1	1.413740784066e+15	-9774475725799	-1.95489514516e+13	0.1634948274716	1	1	1	-1
11500000	1	1.414722232513e+15	-9740103271897	-1.948020654379e+13	0.1638809966349	1	1	1	-1
11520000	1	1.415705993867e+15	-9705792120637	-1.941158424127e+13	0.164266329464	1	1	1	-1
11540000	1	1.416692063101e+15	-9671542829398	-1.93430856588e+13	0.1646508222377	1	1	1	-1
11560000	1	1.417680435169e+15	-9637355949192	-1.927471189838e+13	0.1650344713066	1	1	1	-1
11580000	1	1.418671105e+15	-9603232024709	-1.920646404942e+13	0.1654172730929	1	1	1	-1
11600000	1	1.419664067504e+15	-9569171594355	-1.913834318871e+13	0.1657992240892	1	1	1	-1
11620000	1	1.42065931757e+15	-9535175190283	-1.907035038057e+13	0.1661803208584	1	1	1	-1
11640000	1	1.421656850065e+15	-9501243338417	-1.900248667683e+13	0.1665605600323	1	1	1	-1
11660000	1	1.422656659837e+15	-9467376558472	-1.893475311694e+13	0.1669399383115	1	1	1	-1
11680000	1	1.423658741715e+15	-9433575363970	-1.886715072794e+13	0.1673184524642	1	1	1	-1
11700000	1	1.424663090509e+15	-9399840262251	-1.87996805245e+13	0.1676960993255	1	1	1	-1
11720000	1	1.425669701008e+15	-9366171754481	-1.873234350896e+13	0.1680728757967	1	1	1	-1
11740000	1	1.426678567986e+15	-9332570335658	-1.866514067132e+13	0.1684487788444	1	1	1	-1
11760000	1	1.427689686195e+15	-9299036494610	-1.859807298922e+13	0.1688238054997	1	1	1	-1
11780000	1	1.428703050373e+15	-9265570714005	-1.853114142801e+13	0.1691979528573	1	1	1	-1
11800000	1	1.429718655239e+15	-9232173470340	-1.846434694068e+13	0.1695712180751	1	1	1	-1
11820000	1	1.430736495495e+15	-9198845233946	-1.839769046789e+13	0.169943598373	1	1	1	-1
11840000	1	1.431756565828e+15	-9165586468981	-1.833117293796e+13	0.1703150910326	1	1	1	-1
11860000	1	1.432778860907e+15	-9132397633427	-1.826479526685e+13	0.170685693396	1	1	1	-1
11880000	1	1.433803375386e+15	-9099279179088	-1.819855835818e+13	0.1710554028656	1	1	1	-1
11900000	1	1.434830103905e+15	-9066231551583	-1.813246310317e+13	0.171424216903	1	1	1	-1
11920000	1	1.435859041086e+15	-9033255190345	-1.806651038069e+13	0.1717921330285	1	1	1	-1
11940000	1	1.436890181538e+15	-9000350528612	-1.800070105722e+13	0.1721591488206	1	1	1	-1
11960000	1	1.437923519857e+15	-8967517993430	-1.793503598686e+13	0.1725252619152	1	1	1	-1
11980000	1	1.438959050623e+15	-8934758005642	-1.786951601128e+13	0.1728904700051	1	1	1	-1
12000000	1	1.439996768403e+15	-8902070979895	-1.780414195979e+13	0.1732547708394	1	1	1	-1
12020000	1	1.44103666775e+15	-8869457324630	-1.773891464926e+13	0.1736181622228	1	1	1	-1
12040000	1	1.442078743205e+15	-8836917442086	-1.767383488417e+13	0.1739806420153	1	1	1	-1
12060000	1	1.443122989296e+15	-8804451728299	-1.76089034566e+13	0.1743422081317	1	1	1	-1
12080000	1	1.444169400539e+15	-8772060573101	-1.75441211462e+13	0.1747028585407	1	1	1	-1
12100000	1	1.445217971437e+15	-8739744360125	-1.747948872025e+13	0.1750625912648	1	1	1	-1
12120000	1	1.446268696483e+15	-8707503466808	-1.741500693362e+13	0.1754214043797	1	1	1	-1
12140000	1	1.447321570156e+15	-8675338264394	-1.735067652879e+13	0.1757792960139	1	1	1	-1
12160000	1	1.448376586926e+15	-8643249117937	-1.728649823587e+13	0.1761362643481	1	1	1	-1
12180000	1	1.449433741252e+15	-8611236386312	-1.722247277262e+13	0.176492307615	1	1	1	-1
12200000	1	1.450493027582e+15	-8579300422223	-1.715860084445e+13	0.1768474240985	1	1	1	-1
12220000	1	1.451554440355e+15	-8547441572204	-1.709488314441e+13	0.1772016121337	1	1	1	-1
12240000	1	1.452617973998e+15	-8515660176639	-1.703132035328e+13	0.1775548701063	1	1	1	-1
12260000	1	1.453683622931e+15	-8483956569765	-1.696791313953e+13	0.1779071964521	1	1	1	-1
12280000	1	1.454751381562e+15	-8452331079691	-1.690466215938e+13	0.178258589657	1	1	1	-1
12300000	1	1.455821244293e+15	-8420784028402	-1.68415680568e+13	0.178609048256	1	1	1	-1
12320000	1	1.456893205515e+15	-8389315731785	-1.677863146357e+13	0.1789585708335	1	1	1	-1
12340000	1	1.457967259613e+15	-8357926499634	-1.671585299927e+13	0.1793071560225	1	1	1	-1
12360000	1	1.459043400961e+15	-8326616635671	-1.665323327134e+13	0.1796548025042	1	1	1	-1
12380000	1	1.460121623927e+15	-8295386437566	-1.659077287513e+13	0.180001509008	1	1	1	-1
12400000	1	1.461201922873e+15	-8264236196950	-1.65284723939e+13	0.1803472743109	1	1	1	-1
12420000	1	1.46228429215e+15	-8233166199438	-1.646633239888e+13	0.1806920972371	1	1	1	-1
12440000	1	1.463368726106e+15	-8202176724647	-1.640435344929e+13	0.1810359766579	1	1	1	-1
12460000	1	1.464455219079e+15	-8171268046223	-1.634253609245e+13	0.1813789114912	1	1	1	-1
12480000	1	1.465543765404e+15	-8140440431853	-1.628088086371e+13	0.181720900701	1	1	1	-1
12500000	1	1.466634359407e+15	-8109694143301	-1.62193882866e+13	0.1820619432973	1	1	1	-1
12520000	1	1.46772699541e+15	-8079029436420	-1.615805887284e+13	0.182402038336	1	1	1	-1
12540000	1	1.468821667728e+15	-8048446561185	-1.609689312237e+13	0.1827411849178	1	1	1	-1
12560000	1	1.469918370673e+15	-8017945761715	-1.603589152343e+13	0.1830793821887	1	1	1	-1
12580000	1	1.471017098549e+15	-7987527276302	-1.59750545526e+13	0.183416629339	1	1	1	-1
12600000	1	1.472117845658e+15	-7957191337434	-1.591438267487e+13	0.1837529256037	1	1	1	-1
12620000	1	1.473220606296e+15	-7926938171829	-1.585387634366e+13	0.1840882702613	1	1	1	-1
12640000	1	1.474325374756e+15	-7896768000456	-1.579353600091e+13	0.1844226626343	1	1	1	-1
12660000	1	1.475432145326e+15	-7866681038572	-1.573336207714e+13	0.1847561020881	1	1	1	-1
12680000	1	1.47654091229e+15	-7836677495748	-1.56733549915e+13	0.1850885880315	1	1	1	-1
12700000	1	1.477651669929e+15	-7806757575900	-1.56135151518e+13	0.1854201199157	1	1	1	-1
12720000	1	1.478764412522e+15	-7776921477321	-1.555384295464e+13	0.1857506972342	1	1	1	-1
12740000	1	1.479879134344e+15	-7747169392711	-1.549433878542e+13	0.1860803195226	1	1	1	-1
12760000	1	1.480995829668e+15	-7717501509212	-1.543500301842e+13	0.186408986358	1	1	1	-1
12780000	1	1.482114492762e+15	-7687918008441	-1.537583601688e+13	0.1867366973591	1	1	1	-1
12800000	1	1.483235117897e+15	-7658419066520	-1.531683813304e+13	0.1870634521853	1	1	1	-1
12820000	1	1.484357699336e+15	-7629004854115	-1.525800970823e+13	0.1873892505369	1	1	1	-1
12840000	1	1.485482231345e+15	-7599675536465	-1.519935107293e+13	0.1877140921545	1	1	1	-1
12860000	1	1.486608708187e+15	-7570431273423	-1.514086254685e+13	0.1880379768187	1	1	1	-1
12880000	1	1.487737124123e+15	-7541272219485	-1.508254443897e+13	0.1883609043496	1	1	1	-1
12900000	1	1.488867473414e+15	-7512198523832	-1.502439704766e+13	0.1886828746071	1	1	1	-1
12920000	1	1.48999975032e+15	-7483210330360	-1.496642066072e+13	0.1890038874898	1	1	1	-1
12940000	1	1.491133949101e+15	-7454307777724	-1.490861555545e+13	0.189323942935	1	1	1	-1
12960000	1	1.492270064015e+15	-7425490999367	-1.485098199873e+13	0.1896430409185	1	1	1	-1
12980000	1	1.493408089322e+15	-7396760123562	-1.479352024712e+13	0.189961181454	1	1	1	-1
13000000	1	1.494548019282e+15	-7368115273452	-1.47362305469e+13	0.1902783645932	1	1	1	-1
13020000	1	1.495689848154e+15	-7339556567080	-1.467911313416e+13	0.1905945904247	1	1	1	-1
13040000	1	1.496833570199e+15	-7311084117436	-1.462216823487e+13	0.1909098590745	1	1	1	-1
13060000	1	1.497979179678e+15	-7282698032489	-1.456539606498e+13	0.1912241707053	1	1	1	-1
13080000	1	1.499126670853e+15	-7254398415231	-1.450879683046e+13	0.1915375255158	1	1	1	-1
13100000	1	1.500276037989e+15	-7226185363711	-1.445237072742e+13	0.1918499237412	1	1	1	-1
13120000	1	1.50142727535e+15	-7198058971078	-1.439611794216e+13	0.1921613656522	1	1	1	-1
13140000	1	1.502580377204e+15	-7170019325621	-1.434003865124e+13	0.1924718515546	1	1	1	-1
13160000	1	1.503735337819e+15	-7142066510804	-1.428413302161e+13	0.1927813817898	1	1	1	-1
13180000	1	1.504892151466e+15	-7114200605313	-1.422840121063e+13	0.1930899567333	1	1	1	-1
13200000	1	1.50605081242e+15	-7086421683089	-1.417284336618e+13	0.1933975767953	1	1	1	-1
13220000	1	1.507211314956e+15	-7058729813375	-1.411745962675e+13	0.19370424242	1	1	1	-1
13240000	1	1.508373653352e+15	-7031125060749	-1.40622501215e+13	0.1940099540852	1	1	1	-1
13260000	1	1.509537821891e+15	-7003607485173	-1.400721497035e+13	0.1943147123019	1	1	1	-1
13280000	1	1.510703814856e+15	-6976177142028	-1.395235428406e+13	0.1946185176143	1	1	1	-1
13300000	1	1.511871626538e+15	-6948834082155	-1.389766816431e+13	0.1949213705993	1	1	1	-1
13320000	1	1.513041251227e+15	-6921578351900	-1.38431567038e+13	0.1952232718661	1	1	1	-1
13340000	1	1.514212683218e+15	-6894409993152	-1.37888199863e+13	0.1955242220556	1	1	1	-1
13360000	1	1.515385916812e+15	-6867329043383	-1.373465808677e+13	0.1958242218409	1	1	1	-1
13380000	1	1.516560946312e+15	-6840335535694	-1.368067107139e+13	0.1961232719258	1	1	1	-1
13400000	1	1.517737766026e+15	-6813429498852	-1.36268589977e+13	0.1964213730457	1	1	1	-1
13420000	1	1.518916370266e+15	-6786610957332	-1.357322191466e+13	0.1967185259661	1	1	1	-1
13440000	1	1.52009675335e+15	-6759879931361	-1.351975986272e+13	0.1970147314832	1	1	1	-1
13460000	1	1.521278909599e+15	-6733236436957	-1.346647287391e+13	0.197309990423	1	1	1	-1
13480000	1	1.522462833341e+15	-6706680485973	-1.341336097195e+13	0.1976043036411	1	1	1	-1
13500000	1	1.523648518907e+15	-6680212086134	-1.336042417227e+13	0.1978976720225	1	1	1	-1
13520000	1	1.524835960635e+15	-6653831241083	-1.330766248217e+13	0.1981900964812	1	1	1	-1
13540000	1	1.526025152869e+15	-6627537950423	-1.325507590085e+13	0.1984815779597	1	1	1	-1
13560000	1	1.527216089957e+15	-6601332209755	-1.320266441951e+13	0.198772117429	1	1	1	-1
13580000	1	1.528408766255e+15	-6575214010720	-1.315042802144e+13	0.1990617158878	1	1	1	-1
13600000	1	1.529603176123e+15	-6549183341044	-1.309836668209e+13	0.1993503743626	1	1	1	-1
13620000	1	1.530799313928e+15	-6523240184577	-1.304648036915e+13	0.1996380939073	1	1	1	-1
13640000	1	1.531997174044e+15	-6497384521333	-1.299476904267e+13	0.1999248756026	1	1	1	-1
13660000	1	1.53319675085e+15	-6471616327536	-1.294323265507e+13	0.2002107205559	1	1	1	-1
13680000	1	1.534398038735e+15	-6445935575657	-1.289187115131e+13	0.200495629901	1	1	1	-1
13700000	1	1.535601032091e+15	-6420342234457	-1.284068446891e+13	0.2007796047975	1	1	1	-1
13720000	1	1.536805725319e+15	-6394836269029	-1.278967253806e+13	0.2010626464309	1	1	1	-1
13740000	1	1.538012112828e+15	-6369417640837	-1.273883528167e+13	0.2013447560118	1	1	1	-1
13760000	1	1.539220189031e+15	-6344086307760	-1.268817261552e+13	0.201625934776	1	1	1	-1
13780000	1	1.540429948353e+15	-6318842224131	-1.263768444826e+13	0.2019061839839	1	1	1	-1
13800000	1	1.541641385223e+15	-6293685340778	-1.258737068156e+13	0.2021855049202	1	1	1	-1
13820000	1	1.54285449408e+15	-6268615605067	-1.253723121013e+13	0.2024638988938	1	1	1	-1
13840000	1	1.54406926937e+15	-6243632960940	-1.248726592188e+13	0.2027413672372	1	1	1	-1
13860000	1	1.545285705546e+15	-6218737348956	-1.243747469791e+13	0.2030179113063	1	1	1	-1
13880000	1	1.546503797071e+15	-6193928706333	-1.238785741267e+13	0.2032935324801	1	1	1	-1
13900000	1	1.547723538416e+15	-6169206966988	-1.233841393398e+13	0.2035682321604	1	1	1	-1
13920000	1	1.54894492406e+15	-6144572061578	-1.228914412316e+13	0.2038420117714	1	1	1	-1
13940000	1	1.55016794849e+15	-6120023917535	-1.224004783507e+13	0.2041148727594	1	1	1	-1
13960000	1	1.551392606204e+15	-6095562459115	-1.219112491823e+13	0.2043868165927	1	1	1	-1
13980000	1	1.552618891705e+15	-6071187607430	-1.214237521486e+13	0.2046578447609	1	1	1	-1
14000000	1	1.55384679951e+15	-6046899280491	-1.209379856098e+13	0.2049279587748	1	1	1	-1
14020000	1	1.55507632414e+15	-6022697393249	-1.20453947865e+13	0.2051971601662	1	1	1	-1
14040000	1	1.55630746013e+15	-5998581857631	-1.199716371526e+13	0.2054654504874	1	1	1	-1
14060000	1	1.55754020202e+15	-5974552582580	-1.194910516516e+13	0.2057328313111	1	1	1	-1
14080000	1	1.558774544363e+15	-5950609474098	-1.19012189482e+13	0.2059993042297	1	1	1	-1
14100000	1	1.560010481719e+15	-5926752435280	-1.185350487056e+13	0.2062648708556	1	1	1	-1
14120000	1	1.56124800866e+15	-5902981366354	-1.180596273271e+13	0.2065295328203	1	1	1	-1
14140000	1	1.562487119766e+15	-5879296164723	-1.175859232945e+13	0.2067932917745	1	1	1	-1
14160000	1	1.563727809628e+15	-5855696724999	-1.171139345e+13	0.2070561493876	1	1	1	-1
14180000	1	1.564970072847e+15	-5832182939043	-1.166436587809e+13	0.2073181073474	1	1	1	-1
14200000	1	1.566213904033e+15	-5808754696002	-1.1617509392e+13	0.20757916736	1	1	1	-1
14220000	1	1.567459297808e+15	-5785411882351	-1.15708237647e+13	0.2078393311494	1	1	1	-1
14240000	1	1.568706248803e+15	-5762154381924	-1.152430876385e+13	0.2080986004571	1	1	1	-1
14260000	1	1.569954751661e+15	-5738982075957	-1.147796415191e+13	0.2083569770418	1	1	1	-1
14280000	1	1.571204801034e+15	-5715894843123	-1.143178968625e+13	0.2086144626794	1	1	1	-1
14300000	1	1.572456391586e+15	-5692892559570	-1.138578511914e+13	0.2088710591624	1	1	1	-1
14320000	1	1.57370951799e+15	-5669975098954	-1.133995019791e+13	0.2091267682998	1	1	1	-1
14340000	1	1.574964174932e+15	-5647142332484	-1.129428466497e+13	0.2093815919167	1	1	1	-1
14360000	1	1.576220357108e+15	-5624394128948	-1.12487882579e+13	0.209635531854	1	1	1	-1
14380000	1	1.577478059225e+15	-5601730354757	-1.120346070951e+13	0.2098885899685	1	1	1	-1
14400000	1	1.578737276001e+15	-5579150873980	-1.115830174796e+13	0.2101407681319	1	1	1	-1
14420000	1	1.579998002166e+15	-5556655548375	-1.111331109675e+13	0.2103920682311	1	1	1	-1
14440000	1	1.581260232461e+15	-5534244237430	-1.106848847486e+13	0.210642492168	1	1	1	-1
14460000	1	1.582523961638e+15	-5511916798397	-1.102383359679e+13	0.2108920418586	1	1	1	-1
14480000	1	1.583789184462e+15	-5489673086323	-1.097934617265e+13	0.2111407192334	1	1	1	-1
14500000	1	1.585055895707e+15	-5467512954091	-1.093502590818e+13	0.2113885262367	1	1	1	-1
14520000	1	1.586324090161e+15	-5445436252452	-1.08908725049e+13	0.2116354648265	1	1	1	-1
14540000	1	1.587593762623e+15	-5423442830058	-1.084688566012e+13	0.2118815369744	1	1	1	-1
14560000	1	1.588864907904e+15	-5401532533497	-1.080306506699e+13	0.2121267446649	1	1	1	-1
14580000	1	1.590137520827e+15	-5379705207331	-1.075941041466e+13	0.2123710898957	1	1	1	-1
14600000	1	1.591411596226e+15	-5357960694122	-1.071592138824e+13	0.2126145746767	1	1	1	-1
14620000	1	1.592687128949e+15	-5336298834472	-1.067259766894e+13	0.2128572010306	1	1	1	-1
14640000	1	1.593964113855e+15	-5314719467055	-1.062943893411e+13	0.2130989709922	1	1	1	-1
14660000	1	1.595242545814e+15	-5293222428647	-1.058644485729e+13	0.2133398866078	1	1	1	-1
14680000	1	1.596522419711e+15	-5271807554161	-1.054361510832e+13	0.2135799499358	1	1	1	-1
14700000	1	1.597803730442e+15	-5250474676680	-1.050094935336e+13	0.2138191630456	1	1	1	-1
14720000	1	1.599086472914e+15	-5229223627490	-1.045844725498e+13	0.214057528018	1	1	1	-1
14740000	1	1.60037064205e+15	-5208054236109	-1.041610847222e+13	0.2142950469445	1	1	1	-1
14760000	1	1.601656232782e+15	-5186966330320	-1.037393266064e+13	0.2145317219275	1	1	1	-1
14780000	1	1.602943240057e+15	-5165959736206	-1.033191947241e+13	0.2147675550794	1	1	1	-1
14800000	1	1.604231658833e+15	-5145034278174	-1.029006855635e+13	0.2150025485231	1	1	1	-1
14820000	1	1.605521484083e+15	-5124189778995	-1.024837955799e+13	0.2152367043914	1	1	1	-1
14840000	1	1.60681271079e+15	-5103426059827	-1.020685211965e+13	0.2154700248266	1	1	1	-1
14860000	1	1.608105333952e+15	-5082742940251	-1.01654858805e+13	0.2157025119807	1	1	1	-1
14880000	1	1.60939934858e+15	-5062140238297	-1.012428047659e+13	0.2159341680147	1	1	1	-1
14900000	1	1.610694749695e+15	-5041617770479	-1.008323554096e+13	0.2161649950988	1	1	1	-1
14920000	1	1.611991532336e+15	-5021175351819	-1.004235070364e+13	0.2163949954119	1	1	1	-1
14940000	1	1.61328969155e+15	-5000812795883	-1.000162559177e+13	0.2166241711415	1	1	1	-1
14960000	1	1.614589222401e+15	-4980529914803	-9961059829606	0.2168525244832	1	1	1	-1
14980000	1	1.615890119965e+15	-4960326519313	-9920653038626	0.2170800576412	1	1	1	-1
15000000	1	1.617192379329e+15	-4940202418773	-9880404837547	0.217306772827	1	1	1	-1
15020000	1	1.618495995597e+15	-4920157421202	-9840314842403	0.2175326722603	1	1	1	-1
15040000	1	1.619800963884e+15	-4900191333299	-9800382666598	0.217757758168	1	1	1	-1
15060000	1	1.621107279318e+15	-4880303960480	-9760607920960	0.2179820327842	1	1	1	-1
15080000	1	1.622414937043e+15	-4860495106900	-9720990213799	0.2182054983502	1	1	1	-1
15100000	1	1.623723932214e+15	-4840764575480	-9681529150960	0.2184281571141	1	1	1	-1
15120000	1	1.62503426e+15	-4821112167939	-9642224335878	0.2186500113306	1	1	1	-1
15140000	1	1.626345915584e+15	-4801537684818	-9603075369636	0.2188710632609	1	1	1	-1
15160000	1	1.627658894162e+15	-4782040925505	-9564081851010	0.2190913151722	1	1	1	-1
15180000	1	1.628973190945e+15	-4762621688266	-9525243376531	0.219310769338	1	1	1	-1
15200000	1	1.630288801157e+15	-4743279770267	-9486559540533	0.2195294280375	1	1	1	-1
15220000	1	1.631605720033e+15	-4724014967603	-9448029935205	0.2197472935555	1	1	1	-1
15240000	1	1.632923942827e+15	-4704827075322	-9409654150644	0.2199643681824	1	1	1	-1
15260000	1	1.634243464802e+15	-4685715887452	-9371431774905	0.2201806542137	1	1	1	-1
15280000	1	1.635564281237e+15	-4666681197025	-9333362394051	0.22039615395	1	1	1	-1
15300000	1	1.636886387424e+15	-4647722796103	-9295445592205	0.2206108696967	1	1	1	-1
15320000	1	1.63820977867e+15	-4628840475800	-9257680951600	0.220824803764	1	1	1	-1
15340000	1	1.639534450295e+15	-4610034026311	-9220068052623	0.2210379584666	1	1	1	-1
15360000	1	1.640860397632e+15	-4591303236934	-9182606473869	0.2212503361234	1	1	1	-1
15380000	1	1.64218761603e+15	-4572647896093	-9145295792187	0.2214619390576	1	1	1	-1
15400000	1	1.643516100851e+15	-4554067791364	-9108135582727	0.2216727695963	1	1	1	-1
15420000	1	1.64484584747e+15	-4535562709495	-9071125418990	0.2218828300703	1	1	1	-1
15440000	1	1.646176851277e+15	-4517132436434	-9034264872868	0.2220921228142	1	1	1	-1
15460000	1	1.647509107676e+15	-4498776757348	-8997553514697	0.2223006501658	1	1	1	-1
15480000	1	1.648842612085e+15	-4480495456650	-8960990913299	0.2225084144665	1	1	1	-1
15500000	1	1.650177359936e+15	-4462288318015	-8924576636030	0.2227154180605	1	1	1	-1
15520000	1	1.651513346674e+15	-4444155124410	-8888310248819	0.222921663295	1	1	1	-1
15540000	1	1.65285056776e+15	-4426095658109	-8852191316219	0.2231271525202	1	1	1	-1
15560000	1	1.654189018668e+15	-4408109700722	-8816219401444	0.2233318880886	1	1	1	-1
15580000	1	1.655528694886e+15	-4390197033209	-8780394066419	0.2235358723555	1	1	1	-1
15600000	1	1.656869591916e+15	-4372357435908	-8744714871816	0.2237391076781	1	1	1	-1
15620000	1	1.658211705275e+15	-4354590688550	-8709181377101	0.2239415964161	1	1	1	-1
15640000	1	1.659555030494e+15	-4336896570287	-8673793140573	0.224143340931	1	1	1	-1
15660000	1	1.660899563117e+15	-4319274859704	-8638549719409	0.2243443435862	1	1	1	-1
15680000	1	1.662245298704e+15	-4301725334849	-8603450669698	0.2245446067467	1	1	1	-1
15700000	1	1.663592232828e+15	-4284247773244	-8568495546488	0.2247441327791	1	1	1	-1
15720000	1	1.664940361075e+15	-4266841951912	-8533683903824	0.2249429240515	1	1	1	-1
15740000	1	1.666289679048e+15	-4249507647392	-8499015294784	0.225140982933	1	1	1	-1
15760000	1	1.667640182363e+15	-4232244635761	-8464489271521	0.2253383117939	1	1	1	-1
15780000	1	1.668991866649e+15	-4215052692652	-8430105385304	0.2255349130056	1	1	1	-1
15800000	1	1.670344727551e+15	-4197931593275	-8395863186550	0.2257307889401	1	1	1	-1
15820000	1	1.671698760727e+15	-4180881112433	-8361762224866	0.2259259419703	1	1	1	-1
15840000	1	1.673053961849e+15	-4163901024541	-8327802049083	0.2261203744695	1	1	1	-1
15860000	1	1.674410326606e+15	-4146991103648	-8293982207296	0.2263140888114	1	1	1	-1
15880000	1	1.675767850697e+15	-4130151123449	-8260302246898	0.22650708737	1	1	1	-1
15900000	1	1.677126529839e+15	-4113380857308	-8226761714617	0.2266993725195	1	1	1	-1
15920000	1	1.678486359761e+15	-4096680078274	-8193360156549	0.2268909466341	1	1	1	-1
15940000	1	1.679847336207e+15	-4080048559098	-8160097118195	0.227081812088	1	1	1	-1
15960000	1	1.681209454934e+15	-4063486072248	-8126972144497	0.2272719712548	1	1	1	-1
15980000	1	1.682572711716e+15	-4046992389933	-8093984779867	0.2274614265081	1	1	1	-1
16000000	1	1.683937102338e+15	-4030567284112	-8061134568224	0.227650180221	1	1	1	-1
16020000	1	1.685302622602e+15	-4014210526515	-8028421053030	0.2278382347658	1	1	1	-1
16040000	1	1.686669268322e+15	-3997921888657	-7995843777314	0.2280255925142	1	1	1	-1
16060000	1	1.688037035329e+15	-3981701141857	-7963402283714	0.2282122558371	1	1	1	-1
16080000	1	1.689405919464e+15	-3965548057251	-7931096114502	0.2283982271043	1	1	1	-1
16100000	1	1.690775916586e+15	-3949462405810	-7898924811620	0.2285835086847	1	1	1	-1
16120000	1	1.692147022568e+15	-3933443958354	-7866887916707	0.228768102946	1	1	1	-1
16140000	1	1.693519233293e+15	-3917492485567	-7834984971134	0.2289520122544	1	1	1	-1
16160000	1	1.694892544664e+15	-3901607758015	-7803215516030	0.229135238975	1	1	1	-1
16180000	1	1.696266952594e+15	-3885789546157	-7771579092315	0.2293177854713	1	1	1	-1
16200000	1	1.697642453012e+15	-3870037620363	-7740075240727	0.229499654105	1	1	1	-1
16220000	1	1.699019041861e+15	-3854351750926	-7708703501853	0.2296808472363	1	1	1	-1
16240000	1	1.700396715097e+15	-3838731708078	-7677463416156	0.2298613672235	1	1	1	-1
16260000	1	1.701775468691e+15	-3823177262003	-7646354524006	0.230041216423	1	1	1	-1
16280000	1	1.703155298629e+15	-3807688182852	-7615376365703	0.2302203971891	1	1	1	-1
16300000	1	1.70453620091e+15	-3792264240755	-7584528481510	0.2303989118741	1	1	1	-1
16320000	1	1.705918171547e+15	-3776905205838	-7553810411676	0.2305767628281	1	1	1	-1
16340000	1	1.707301206568e+15	-3761610848232	-7523221696463	0.2307539523987	1	1	1	-1
16360000	1	1.708685302013e+15	-3746380938088	-7492761876176	0.2309304829313	1	1	1	-1
16380000	1	1.710070453939e+15	-3731215245592	-7462430491184	0.2311063567686	1	1	1	-1
16400000	1	1.711456658416e+15	-3716113540975	-7432227081949	0.231281576251	1	1	1	-1
16420000	1	1.712843911526e+15	-3701075594525	-7402151189050	0.2314561437159	1	1	1	-1
16440000	1	1.714232209367e+15	-3686101176603	-7372202353207	0.2316300614982	1	1	1	-1
16460000	1	1.715621548051e+15	-3671190057653	-7342380115306	0.2318033319297	1	1	1	-1
16480000	1	1.717011923704e+15	-3656342008212	-7312684016425	0.2319759573395	1	1	1	-1
16500000	1	1.718403332465e+15	-3641556798927	-7283113597855	0.2321479400536	1	1	1	-1
16520000	1	1.719795770487e+15	-3626834200562	-7253668401124	0.2323192823948	1	1	1	-1
16540000	1	1.721189233938e+15	-3612173984011	-7224347968022	0.2324899866827	1	1	1	-1
16560000	1	1.722583718999e+15	-3597575920310	-7195151840620	0.2326600552339	1	1	1	-1
16580000	1	1.723979221865e+15	-3583039780648	-7166079561296	0.2328294903613	1	1	1	-1
16600000	1	1.725375738746e+15	-3568565336377	-7137130672755	0.2329982943747	1	1	1	-1
16620000	1	1.726773265864e+15	-3554152359026	-7108304718051	0.2331664695801	1	1	1	-1
16640000	1	1.728171799455e+15	-3539800620305	-7079601240609	0.2333340182802	1	1	1	-1
16660000	1	1.729571335771e+15	-3525509892122	-7051019784244	0.233500942774	1	1	1	-1
16680000	1	1.730971871075e+15	-3511279946592	-7022559893185	0.2336672453565	1	1	1	-1
16700000	1	1.732373401646e+15	-3497110556045	-6994221112090	0.2338329283194	1	1	1	-1
16720000	1	1.733775923775e+15	-3483001493036	-6966002986073	0.23399799395	1	1	1	-1
16740000	1	1.735179433768e+15	-3468952530359	-6937905060718	0.2341624445322	1	1	1	-1
16760000	1	1.736583927943e+15	-3454963441050	-6909926882099	0.2343262823456	1	1	1	-1
16780000	1	1.737989402634e+15	-3441033998402	-6882067996804	0.2344895096657	1	1	1	-1
16800000	1	1.739395854187e+15	-3427163975974	-6854327951947	0.2346521287641	1	1	1	-1
16820000	1	1.740803278961e+15	-3413353147595	-6826706295191	0.234814141908	1	1	1	-1
16840000	1	1.742211673331e+15	-3399601287381	-6799202574762	0.2349755513605	1	1	1	-1
16860000	1	1.743621033684e+15	-3385908169736	-6771816339472	0.2351363593804	1	1	1	-1
16880000	1	1.74503135642e+15	-3372273569367	-6744547138733	0.235296568222	1	1	1	-1
16900000	1	1.746442637953e+15	-3358697261288	-6717394522576	0.2354561801352	1	1	1	-1
16920000	1	1.747854874711e+15	-3345179020832	-6690358041663	0.2356151973656	1	1	1	-1
16940000	1	1.749268063135e+15	-3331718623657	-6663437247313	0.2357736221541	1	1	1	-1
16960000	1	1.75068219968e+15	-3318315845755	-6636631691509	0.2359314567368	1	1	1	-1
16980000	1	1.752097280813e+15	-3304970463460	-6609940926919	0.2360887033457	1	1	1	-1
17000000	1	1.753513303017e+15	-3291682253455	-6583364506911	0.2362453642075	1	1	1	-1
17020000	1	1.754930262784e+15	-3278450992783	-6556901985566	0.2364014415446	1	1	1	-1
17040000	1	1.756348156624e+15	-3265276458849	-6530552917698	0.2365569375743	1	1	1	-1
17060000	1	1.757766981058e+15	-3252158429433	-6504316858865	0.2367118545092	1	1	1	-1
17080000	1	1.759186732619e+15	-3239096682692	-6478193365384	0.2368661945569	1	1	1	-1
17100000	1	1.760607407856e+15	-3226090997174	-6452181994348	0.2370199599201	1	1	1	-1
17120000	1	1.76202900333e+15	-3213141151818	-6426282303636	0.2371731527964	1	1	1	-1
17140000	1	1.763451515615e+15	-3200246925965	-6400493851931	0.2373257753787	1	1	1	-1
17160000	1	1.764874941297e+15	-3187408099365	-6374816198730	0.2374778298543	1	1	1	-1
17180000	1	1.766299276977e+15	-3174624452180	-6349248904360	0.2376293184057	1	1	1	-1
17200000	1	1.767724519268e+15	-3161895764995	-6323791529990	0.2377802432102	1	1	1	-1
17220000	1	1.769150664797e+15	-3149221818822	-6298443637645	0.2379306064397	1	1	1	-1
17240000	1	1.770577710204e+15	-3136602395107	-6273204790214	0.238080410261	1	1	1	-1
17260000	1	1.772005652139e+15	-3124037275735	-6248074551469	0.2382296568356	1	1	1	-1
17280000	1	1.77343448727e+15	-3111526243037	-6223052486074	0.2383783483195	1	1	1	-1
17300000	1	1.774864212273e+15	-3099069079797	-6198138159593	0.2385264868635	1	1	1	-1
17320000	1	1.776294823841e+15	-3086665569255	-6173331138509	0.238674074613	1	1	1	-1
17340000	1	1.777726318676e+15	-3074315495115	-6148630990230	0.2388211137077	1	1	1	-1
17360000	1	1.779158693497e+15	-3062018641551	-6124037283102	0.2389676062821	1	1	1	-1
17380000	1	1.780591945031e+15	-3049774793210	-6099549586419	0.239113554465	1	1	1	-1
17400000	1	1.782026070022e+15	-3037583735218	-6075167470436	0.2392589603797	1	1	1	-1
17420000	1	1.783461065225e+15	-3025445253187	-6050890506374	0.2394038261439	1	1	1	-1
17440000	1	1.784896927407e+15	-3013359133219	-6026718266439	0.2395481538697	1	1	1	-1
17460000	1	1.786333653348e+15	-3001325161911	-6002650323822	0.2396919456635	1	1	1	-1
17480000	1	1.787771239842e+15	-2989343126358	-5978686252717	0.2398352036261	1	1	1	-1
17500000	1	1.789209683694e+15	-2977412814163	-5954825628326	0.2399779298525	1	1	1	-1
17520000	1	1.790648981722e+15	-2965534013435	-5931068026869	0.240120126432	1	1	1	-1
17540000	1	1.792089130756e+15	-2953706512798	-5907413025595	0.2402617954481	1	1	1	-1
17560000	1	1.79353012764e+15	-2941930101394	-5883860202789	0.2404029389785	1	1	1	-1
17580000	1	1.794971969229e+15	-2930204568890	-5860409137780	0.2405435590952	1	1	1	-1
17600000	1	1.796414652392e+15	-2918529705477	-5837059410954	0.2406836578642	1	1	1	-1
17620000	1	1.797858174007e+15	-2906905301878	-5813810603756	0.2408232373457	1	1	1	-1
17640000	1	1.799302530969e+15	-2895331149351	-5790662298703	0.2409622995939	1	1	1	-1
17660000	1	1.800747720181e+15	-2883807039695	-5767614079390	0.2411008466572	1	1	1	-1
17680000	1	1.802193738561e+15	-2872332765248	-5744665530497	0.241238880578	1	1	1	-1
17700000	1	1.803640583038e+15	-2860908118899	-5721816237798	0.2413764033928	1	1	1	-1
17720000	1	1.805088250554e+15	-2849532894085	-5699065788170	0.241513417132	1	1	1	-1
17740000	1	1.806536738063e+15	-2838206884797	-5676413769594	0.2416499238201	1	1	1	-1
17760000	1	1.807986042531e+15	-2826929885584	-5653859771169	0.2417859254755	1	1	1	-1
17780000	1	1.809436160934e+15	-2815701691557	-5631403383114	0.2419214241105	1	1	1	-1
17800000	1	1.810887090264e+15	-2804522098389	-5609044196778	0.2420564217315	1	1	1	-1
17820000	1	1.812338827523e+15	-2793390902322	-5586781804644	0.2421909203387	1	1	1	-1
17840000	1	1.813791369724e+15	-2782307900168	-5564615800336	0.2423249219262	1	1	1	-1
17860000	1	1.815244713893e+15	-2771272889312	-5542545778624	0.2424584284819	1	1	1	-1
17880000	1	1.816698857068e+15	-2760285667717	-5520571335434	0.2425914419879	1	1	1	-1
17900000	1	1.818153796298e+15	-2749346033925	-5498692067849	0.2427239644197	1	1	1	-1
17920000	1	1.819609528646e+15	-2738453787058	-5476907574116	0.242855997747	1	1	1	-1
17940000	1	1.821066051185e+15	-2727608726827	-5455217453654	0.2429875439331	1	1	1	-1
17960000	1	1.822523360999e+15	-2716810653527	-5433621307054	0.2431186049352	1	1	1	-1
17980000	1	1.823981455186e+15	-2706059368045	-5412118736090	0.2432491827042	1	1	1	-1
18000000	1	1.825440330853e+15	-2695354671860	-5390709343721	0.243379279185	1	1	1	-1
18020000	1	1.826899985121e+15	-2684696367047	-5369392734093	0.243508896316	1	1	1	-1
18040000	1	1.828360415121e+15	-2674084256276	-5348168512551	0.2436380360296	1	1	1	-1
18060000	1	1.829821617998e+15	-2663518142818	-5327036285636	0.2437667002518	1	1	1	-1
18080000	1	1.831283590905e+15	-2652997830547	-5305995661094	0.2438948909023	1	1	1	-1
18100000	1	1.832746331009e+15	-2642523123938	-5285046247877	0.2440226098947	1	1	1	-1
18120000	1	1.834209835487e+15	-2632093828075	-5264187656150	0.2441498591362	1	1	1	-1
18140000	1	1.835674101529e+15	-2621709748647	-5243419497295	0.2442766405278	1	1	1	-1
18160000	1	1.837139126336e+15	-2611370691955	-5222741383910	0.2444029559641	1	1	1	-1
18180000	1	1.838604907118e+15	-2601076464909	-5202152929818	0.2445288073334	1	1	1	-1
18200000	1	1.8400714411e+15	-2590826875034	-5181653750069	0.2446541965178	1	1	1	-1
18220000	1	1.841538725516e+15	-2580621730470	-5161243460941	0.2447791253929	1	1	1	-1
18240000	1	1.843006757611e+15	-2570460839973	-5140921679946	0.2449035958283	1	1	1	-1
18260000	1	1.844475534642e+15	-2560344012916	-5120688025832	0.2450276096869	1	1	1	-1
18280000	1	1.845945053877e+15	-2550271059294	-5100542118588	0.2451511688254	1	1	1	-1
18300000	1	1.847415312596e+15	-2540241789720	-5080483579441	0.2452742750944	1	1	1	-1
18320000	1	1.848886308088e+15	-2530256015433	-5060512030865	0.2453969303378	1	1	1	-1
18340000	1	1.850358037656e+15	-2520313548291	-5040627096582	0.2455191363934	1	1	1	-1
18360000	1	1.85183049861e+15	-2510414200780	-5020828401561	0.2456408950924	1	1	1	-1
18380000	1	1.853303688274e+15	-2500557786013	-5001115572025	0.24576220826	1	1	1	-1
18400000	1	1.854777603983e+15	-2490744117725	-4981488235451	0.2458830777148	1	1	1	-1
18420000	1	1.856252243081e+15	-2480973010286	-4961946020571	0.2460035052691	1	1	1	-1
18440000	1	1.857727602924e+15	-2471244278688	-4942488557377	0.2461234927288	1	1	1	-1
18460000	1	1.859203680879e+15	-2461557738559	-4923115477119	0.2462430418936	1	1	1	-1
18480000	1	1.860680474323e+15	-2451913206155	-4903826412311	0.2463621545566	1	1	1	-1
18500000	1	1.862157980645e+15	-2442310498364	-4884620996729	0.2464808325049	1	1	1	-1
18520000	1	1.863636197243e+15	-2432749432707	-4865498865414	0.2465990775188	1	1	1	-1
18540000	1	1.865115121527e+15	-2423229827338	-4846459654676	0.2467168913725	1	1	1	-1
18560000	1	1.866594750917e+15	-2413751501044	-4827503002089	0.2468342758339	1	1	1	-1
18580000	1	1.868075082843e+15	-2404314273249	-4808628546498	0.2469512326645	1	1	1	-1
18600000	1	1.869556114748e+15	-2394917964009	-4789835928019	0.2470677636193	1	1	1	-1
18620000	1	1.871037844081e+15	-2385562394018	-4771124788037	0.247183870447	1	1	1	-1
18640000	1	1.872520268307e+15	-2376247384605	-4752494769211	0.2472995548902	1	1	1	-1
18660000	1	1.874003384898e+15	-2366972757735	-4733945515471	0.2474148186848	1	1	1	-1
18680000	1	1.875487191336e+15	-2357738336011	-4715476672022	0.2475296635606	1	1	1	-1
18700000	1	1.876971685115e+15	-2348543942671	-4697087885343	0.247644091241	1	1	1	-1
18720000	1	1.878456863738e+15	-2339389401594	-4678778803187	0.2477581034431	1	1	1	-1
18740000	1	1.87994272472e+15	-2330274537292	-4660549074584	0.2478717018774	1	1	1	-1
18760000	1	1.881429265586e+15	-2321199174918	-4642398349837	0.2479848882486	1	1	1	-1
18780000	1	1.882916483868e+15	-2312163140263	-4624326280526	0.2480976642545	1	1	1	-1
18800000	1	1.884404377112e+15	-2303166259754	-4606332519508	0.2482100315871	1	1	1	-1
18820000	1	1.885892942873e+15	-2294208360457	-4588416720914	0.2483219919317	1	1	1	-1
18840000	1	1.887382178716e+15	-2285289270076	-4570578540153	0.2484335469674	1	1	1	-1
18860000	1	1.888872082215e+15	-2276408816954	-4552817633908	0.2485446983673	1	1	1	-1
18880000	1	1.890362650954e+15	-2267566830070	-4535133660141	0.2486554477978	1	1	1	-1
18900000	1	1.89185388253e+15	-2258763139043	-4517526278085	0.2487657969192	1	1	1	-1
18920000	1	1.893345774547e+15	-2249997574127	-4499995148253	0.2488757473854	1	1	1	-1
18940000	1	1.894838324618e+15	-2241269966215	-4482539932430	0.2489853008444	1	1	1	-1
18960000	1	1.89633153037e+15	-2232580146837	-4465160293675	0.2490944589374	1	1	1	-1
18980000	1	1.897825389436e+15	-2223927948161	-4447855896323	0.2492032232997	1	1	1	-1
19000000	1	1.899319899461e+15	-2215313202990	-4430626405980	0.2493115955604	1	1	1	-1
19020000	1	1.900815058097e+15	-2206735744764	-4413471489527	0.2494195773421	1	1	1	-1
19040000	1	1.90231086301e+15	-2198195407557	-4396390815114	0.2495271702613	1	1	1	-1
19060000	1	1.903807311872e+15	-2189692026082	-4379384052165	0.2496343759283	1	1	1	-1
19080000	1	1.905304402366e+15	-2181225435685	-4362450871370	0.2497411959472	1	1	1	-1
19100000	1	1.906802132184e+15	-2172795472345	-4345590944691	0.2498476319159	1	1	1	-1
19120000	1	1.908300499029e+15	-2164401972679	-4328803945357	0.249953685426	1	1	1	-1
19140000	1	1.909799500613e+15	-2156044773932	-4312089547865	0.250059358063	1	1	1	-1
19160000	1	1.911299134655e+15	-2147723713988	-4295447427975	0.2501646514063	1	1	1	-1
19180000	1	1.912799398888e+15	-2139438631357	-4278877262715	0.250269567029	1	1	1	-1
19200000	1	1.91430029105e+15	-2131189365186	-4262378730373	0.2503741064981	1	1	1	-1
19220000	1	1.915801808891e+15	-2122975755250	-4245951510500	0.2504782713745	1	1	1	-1
19240000	1	1.91730395017e+15	-2114797641954	-4229595283908	0.2505820632129	1	1	1	-1
19260000	1	1.918806712655e+15	-2106654866333	-4213309732666	0.2506854835619	1	1	1	-1
19280000	1	1.920310094123e+15	-2098547270052	-4197094540104	0.2507885339641	1	1	1	-1
19300000	1	1.92181409236e+15	-2090474695401	-4180949390803	0.2508912159558	1	1	1	-1
19320000	1	1.923318705163e+15	-2082436985301	-4164873970601	0.2509935310674	1	1	1	-1
19340000	1	1.924823930335e+15	-2074433983295	-4148867966589	0.2510954808232	1	1	1	-1
19360000	1	1.926329765691e+15	-2066465533553	-4132931067106	0.2511970667413	1	1	1	-1
19380000	1	1.927836209054e+15	-2058531480871	-4117062961742	0.2512982903338	1	1	1	-1
19400000	1	1.929343258256e+15	-2050631670667	-4101263341333	0.2513991531069	1	1	1	-1
19420000	1	1.930850911138e+15	-2042765948980	-4085531897960	0.2514996565607	1	1	1	-1
19440000	1	1.93235916555e+15	-2034934162474	-4069868324948	0.2515998021892	1	1	1	-1
19460000	1	1.933868019351e+15	-2027136158431	-4054272316862	0.2516995914805	1	1	1	-1
19480000	1	1.935377470409e+15	-2019371784753	-4038743569507	0.2517990259167	1	1	1	-1
19500000	1	1.936887516601e+15	-2011640889962	-4023281779923	0.251898106974	1	1	1	-1
19520000	1	1.938398155812e+15	-2003943323194	-4007886646387	0.2519968361224	1	1	1	-1
19540000	1	1.939909385937e+15	-1996278934204	-3992557868408	0.2520952148262	1	1	1	-1
19560000	1	1.941421204878e+15	-1988647573362	-3977295146725	0.2521932445437	1	1	1	-1
19580000	1	1.942933610549e+15	-1981049091652	-3962098183303	0.2522909267273	1	1	1	-1
19600000	1	1.944446600869e+15	-1973483340669	-3946966681337	0.2523882628233	1	1	1	-1
19620000	1	1.945960173767e+15	-1965950172621	-3931900345243	0.2524852542725	1	1	1	-1
19640000	1	1.947474327182e+15	-1958449440328	-3916898880656	0.2525819025095	1	1	1	-1
19660000	1	1.94898905906e+15	-1950980997217	-3901961994433	0.2526782089631	1	1	1	-1
19680000	1	1.950504367356e+15	-1943544697323	-3887089394646	0.2527741750563	1	1	1	-1
19700000	1	1.952020250033e+15	-1936140395289	-3872280790578	0.2528698022063	1	1	1	-1
19720000	1	1.953536705064e+15	-1928767946363	-3857535892727	0.2529650918245	1	1	1	-1
19740000	1	1.955053730428e+15	-1921427206398	-3842854412795	0.2530600453164	1	1	1	-1
19760000	1	1.956571324115e+15	-1914118031847	-3828236063694	0.2531546640817	1	1	1	-1
19780000	1	1.958089484122e+15	-1906840279768	-3813680559536	0.2532489495145	1	1	1	-1
19800000	1	1.959608208454e+15	-1899593807817	-3799187615633	0.2533429030029	1	1	1	-1
19820000	1	1.961127495126e+15	-1892378474249	-3784756948498	0.2534365259295	1	1	1	-1
19840000	1	1.962647342158e+15	-1885194137917	-3770388275835	0.2535298196711	1	1	1	-1
19860000	1	1.964167747583e+15	-1878040658271	-3756081316542	0.2536227855986	1	1	1	-1
19880000	1	1.965688709438e+15	-1870917895353	-3741835790706	0.2537154250775	1	1	1	-1
19900000	1	1.96721022577e+15	-1863825709800	-3727651419600	0.2538077394675	1	1	1	-1
19920000	1	1.968732294634e+15	-1856763962840	-3713527925681	0.2538997301225	1	1	1	-1
19940000	1	1.970254914093e+15	-1849732516292	-3699465032585	0.253991398391	1	1	1	-1
19960000	1	1.971778082218e+15	-1842731232564	-3685462465127	0.2540827456156	1	1	1	-1
19980000	1	1.973301797088e+15	-1835759974649	-3671519949298	0.2541737731336	1	1	1	-1
20000000	1	1.97482605679e+15	-1828818606128	-3657637212256	0.2542644822765	1	1	1	-1
