1.0580000000000000e+07	+2.2279729195488685e+15	+2.6300284405669531e+13	+5.2600568811339062e+13	+3.5262400139322048e-01	+3.5262400139322048e-01	+1.0000000000000000e+00
1.0600000000000000e+07	+2.2300859902606820e+15	+2.6167638396647898e+13	+5.2335276793295797e+13	+3.5222121349129254e-01	+3.5222121349129254e-01	+1.0000000000000000e+00
1.0620000000000000e+07	+2.2321966584707445e+15	+2.6037275697062879e+13	+5.2074551394125758e+13	+3.5182262158430000e-01	+3.5182262158430000e-01	+1.0000000000000000e+00
1.0640000000000000e+07	+2.2343049494677522e+15	+2.5909108262631496e+13	+5.1818216525262992e+13	+3.5142826535544947e-01	+3.5142826535544947e-01	+1.0000000000000000e+00
1.0660000000000000e+07	+2.2364108887143920e+15	+2.5783052486355555e+13	+5.1566104972711109e+13	+3.5103816366470114e-01	+3.5103816366470114e-01	+1.0000000000000000e+00
1.0680000000000000e+07	+2.2385145017312162e+15	+2.5659028939743824e+13	+5.1318057879487648e+13	+3.5065231739886182e-01	+3.5065231739886182e-01	+1.0000000000000000e+00
1.0700000000000000e+07	+2.2406158139965472e+15	+2.5536962129715172e+13	+5.1073924259430344e+13	+3.5027071197548298e-01	+3.5027071197548298e-01	+1.0000000000000000e+00
1.0720000000000000e+07	+2.2427148508604612e+15	+2.5416780270369668e+13	+5.0833560540739336e+13	+3.4989331954154884e-01	+3.4989331954154884e-01	+1.0000000000000000e+00
1.0740000000000000e+07	+2.2448116374711302e+15	+2.5298415068818266e+13	+5.0596830137636531e+13	+3.4952010090315944e-01	+3.4952010090315944e-01	+1.0000000000000000e+00
1.0760000000000000e+07	+2.2469061987120100e+15	+2.5181801524275508e+13	+5.0363603048551016e+13	+3.4915100721823039e-01	+3.4915100721823039e-01	+1.0000000000000000e+00
1.0780000000000000e+07	+2.2489985591485372e+15	+2.5066877739641391e+13	+5.0133755479282781e+13	+3.4878598148043322e-01	+3.4878598148043322e-01	+1.0000000000000000e+00
1.0800000000000000e+07	+2.2510887429831620e+15	+2.4953584744824402e+13	+4.9907169489648805e+13	+3.4842495981930316e-01	+3.4842495981930316e-01	+1.0000000000000000e+00
1.0820000000000000e+07	+2.2531767740176795e+15	+2.4841866331088441e+13	+4.9683732662176883e+13	+3.4806787263848094e-01	+3.4806787263848094e-01	+1.0000000000000000e+00
1.0840000000000000e+07	+2.2552626756219500e+15	+2.4731668895738930e+13	+4.9463337791477859e+13	+3.4771464561144350e-01	+3.4771464561144350e-01	+1.0000000000000000e+00
1.0860000000000000e+07	+2.2573464707082055e+15	+2.4622941296496441e+13	+4.9245882592992883e+13	+3.4736520055179393e-01	+3.4736520055179393e-01	+1.0000000000000000e+00
1.0880000000000000e+07	+2.2594281817102365e+15	+2.4515634714941801e+13	+4.9031269429883602e+13	+3.4701945617312591e-01	+3.4701945617312591e-01	+1.0000000000000000e+00
1.0900000000000000e+07	+2.2615078305668375e+15	+2.4409702528449660e+13	+4.8819405056899320e+13	+3.4667732875173196e-01	+3.4667732875173196e-01	+1.0000000000000000e+00
1.0920000000000000e+07	+2.2635854387089615e+15	+2.4305100190061941e+13	+4.8610200380123883e+13	+3.4633873270377208e-01	+3.4633873270377208e-01	+1.0000000000000000e+00
1.0940000000000000e+07	+2.2656610270501100e+15	+2.4201785115785168e+13	+4.8403570231570336e+13	+3.4600358108722556e-01	+3.4600358108722556e-01	+1.0000000000000000e+00
1.0960000000000000e+07	+2.2677346159795250e+15	+2.4099716578827535e+13	+4.8199433157655070e+13	+3.4567178603764276e-01	+3.4567178603764276e-01	+1.0000000000000000e+00
1.0980000000000000e+07	+2.2698062253578165e+15	+2.3998855610321711e+13	+4.7997711220643422e+13	+3.4534325914567465e-01	+3.4534325914567465e-01	+1.0000000000000000e+00
1.1000000000000000e+07	+2.2718758745147010e+15	+2.3899164906108656e+13	+4.7798329812217312e+13	+3.4501791178342966e-01	+3.4501791178342966e-01	+1.0000000000000000e+00
1.1020000000000000e+07	+2.2739435822485520e+15	+2.3800608739185387e+13	+4.7601217478370773e+13	+3.4469565538580094e-01	+3.4469565538580094e-01	+1.0000000000000000e+00
1.1040000000000000e+07	+2.2760093668275215e+15	+2.3703152877445441e+13	+4.7406305754890883e+13	+3.4437640169225897e-01	+3.4437640169225897e-01	+1.0000000000000000e+00
1.1060000000000000e+07	+2.2780732459920040e+15	+2.3606764506365383e+13	+4.7213529012730766e+13	+3.4406006295390568e-01	+3.4406006295390568e-01	+1.0000000000000000e+00
1.1080000000000000e+07	+2.2801352369582455e+15	+2.3511412156314426e+13	+4.7022824312628852e+13	+3.4374655211000593e-01	+3.4374655211000593e-01	+1.0000000000000000e+00
1.1100000000000000e+07	+2.2821953564229325e+15	+2.3417065634185414e+13	+4.6834131268370828e+13	+3.4343578293776716e-01	+3.4343578293776716e-01	+1.0000000000000000e+00
1.1120000000000000e+07	+2.2842536205686070e+15	+2.3323695959065730e+13	+4.6647391918131461e+13	+3.4312767017863732e-01	+3.4312767017863732e-01	+1.0000000000000000e+00
1.1140000000000000e+07	+2.2863100450697720e+15	+2.3231275301686660e+13	+4.6462550603373320e+13	+3.4282212964401815e-01	+3.4282212964401815e-01	+1.0000000000000000e+00
1.1160000000000000e+07	+2.2883646450995790e+15	+2.3139776927406191e+13	+4.6279553854812383e+13	+3.4251907830298373e-01	+3.4251907830298373e-01	+1.0000000000000000e+00
1.1180000000000000e+07	+2.2904174353369935e+15	+2.3049175142498254e+13	+4.6098350284996508e+13	+3.4221843435423205e-01	+3.4221843435423205e-01	+1.0000000000000000e+00
1.1200000000000000e+07	+2.2924684299743470e+15	+2.2959445243535969e+13	+4.5918890487071938e+13	+3.4192011728427490e-01	+3.4192011728427490e-01	+1.0000000000000000e+00
1.1220000000000000e+07	+2.2945176427252030e+15	+2.2870563469671207e+13	+4.5741126939342414e+13	+3.4162404791362239e-01	+3.4162404791362239e-01	+1.0000000000000000e+00
1.1240000000000000e+07	+2.2965650868324680e+15	+2.2782506957626539e+13	+4.5565013915253078e+13	+3.4133014843250692e-01	+3.4133014843250692e-01	+1.0000000000000000e+00
1.1260000000000000e+07	+2.2986107750766880e+15	+2.2695253699227539e+13	+4.5390507398455078e+13	+3.4103834242750453e-01	+3.4103834242750453e-01	+1.0000000000000000e+00
1.1280000000000000e+07	+2.3006547197844795e+15	+2.2608782501315957e+13	+4.5217565002631914e+13	+3.4074855490027001e-01	+3.4074855490027001e-01	+1.0000000000000000e+00
1.1300000000000000e+07	+2.3026969328370545e+15	+2.2523072947893992e+13	+4.5046145895787984e+13	+3.4046071227944036e-01	+3.4046071227944036e-01	+1.0000000000000000e+00
1.1320000000000000e+07	+2.3047374256787960e+15	+2.2438105364361125e+13	+4.4876210728722250e+13	+3.4017474242663237e-01	+3.4017474242663237e-01	+1.0000000000000000e+00
1.1340000000000000e+07	+2.3067762093258565e+15	+2.2353860783713512e+13	+4.4707721567427023e+13	+3.3989057463737177e-01	+3.3989057463737177e-01	+1.0000000000000000e+00
1.1360000000000000e+07	+2.3088132943747455e+15	+2.2270320914585133e+13	+4.4540641829170266e+13	+3.3960813963766456e-01	+3.3960813963766456e-01	+1.0000000000000000e+00
1.1380000000000000e+07	+2.3108486910108880e+15	+2.2187468111017590e+13	+4.4374936222035180e+13	+3.3932736957685777e-01	+3.3932736957685777e-01	+1.0000000000000000e+00
1.1400000000000000e+07	+2.3128824090171280e+15	+2.2105285343853539e+13	+4.4210570687707078e+13	+3.3904819801734293e-01	+3.3904819801734293e-01	+1.0000000000000000e+00
1.1420000000000000e+07	+2.3149144577821650e+15	+2.2023756173654996e+13	+4.4047512347309992e+13	+3.3877055992160471e-01	+3.3877055992160471e-01	+1.0000000000000000e+00
1.1440000000000000e+07	+2.3169448463089025e+15	+2.1942864725055082e+13	+4.3885729450110164e+13	+3.3849439163702927e-01	+3.3849439163702927e-01	+1.0000000000000000e+00
1.1460000000000000e+07	+2.3189735832227035e+15	+2.1862595662457109e+13	+4.3725191324914219e+13	+3.3821963087887491e-01	+3.3821963087887491e-01	+1.0000000000000000e+00
1.1480000000000000e+07	+2.3210006767795345e+15	+2.1782934167000914e+13	+4.3565868334001828e+13	+3.3794621671171482e-01	+3.3794621671171482e-01	+1.0000000000000000e+00
1.1500000000000000e+07	+2.3230261348739980e+15	+2.1703865914721617e+13	+4.3407731829443234e+13	+3.3767408952966088e-01	+3.3767408952966088e-01	+1.0000000000000000e+00
1.1520000000000000e+07	+2.3250499650472450e+15	+2.1625377055830578e+13	+4.3250754111661156e+13	+3.3740319103561311e-01	+3.3740319103561311e-01	+1.0000000000000000e+00
1.1540000000000000e+07	+2.3270721744947535e+15	+2.1547454195053109e+13	+4.3094908390106219e+13	+3.3713346421975576e-01	+3.3713346421975576e-01	+1.0000000000000000e+00
1.1560000000000000e+07	+2.3290927700739850e+15	+2.1470084372961438e+13	+4.2940168745922875e+13	+3.3686485333750105e-01	+3.3686485333750105e-01	+1.0000000000000000e+00
1.1580000000000000e+07	+2.3311117583119015e+15	+2.1393255048245840e+13	+4.2786510096491680e+13	+3.3659730388703979e-01	+3.3659730388703979e-01	+1.0000000000000000e+00
1.1600000000000000e+07	+2.3331291454123495e+15	+2.1316954080869797e+13	+4.2633908161739594e+13	+3.3633076258664840e-01	+3.3633076258664840e-01	+1.0000000000000000e+00
1.1620000000000000e+07	+2.3351449372633065e+15	+2.1241169716059074e+13	+4.2482339432118148e+13	+3.3606517735187874e-01	+3.3606517735187874e-01	+1.0000000000000000e+00
1.1640000000000000e+07	+2.3371591394439925e+15	+2.1165890569077480e+13	+4.2331781138154961e+13	+3.3580049727273764e-01	+3.3580049727273764e-01	+1.0000000000000000e+00
1.1660000000000000e+07	+2.3391717572318430e+15	+2.1091105610744930e+13	+4.2182211221489859e+13	+3.3553667259094749e-01	+3.3553667259094749e-01	+1.0000000000000000e+00
1.1680000000000000e+07	+2.3411827956093460e+15	+2.1016804153656594e+13	+4.2033608307313188e+13	+3.3527365467736986e-01	+3.3527365467736986e-01	+1.0000000000000000e+00
1.1700000000000000e+07	+2.3431922592707470e+15	+2.0942975839063875e+13	+4.1885951678127750e+13	+3.3501139600965713e-01	+3.3501139600965713e-01	+1.0000000000000000e+00
1.1720000000000000e+07	+2.3452001526286155e+15	+2.0869610624381047e+13	+4.1739221248762094e+13	+3.3474985015019010e-01	+3.3474985015019010e-01	+1.0000000000000000e+00
1.1740000000000000e+07	+2.3472064798202875e+15	+2.0796698771282941e+13	+4.1593397542565883e+13	+3.3448897172434866e-01	+3.3448897172434866e-01	+1.0000000000000000e+00
1.1760000000000000e+07	+2.3492112447141720e+15	+2.0724230834361688e+13	+4.1448461668723375e+13	+3.3422871639915586e-01	+3.3422871639915586e-01	+1.0000000000000000e+00
1.1780000000000000e+07	+2.3512144509159350e+15	+2.0652197650312191e+13	+4.1304395300624383e+13	+3.3396904086232310e-01	+3.3396904086232310e-01	+1.0000000000000000e+00
1.1800000000000000e+07	+2.3532161017745560e+15	+2.0580590327617832e+13	+4.1161180655235664e+13	+3.3370990280172702e-01	+3.3370990280172702e-01	+1.0000000000000000e+00
1.1820000000000000e+07	+2.3552162003882675e+15	+2.0509400236709766e+13	+4.1018800473419531e+13	+3.3345126088533916e-01	+3.3345126088533916e-01	+1.0000000000000000e+00
1.1840000000000000e+07	+2.3572147496103690e+15	+2.0438619000574582e+13	+4.0877238001149164e+13	+3.3319307474161614e-01	+3.3319307474161614e-01	+1.0000000000000000e+00
1.1860000000000000e+07	+2.3592117520549295e+15	+2.0368238485786711e+13	+4.0736476971573422e+13	+3.3293530494037071e-01	+3.3293530494037071e-01	+1.0000000000000000e+00
1.1880000000000000e+07	+2.3612072101023780e+15	+2.0298250793943223e+13	+4.0596501587886445e+13	+3.3267791297412630e-01	+3.3267791297412630e-01	+1.0000000000000000e+00
1.1900000000000000e+07	+2.3632011259049770e+15	+2.0228648253480145e+13	+4.0457296506960289e+13	+3.3242086123995868e-01	+3.3242086123995868e-01	+1.0000000000000000e+00
1.1920000000000000e+07	+2.3651935013921965e+15	+2.0159423411850492e+13	+4.0318846823700984e+13	+3.3216411302183163e-01	+3.3216411302183163e-01	+1.0000000000000000e+00
1.1940000000000000e+07	+2.3671843382759775e+15	+2.0090569028045250e+13	+4.0181138056090500e+13	+3.3190763247341798e-01	+3.3190763247341798e-01	+1.0000000000000000e+00
1.1960000000000000e+07	+2.3691736380558985e+15	+2.0022078065440082e+13	+4.0044156130880164e+13	+3.3165138460141125e-01	+3.3165138460141125e-01	+1.0000000000000000e+00
1.1980000000000000e+07	+2.3711614020242380e+15	+1.9953943684950801e+13	+3.9907887369901602e+13	+3.3139533524931797e-01	+3.3139533524931797e-01	+1.0000000000000000e+00
1.2000000000000000e+07	+2.3731476312709500e+15	+1.9886159238482340e+13	+3.9772318476964680e+13	+3.3113945108172577e-01	+3.3113945108172577e-01	+1.0000000000000000e+00
1.2020000000000000e+07	+2.3751323266885345e+15	+1.9818718262656273e+13	+3.9637436525312547e+13	+3.3088369956904184e-01	+3.3088369956904184e-01	+1.0000000000000000e+00
1.2040000000000000e+07	+2.3771154889768290e+15	+1.9751614472802992e+13	+3.9503228945605984e+13	+3.3062804897269171e-01	+3.3062804897269171e-01	+1.0000000000000000e+00
1.2060000000000000e+07	+2.3790971186477065e+15	+1.9684841757205500e+13	+3.9369683514411000e+13	+3.3037246833076717e-01	+3.3037246833076717e-01	+1.0000000000000000e+00
1.2080000000000000e+07	+2.3810772160296910e+15	+1.9618394171582344e+13	+3.9236788343164688e+13	+3.3011692744412091e-01	+3.3011692744412091e-01	+1.0000000000000000e+00
1.2100000000000000e+07	+2.3830557812724890e+15	+1.9552265933797895e+13	+3.9104531867595789e+13	+3.2986139686288490e-01	+3.2986139686288490e-01	+1.0000000000000000e+00
1.2120000000000000e+07	+2.3850328143514450e+15	+1.9486451418788969e+13	+3.8972902837577938e+13	+3.2960584787341507e-01	+3.2960584787341507e-01	+1.0000000000000000e+00
1.2140000000000000e+07	+2.3870083150719150e+15	+1.9420945153697324e+13	+3.8841890307394648e+13	+3.2935025248563954e-01	+3.2935025248563954e-01	+1.0000000000000000e+00
1.2160000000000000e+07	+2.3889822830735700e+15	+1.9355741813197996e+13	+3.8711483626395992e+13	+3.2909458342080639e-01	+3.2909458342080639e-01	+1.0000000000000000e+00
1.2180000000000000e+07	+2.3909547178346235e+15	+1.9290836215014148e+13	+3.8581672430028297e+13	+3.2883881409961579e-01	+3.2883881409961579e-01	+1.0000000000000000e+00
1.2200000000000000e+07	+2.3929256186759930e+15	+1.9226223315609570e+13	+3.8452446631219141e+13	+3.2858291863072381e-01	+3.2858291863072381e-01	+1.0000000000000000e+00
1.2220000000000000e+07	+2.3948949847653890e+15	+1.9161898206050352e+13	+3.8323796412100703e+13	+3.2832687179960801e-01	+3.2832687179960801e-01	+1.0000000000000000e+00
1.2240000000000000e+07	+2.3968628151213415e+15	+1.9097856108027797e+13	+3.8195712216055594e+13	+3.2807064905778260e-01	+3.2807064905778260e-01	+1.0000000000000000e+00
1.2260000000000000e+07	+2.3988291086171625e+15	+1.9034092370035008e+13	+3.8068184740070016e+13	+3.2781422651234848e-01	+3.2781422651234848e-01	+1.0000000000000000e+00
1.2280000000000000e+07	+2.4007938639848460e+15	+1.8970602463689945e+13	+3.7941204927379891e+13	+3.2755758091587001e-01	+3.2755758091587001e-01	+1.0000000000000000e+00
1.2300000000000000e+07	+2.4027570798189075e+15	+1.8907381980198207e+13	+3.7814763960396414e+13	+3.2730068965656245e-01	+3.2730068965656245e-01	+1.0000000000000000e+00
1.2320000000000000e+07	+2.4047187545801675e+15	+1.8844426626949105e+13	+3.7688853253898211e+13	+3.2704353074878600e-01	+3.2704353074878600e-01	+1.0000000000000000e+00
1.2340000000000000e+07	+2.4066788865994795e+15	+1.8781732224238832e+13	+3.7563464448477664e+13	+3.2678608282382182e-01	+3.2678608282382182e-01	+1.0000000000000000e+00
1.2360000000000000e+07	+2.4086374740813985e+15	+1.8719294702115020e+13	+3.7438589404230039e+13	+3.2652832512093488e-01	+3.2652832512093488e-01	+1.0000000000000000e+00
1.2380000000000000e+07	+2.4105945151078030e+15	+1.8657110097337125e+13	+3.7314220194674250e+13	+3.2627023747869799e-01	+3.2627023747869799e-01	+1.0000000000000000e+00
1.2400000000000000e+07	+2.4125500076414625e+15	+1.8595174550447406e+13	+3.7190349100894812e+13	+3.2601180032657678e-01	+3.2601180032657678e-01	+1.0000000000000000e+00
1.2420000000000000e+07	+2.4145039495295555e+15	+1.8533484302947562e+13	+3.7066968605895125e+13	+3.2575299467675822e-01	+3.2575299467675822e-01	+1.0000000000000000e+00
1.2440000000000000e+07	+2.4164563385071390e+15	+1.8472035694576227e+13	+3.6944071389152453e+13	+3.2549380211621637e-01	+3.2549380211621637e-01	+1.0000000000000000e+00
1.2460000000000000e+07	+2.4184071722005725e+15	+1.8410825160682949e+13	+3.6821650321365898e+13	+3.2523420479900095e-01	+3.2523420479900095e-01	+1.0000000000000000e+00
1.2480000000000000e+07	+2.4203564481308950e+15	+1.8349849229694266e+13	+3.6699698459388531e+13	+3.2497418543874618e-01	+3.2497418543874618e-01	+1.0000000000000000e+00
1.2500000000000000e+07	+2.4223041637171580e+15	+1.8289104520667938e+13	+3.6578209041335875e+13	+3.2471372730138015e-01	+3.2471372730138015e-01	+1.0000000000000000e+00
1.2520000000000000e+07	+2.4242503162797175e+15	+1.8228587740931277e+13	+3.6457175481862555e+13	+3.2445281419803368e-01	+3.2445281419803368e-01	+1.0000000000000000e+00
1.2540000000000000e+07	+2.4261949030434785e+15	+1.8168295683800184e+13	+3.6336591367600367e+13	+3.2419143047813626e-01	+3.2419143047813626e-01	+1.0000000000000000e+00
1.2560000000000000e+07	+2.4281379211411065e+15	+1.8108225226375109e+13	+3.6216450452750219e+13	+3.2392956102268999e-01	+3.2392956102268999e-01	+1.0000000000000000e+00
1.2580000000000000e+07	+2.4300793676161915e+15	+1.8048373327410812e+13	+3.6096746654821625e+13	+3.2366719123771315e-01	+3.2366719123771315e-01	+1.0000000000000000e+00
1.2600000000000000e+07	+2.4320192394263785e+15	+1.7988737025256586e+13	+3.5977474050513172e+13	+3.2340430704784517e-01	+3.2340430704784517e-01	+1.0000000000000000e+00
1.2620000000000000e+07	+2.4339575334464590e+15	+1.7929313435864121e+13	+3.5858626871728242e+13	+3.2314089489010517e-01	+3.2314089489010517e-01	+1.0000000000000000e+00
1.2640000000000000e+07	+2.4358942464714220e+15	+1.7870099750859840e+13	+3.5740199501719680e+13	+3.2287694170779546e-01	+3.2287694170779546e-01	+1.0000000000000000e+00
1.2660000000000000e+07	+2.4378293752194740e+15	+1.7811093235679270e+13	+3.5622186471358539e+13	+3.2261243494454400e-01	+3.2261243494454400e-01	+1.0000000000000000e+00
1.2680000000000000e+07	+2.4397629163350220e+15	+1.7752291227760668e+13	+3.5504582455521336e+13	+3.2234736253847457e-01	+3.2234736253847457e-01	+1.0000000000000000e+00
1.2700000000000000e+07	+2.4416948663916180e+15	+1.7693691134795336e+13	+3.5387382269590672e+13	+3.2208171291650312e-01	+3.2208171291650312e-01	+1.0000000000000000e+00
1.2720000000000000e+07	+2.4436252218948760e+15	+1.7635290433032441e+13	+3.5270580866064883e+13	+3.2181547498874835e-01	+3.2181547498874835e-01	+1.0000000000000000e+00
1.2740000000000000e+07	+2.4455539792853515e+15	+1.7577086665635918e+13	+3.5154173331271836e+13	+3.2154863814305279e-01	+3.2154863814305279e-01	+1.0000000000000000e+00
1.2760000000000000e+07	+2.4474811349413900e+15	+1.7519077441091322e+13	+3.5038154882182645e+13	+3.2128119223960627e-01	+3.2128119223960627e-01	+1.0000000000000000e+00
1.2780000000000000e+07	+2.4494066851819435e+15	+1.7461260431660580e+13	+3.4922520863321160e+13	+3.2101312760566753e-01	+3.2101312760566753e-01	+1.0000000000000000e+00
1.2800000000000000e+07	+2.4513306262693530e+15	+1.7403633371882725e+13	+3.4807266743765449e+13	+3.2074443503037536e-01	+3.2074443503037536e-01	+1.0000000000000000e+00
1.2820000000000000e+07	+2.4532529544121065e+15	+1.7346194057118531e+13	+3.4692388114237062e+13	+3.2047510575964505e-01	+3.2047510575964505e-01	+1.0000000000000000e+00
1.2840000000000000e+07	+2.4551736657675600e+15	+1.7288940342137543e+13	+3.4577880684275086e+13	+3.2020513149114427e-01	+3.2020513149114427e-01	+1.0000000000000000e+00
1.2860000000000000e+07	+2.4570927564446315e+15	+1.7231870139745490e+13	+3.4463740279490980e+13	+3.1993450436934412e-01	+3.1993450436934412e-01	+1.0000000000000000e+00
1.2880000000000000e+07	+2.4590102225064660e+15	+1.7174981419450660e+13	+3.4349962838901320e+13	+3.1966321698063782e-01	+3.1966321698063782e-01	+1.0000000000000000e+00
1.2900000000000000e+07	+2.4609260599730715e+15	+1.7118272206167504e+13	+3.4236544412335008e+13	+3.1939126234852150e-01	+3.1939126234852150e-01	+1.0000000000000000e+00
1.2920000000000000e+07	+2.4628402648239225e+15	+1.7061740578956143e+13	+3.4123481157912285e+13	+3.1911863392883855e-01	+3.1911863392883855e-01	+1.0000000000000000e+00
1.2940000000000000e+07	+2.4647528330005410e+15	+1.7005384669796135e+13	+3.4010769339592270e+13	+3.1884532560507517e-01	+3.1884532560507517e-01	+1.0000000000000000e+00
1.2960000000000000e+07	+2.4666637604090460e+15	+1.6949202662393359e+13	+3.3898405324786719e+13	+3.1857133168370472e-01	+3.1857133168370472e-01	+1.0000000000000000e+00
1.2980000000000000e+07	+2.4685730429226755e+15	+1.6893192791018516e+13	+3.3786385582037031e+13	+3.1829664688958126e-01	+3.1829664688958126e-01	+1.0000000000000000e+00
1.3000000000000000e+07	+2.4704806763842810e+15	+1.6837353339376094e+13	+3.3674706678752188e+13	+3.1802126636137212e-01	+3.1802126636137212e-01	+1.0000000000000000e+00
1.3020000000000000e+07	+2.4723866566087950e+15	+1.6781682639502596e+13	+3.3563365279005191e+13	+3.1774518564702925e-01	+3.1774518564702925e-01	+1.0000000000000000e+00
1.3040000000000000e+07	+2.4742909793856735e+15	+1.6726179070692879e+13	+3.3452358141385758e+13	+3.1746840069929338e-01	+3.1746840069929338e-01	+1.0000000000000000e+00
1.3060000000000000e+07	+2.4761936404813060e+15	+1.6670841058453451e+13	+3.3341682116906902e+13	+3.1719090787123011e-01	+3.1719090787123011e-01	+1.0000000000000000e+00
1.3080000000000000e+07	+2.4780946356414070e+15	+1.6615667073481812e+13	+3.3231334146963625e+13	+3.1691270391179033e-01	+3.1691270391179033e-01	+1.0000000000000000e+00
1.3100000000000000e+07	+2.4799939605933720e+15	+1.6560655630670686e+13	+3.3121311261341371e+13	+3.1663378596139868e-01	+3.1663378596139868e-01	+1.0000000000000000e+00
1.3120000000000000e+07	+2.4818916110486145e+15	+1.6505805288136309e+13	+3.3011610576272617e+13	+3.1635415154755692e-01	+3.1635415154755692e-01	+1.0000000000000000e+00
1.3140000000000000e+07	+2.4837875827048725e+15	+1.6451114646269787e+13	+3.2902229292539574e+13	+3.1607379858046875e-01	+3.1607379858046875e-01	+1.0000000000000000e+00
1.3160000000000000e+07	+2.4856818712484900e+15	+1.6396582346810660e+13	+3.2793164693621320e+13	+3.1579272534867986e-01	+3.1579272534867986e-01	+1.0000000000000000e+00
1.3180000000000000e+07	+2.4875744723566740e+15	+1.6342207071941893e+13	+3.2684414143883785e+13	+3.1551093051472356e-01	+3.1551093051472356e-01	+1.0000000000000000e+00
1.3200000000000000e+07	+2.4894653816997205e+15	+1.6287987543405383e+13	+3.2575975086810766e+13	+3.1522841311078720e-01	+3.1522841311078720e-01	+1.0000000000000000e+00
1.3220000000000000e+07	+2.4913545949432225e+15	+1.6233922521637314e+13	+3.2467845043274629e+13	+3.1494517253437165e-01	+3.1494517253437165e-01	+1.0000000000000000e+00
1.3240000000000000e+07	+2.4932421077502425e+15	+1.6180010804922607e+13	+3.2360021609845215e+13	+3.1466120854396962e-01	+3.1466120854396962e-01	+1.0000000000000000e+00
1.3260000000000000e+07	+2.4951279157834680e+15	+1.6126251228567729e+13	+3.2252502457135457e+13	+3.1437652125473531e-01	+3.1437652125473531e-01	+1.0000000000000000e+00
1.3280000000000000e+07	+2.4970120147073345e+15	+1.6072642664091164e+13	+3.2145285328182328e+13	+3.1409111113416188e-01	+3.1409111113416188e-01	+1.0000000000000000e+00
1.3300000000000000e+07	+2.4988944001901270e+15	+1.6019184018431072e+13	+3.2038368036862145e+13	+3.1380497899775212e-01	+3.1380497899775212e-01	+1.0000000000000000e+00
1.3320000000000000e+07	+2.5007750679060510e+15	+1.5965874233169303e+13	+3.1931748466338605e+13	+3.1351812600469248e-01	+3.1351812600469248e-01	+1.0000000000000000e+00
1.3340000000000000e+07	+2.5026540135372835e+15	+1.5912712283771281e+13	+3.1825424567542562e+13	+3.1323055365351499e-01	+3.1323055365351499e-01	+1.0000000000000000e+00
1.3360000000000000e+07	+2.5045312327759920e+15	+1.5859697178841307e+13	+3.1719394357682613e+13	+3.1294226377776041e-01	+3.1294226377776041e-01	+1.0000000000000000e+00
1.3380000000000000e+07	+2.5064067213263315e+15	+1.5806827959392488e+13	+3.1613655918784977e+13	+3.1265325854162668e-01	+3.1265325854162668e-01	+1.0000000000000000e+00
1.3400000000000000e+07	+2.5082804749064135e+15	+1.5754103698131059e+13	+3.1508207396262117e+13	+3.1236354043561249e-01	+3.1236354043561249e-01	+1.0000000000000000e+00
1.3420000000000000e+07	+2.5101524892502490e+15	+1.5701523498754402e+13	+3.1403046997508805e+13	+3.1207311227215301e-01	+3.1207311227215301e-01	+1.0000000000000000e+00
1.3440000000000000e+07	+2.5120227601096670e+15	+1.5649086495262418e+13	+3.1298172990524836e+13	+3.1178197718123529e-01	+3.1178197718123529e-01	+1.0000000000000000e+00
1.3460000000000000e+07	+2.5138912832562035e+15	+1.5596791851281693e+13	+3.1193583702563387e+13	+3.1149013860601210e-01	+3.1149013860601210e-01	+1.0000000000000000e+00
1.3480000000000000e+07	+2.5157580544829680e+15	+1.5544638759402242e+13	+3.1089277518804484e+13	+3.1119760029839566e-01	+3.1119760029839566e-01	+1.0000000000000000e+00
1.3500000000000000e+07	+2.5176230696064800e+15	+1.5492626440526113e+13	+3.0985252881052227e+13	+3.1090436631463997e-01	+3.1090436631463997e-01	+1.0000000000000000e+00
1.3520000000000000e+07	+2.5194863244684810e+15	+1.5440754143227785e+13	+3.0881508286455570e+13	+3.1061044101090729e-01	+3.1061044101090729e-01	+1.0000000000000000e+00
1.3540000000000000e+07	+2.5213478149377190e+15	+1.5389021143125711e+13	+3.0778042286251422e+13	+3.1031582903882088e-01	+3.1031582903882088e-01	+1.0000000000000000e+00
1.3560000000000000e+07	+2.5232075369117080e+15	+1.5337426742264893e+13	+3.0674853484529785e+13	+3.1002053534100077e-01	+3.1002053534100077e-01	+1.0000000000000000e+00
1.3580000000000000e+07	+2.5250654863184575e+15	+1.5285970268509936e+13	+3.0571940537019871e+13	+3.0972456514658453e-01	+3.0972456514658453e-01	+1.0000000000000000e+00
1.3600000000000000e+07	+2.5269216591181780e+15	+1.5234651074948475e+13	+3.0469302149896949e+13	+3.0942792396673041e-01	+3.0942792396673041e-01	+1.0000000000000000e+00
1.3620000000000000e+07	+2.5287760513049590e+15	+1.5183468539304467e+13	+3.0366937078608934e+13	+3.0913061759010263e-01	+3.0913061759010263e-01	+1.0000000000000000e+00
1.3640000000000000e+07	+2.5306286589084180e+15	+1.5132422063361176e+13	+3.0264844126722352e+13	+3.0883265207834437e-01	+3.0883265207834437e-01	+1.0000000000000000e+00
1.3660000000000000e+07	+2.5324794779953235e+15	+1.5081511072393570e+13	+3.0163022144787141e+13	+3.0853403376152988e-01	+3.0853403376152988e-01	+1.0000000000000000e+00
1.3680000000000000e+07	+2.5343285046711935e+15	+1.5030735014609820e+13	+3.0061470029219641e+13	+3.0823476923359794e-01	+3.0823476923359794e-01	+1.0000000000000000e+00
1.3700000000000000e+07	+2.5361757350818595e+15	+1.4980093360601652e+13	+2.9960186721203305e+13	+3.0793486534777648e-01	+3.0793486534777648e-01	+1.0000000000000000e+00
1.3720000000000000e+07	+2.5380211654150120e+15	+1.4929585602803389e+13	+2.9859171205606777e+13	+3.0763432921197986e-01	+3.0763432921197986e-01	+1.0000000000000000e+00
1.3740000000000000e+07	+2.5398647919017095e+15	+1.4879211254959311e+13	+2.9758422509918621e+13	+3.0733316818419953e-01	+3.0733316818419953e-01	+1.0000000000000000e+00
1.3760000000000000e+07	+2.5417066108178675e+15	+1.4828969851599305e+13	+2.9657939703198609e+13	+3.0703138986787160e-01	+3.0703138986787160e-01	+1.0000000000000000e+00
1.3780000000000000e+07	+2.5435466184857140e+15	+1.4778860947522424e+13	+2.9557721895044848e+13	+3.0672900210723214e-01	+3.0672900210723214e-01	+1.0000000000000000e+00
1.3800000000000000e+07	+2.5453848112752205e+15	+1.4728884117288260e+13	+2.9457768234576520e+13	+3.0642601298265620e-01	+3.0642601298265620e-01	+1.0000000000000000e+00
1.3820000000000000e+07	+2.5472211856055040e+15	+1.4679038954715947e+13	+2.9358077909431895e+13	+3.0612243080598245e-01	+3.0612243080598245e-01	+1.0000000000000000e+00
1.3840000000000000e+07	+2.5490557379461980e+15	+1.4629325072390510e+13	+2.9258650144781020e+13	+3.0581826411582497e-01	+3.0581826411582497e-01	+1.0000000000000000e+00
1.3860000000000000e+07	+2.5508884648188035e+15	+1.4579742101176605e+13	+2.9159484202353211e+13	+3.0551352167286555e-01	+3.0551352167286555e-01	+1.0000000000000000e+00
1.3880000000000000e+07	+2.5527193627980005e+15	+1.4530289689739248e+13	+2.9060579379478496e+13	+3.0520821245514218e-01	+3.0520821245514218e-01	+1.0000000000000000e+00
1.3900000000000000e+07	+2.5545484285129410e+15	+1.4480967504071596e+13	+2.8961935008143191e+13	+3.0490234565331870e-01	+3.0490234565331870e-01	+1.0000000000000000e+00
1.3920000000000000e+07	+2.5563756586485095e+15	+1.4431775227029438e+13	+2.8863550454058875e+13	+3.0459593066594343e-01	+3.0459593066594343e-01	+1.0000000000000000e+00
1.3940000000000000e+07	+2.5582010499465510e+15	+1.4382712557872482e+13	+2.8765425115744965e+13	+3.0428897709470382e-01	+3.0428897709470382e-01	+1.0000000000000000e+00
1.3960000000000000e+07	+2.5600245992070815e+15	+1.4333779211812135e+13	+2.8667558423624270e+13	+3.0398149473966063e-01	+3.0398149473966063e-01	+1.0000000000000000e+00
1.3980000000000000e+07	+2.5618463032894570e+15	+1.4284974919565740e+13	+2.8569949839131480e+13	+3.0367349359448437e-01	+3.0367349359448437e-01	+1.0000000000000000e+00
1.4000000000000000e+07	+2.5636661591135230e+15	+1.4236299426917098e+13	+2.8472598853834195e+13	+3.0336498384167693e-01	+3.0336498384167693e-01	+1.0000000000000000e+00
1.4020000000000000e+07	+2.5654841636607330e+15	+1.4187752494283291e+13	+2.8375504988566582e+13	+3.0305597584779032e-01	+3.0305597584779032e-01	+1.0000000000000000e+00
1.4040000000000000e+07	+2.5673003139752355e+15	+1.4139333896287592e+13	+2.8278667792575184e+13	+3.0274648015863681e-01	+3.0274648015863681e-01	+1.0000000000000000e+00
1.4060000000000000e+07	+2.5691146071649360e+15	+1.4091043421338371e+13	+2.8182086842676742e+13	+3.0243650749449830e-01	+3.0243650749449830e-01	+1.0000000000000000e+00
1.4080000000000000e+07	+2.5709270404025280e+15	+1.4042880871213971e+13	+2.8085761742427941e+13	+3.0212606874532949e-01	+3.0212606874532949e-01	+1.0000000000000000e+00
1.4100000000000000e+07	+2.5727376109264965e+15	+1.3994846060653463e+13	+2.7989692121306926e+13	+3.0181517496595966e-01	+3.0181517496595966e-01	+1.0000000000000000e+00
1.4120000000000000e+07	+2.5745463160420910e+15	+1.3946938816953123e+13	+2.7893877633906246e+13	+3.0150383737129599e-01	+3.0150383737129599e-01	+1.0000000000000000e+00
1.4140000000000000e+07	+2.5763531531222735e+15	+1.3899158979568660e+13	+2.7798317959137320e+13	+3.0119206733152232e-01	+3.0119206733152232e-01	+1.0000000000000000e+00
1.4160000000000000e+07	+2.5781581196086315e+15	+1.3851506399723098e+13	+2.7703012799446195e+13	+3.0087987636730490e-01	+3.0087987636730490e-01	+1.0000000000000000e+00
1.4180000000000000e+07	+2.5799612130122695e+15	+1.3803980940020188e+13	+2.7607961880040375e+13	+3.0056727614499756e-01	+3.0056727614499756e-01	+1.0000000000000000e+00
1.4200000000000000e+07	+2.5817624309146655e+15	+1.3756582474063320e+13	+2.7513164948126641e+13	+3.0025427847185276e-01	+3.0025427847185276e-01	+1.0000000000000000e+00
1.4220000000000000e+07	+2.5835617709685030e+15	+1.3709310886079975e+13	+2.7418621772159949e+13	+2.9994089529123757e-01	+2.9994089529123757e-01	+1.0000000000000000e+00
1.4240000000000000e+07	+2.5853592308984715e+15	+1.3662166070551504e+13	+2.7324332141103008e+13	+2.9962713867785629e-01	+2.9962713867785629e-01	+1.0000000000000000e+00
1.4260000000000000e+07	+2.5871548085020415e+15	+1.3615147931848291e+13	+2.7230295863696582e+13	+2.9931302083298306e-01	+2.9931302083298306e-01	+1.0000000000000000e+00
1.4280000000000000e+07	+2.5889485016502070e+15	+1.3568256383870188e+13	+2.7136512767740375e+13	+2.9899855407970377e-01	+2.9899855407970377e-01	+1.0000000000000000e+00
1.4300000000000000e+07	+2.5907403082882030e+15	+1.3521491349692336e+13	+2.7042982699384672e+13	+2.9868375085816790e-01	+2.9868375085816790e-01	+1.0000000000000000e+00
1.4320000000000000e+07	+2.5925302264361935e+15	+1.3474852761216025e+13	+2.6949705522432051e+13	+2.9836862372085088e-01	+2.9836862372085088e-01	+1.0000000000000000e+00
1.4340000000000000e+07	+2.5943182541899295e+15	+1.3428340558824879e+13	+2.6856681117649758e+13	+2.9805318532783975e-01	+2.9805318532783975e-01	+1.0000000000000000e+00
1.4360000000000000e+07	+2.5961043897213810e+15	+1.3381954691046162e+13	+2.6763909382092324e+13	+2.9773744844211925e-01	+2.9773744844211925e-01	+1.0000000000000000e+00
1.4380000000000000e+07	+2.5978886312793395e+15	+1.3335695114217186e+13	+2.6671390228434371e+13	+2.9742142592489190e-01	+2.9742142592489190e-01	+1.0000000000000000e+00
1.4400000000000000e+07	+2.5996709771899945e+15	+1.3289561792156773e+13	+2.6579123584313547e+13	+2.9710513073090089e-01	+2.9710513073090089e-01	+1.0000000000000000e+00
1.4420000000000000e+07	+2.6014514258574765e+15	+1.3243554695841883e+13	+2.6487109391683766e+13	+2.9678857590378410e-01	+2.9678857590378410e-01	+1.0000000000000000e+00
1.4440000000000000e+07	+2.6032299757643800e+15	+1.3197673803089117e+13	+2.6395347606178234e+13	+2.9647177457144225e-01	+2.9647177457144225e-01	+1.0000000000000000e+00
1.4460000000000000e+07	+2.6050066254722545e+15	+1.3151919098241379e+13	+2.6303838196482758e+13	+2.9615473994143326e-01	+2.9615473994143326e-01	+1.0000000000000000e+00
1.4480000000000000e+07	+2.6067813736220655e+15	+1.3106290571859412e+13	+2.6212581143718824e+13	+2.9583748529639031e-01	+2.9583748529639031e-01	+1.0000000000000000e+00
1.4500000000000000e+07	+2.6085542189346340e+15	+1.3060788220418297e+13	+2.6121576440836594e+13	+2.9552002398946220e-01	+2.9552002398946220e-01	+1.0000000000000000e+00
1.4520000000000000e+07	+2.6103251602110440e+15	+1.3015412046008980e+13	+2.6030824092017961e+13	+2.9520236943978762e-01	+2.9520236943978762e-01	+1.0000000000000000e+00
1.4540000000000000e+07	+2.6120941963330255e+15	+1.2970162056044570e+13	+2.5940324112089141e+13	+2.9488453512798929e-01	+2.9488453512798929e-01	+1.0000000000000000e+00
1.4560000000000000e+07	+2.6138613262633100e+15	+1.2925038262971676e+13	+2.5850076525943352e+13	+2.9456653459170262e-01	+2.9456653459170262e-01	+1.0000000000000000e+00
1.4580000000000000e+07	+2.6156265490459565e+15	+1.2880040683986480e+13	+2.5760081367972961e+13	+2.9424838142113741e-01	+2.9424838142113741e-01	+1.0000000000000000e+00
1.4600000000000000e+07	+2.6173898638066580e+15	+1.2835169340755768e+13	+2.5670338681511535e+13	+2.9393008925466507e-01	+2.9393008925466507e-01	+1.0000000000000000e+00
1.4620000000000000e+07	+2.6191512697530125e+15	+1.2790424259142771e+13	+2.5580848518285543e+13	+2.9361167177444758e-01	+2.9361167177444758e-01	+1.0000000000000000e+00
1.4640000000000000e+07	+2.6209107661747760e+15	+1.2745805468937773e+13	+2.5491610937875547e+13	+2.9329314270209522e-01	+2.9329314270209522e-01	+1.0000000000000000e+00
1.4660000000000000e+07	+2.6226683524440835e+15	+1.2701313003593641e+13	+2.5402626007187281e+13	+2.9297451579436518e-01	+2.9297451579436518e-01	+1.0000000000000000e+00
1.4680000000000000e+07	+2.6244240280156490e+15	+1.2656946899965953e+13	+2.5313893799931906e+13	+2.9265580483889569e-01	+2.9265580483889569e-01	+1.0000000000000000e+00
1.4700000000000000e+07	+2.6261777924269370e+15	+1.2612707198058131e+13	+2.5225414396116262e+13	+2.9233702364997860e-01	+2.9233702364997860e-01	+1.0000000000000000e+00
1.4720000000000000e+07	+2.6279296452983100e+15	+1.2568593940771141e+13	+2.5137187881542281e+13	+2.9201818606437469e-01	+2.9201818606437469e-01	+1.0000000000000000e+00
1.4740000000000000e+07	+2.6296795863331495e+15	+1.2524607173657967e+13	+2.5049214347315934e+13	+2.9169930593716853e-01	+2.9169930593716853e-01	+1.0000000000000000e+00
1.4760000000000000e+07	+2.6314276153179560e+15	+1.2480746944682875e+13	+2.4961493889365750e+13	+2.9138039713766684e-01	+2.9138039713766684e-01	+1.0000000000000000e+00
1.4780000000000000e+07	+2.6331737321224205e+15	+1.2437013303985318e+13	+2.4874026607970637e+13	+2.9106147354533851e-01	+2.9106147354533851e-01	+1.0000000000000000e+00
1.4800000000000000e+07	+2.6349179366994730e+15	+1.2393406303648535e+13	+2.4786812607297070e+13	+2.9074254904580660e-01	+2.9074254904580660e-01	+1.0000000000000000e+00
1.4820000000000000e+07	+2.6366602290853090e+15	+1.2349925997472844e+13	+2.4699851994945688e+13	+2.9042363752687411e-01	+2.9042363752687411e-01	+1.0000000000000000e+00
1.4840000000000000e+07	+2.6384006093993890e+15	+1.2306572440753535e+13	+2.4613144881507070e+13	+2.9010475287461107e-01	+2.9010475287461107e-01	+1.0000000000000000e+00
1.4860000000000000e+07	+2.6401390778444175e+15	+1.2263345690063469e+13	+2.4526691380126938e+13	+2.8978590896947937e-01	+2.8978590896947937e-01	+1.0000000000000000e+00
1.4880000000000000e+07	+2.6418756347062995e+15	+1.2220245803040178e+13	+2.4440491606080355e+13	+2.8946711968251093e-01	+2.8946711968251093e-01	+1.0000000000000000e+00
1.4900000000000000e+07	+2.6436102803540680e+15	+1.2177272838177727e+13	+2.4354545676355453e+13	+2.8914839887153754e-01	+2.8914839887153754e-01	+1.0000000000000000e+00
1.4920000000000000e+07	+2.6453430152397995e+15	+1.2134426854622961e+13	+2.4268853709245922e+13	+2.8882976037746755e-01	+2.8882976037746755e-01	+1.0000000000000000e+00
1.4940000000000000e+07	+2.6470738398984955e+15	+1.2091707911976449e+13	+2.4183415823952898e+13	+2.8851121802062124e-01	+2.8851121802062124e-01	+1.0000000000000000e+00
1.4960000000000000e+07	+2.6488027549479550e+15	+1.2049116070097898e+13	+2.4098232140195797e+13	+2.8819278559711142e-01	+2.8819278559711142e-01	+1.0000000000000000e+00
1.4980000000000000e+07	+2.6505297610886110e+15	+1.2006651388916082e+13	+2.4013302777832164e+13	+2.8787447687528334e-01	+2.8787447687528334e-01	+1.0000000000000000e+00
1.5000000000000000e+07	+2.6522548591033610e+15	+1.1964313928243287e+13	+2.3928627856486574e+13	+2.8755630559220846e-01	+2.8755630559220846e-01	+1.0000000000000000e+00
1.5020000000000000e+07	+2.6539780498573625e+15	+1.1922103747594182e+13	+2.3844207495188363e+13	+2.8723828545023333e-01	+2.8723828545023333e-01	+1.0000000000000000e+00
1.5040000000000000e+07	+2.6556993342978195e+15	+1.1880020906009174e+13	+2.3760041812018348e+13	+2.8692043011358287e-01	+2.8692043011358287e-01	+1.0000000000000000e+00
1.5060000000000000e+07	+2.6574187134537410e+15	+1.1838065461882129e+13	+2.3676130923764258e+13	+2.8660275320502426e-01	+2.8660275320502426e-01	+1.0000000000000000e+00
1.5080000000000000e+07	+2.6591361884356850e+15	+1.1796237472792562e+13	+2.3592474945585125e+13	+2.8628526830258300e-01	+2.8628526830258300e-01	+1.0000000000000000e+00
1.5100000000000000e+07	+2.6608517604354775e+15	+1.1754536995342080e+13	+2.3509073990684160e+13	+2.8596798893632425e-01	+2.8596798893632425e-01	+1.0000000000000000e+00
1.5120000000000000e+07	+2.6625654307259175e+15	+1.1712964084995312e+13	+2.3425928169990625e+13	+2.8565092858518915e-01	+2.8565092858518915e-01	+1.0000000000000000e+00
1.5140000000000000e+07	+2.6642772006604610e+15	+1.1671518795924955e+13	+2.3343037591849910e+13	+2.8533410067388687e-01	+2.8533410067388687e-01	+1.0000000000000000e+00
1.5160000000000000e+07	+2.6659870716728850e+15	+1.1630201180861291e+13	+2.3260402361722582e+13	+2.8501751856985624e-01	+2.8501751856985624e-01	+1.0000000000000000e+00
1.5180000000000000e+07	+2.6676950452769400e+15	+1.1589011290945836e+13	+2.3178022581891672e+13	+2.8470119558027290e-01	+2.8470119558027290e-01	+1.0000000000000000e+00
1.5200000000000000e+07	+2.6694011230659720e+15	+1.1547949175589248e+13	+2.3095898351178496e+13	+2.8438514494913986e-01	+2.8438514494913986e-01	+1.0000000000000000e+00
1.5220000000000000e+07	+2.6711053067125420e+15	+1.1507014882333404e+13	+2.3014029764666809e+13	+2.8406937985441122e-01	+2.8406937985441122e-01	+1.0000000000000000e+00
1.5240000000000000e+07	+2.6728075979680185e+15	+1.1466208456717641e+13	+2.2932416913435281e+13	+2.8375391340520217e-01	+2.8375391340520217e-01	+1.0000000000000000e+00
1.5260000000000000e+07	+2.6745079986621560e+15	+1.1425529942149141e+13	+2.2851059884298281e+13	+2.8343875863904772e-01	+2.8343875863904772e-01	+1.0000000000000000e+00
1.5280000000000000e+07	+2.6762065107026615e+15	+1.1384979379777311e+13	+2.2769958759554621e+13	+2.8312392851922341e-01	+2.8312392851922341e-01	+1.0000000000000000e+00
1.5300000000000000e+07	+2.6779031360747360e+15	+1.1344556808372383e+13	+2.2689113616744766e+13	+2.8280943593213675e-01	+2.8280943593213675e-01	+1.0000000000000000e+00
1.5320000000000000e+07	+2.6795978768406095e+15	+1.1304262264207787e+13	+2.2608524528415574e+13	+2.8249529368477311e-01	+2.8249529368477311e-01	+1.0000000000000000e+00
1.5340000000000000e+07	+2.6812907351390565e+15	+1.1264095780946760e+13	+2.2528191561893520e+13	+2.8218151450220891e-01	+2.8218151450220891e-01	+1.0000000000000000e+00
1.5360000000000000e+07	+2.6829817131848975e+15	+1.1224057389532672e+13	+2.2448114779065344e+13	+2.8186811102518750e-01	+2.8186811102518750e-01	+1.0000000000000000e+00
1.5380000000000000e+07	+2.6846708132684865e+15	+1.1184147118083395e+13	+2.2368294236166789e+13	+2.8155509580775107e-01	+2.8155509580775107e-01	+1.0000000000000000e+00
1.5400000000000000e+07	+2.6863580377551835e+15	+1.1144364991789447e+13	+2.2288729983578895e+13	+2.8124248131495216e-01	+2.8124248131495216e-01	+1.0000000000000000e+00
1.5420000000000000e+07	+2.6880433890848155e+15	+1.1104711032815992e+13	+2.2209422065631984e+13	+2.8093027992060798e-01	+2.8093027992060798e-01	+1.0000000000000000e+00
1.5440000000000000e+07	+2.6897268697711205e+15	+1.1065185260208633e+13	+2.2130370520417266e+13	+2.8061850390513371e-01	+2.8061850390513371e-01	+1.0000000000000000e+00
1.5460000000000000e+07	+2.6914084824011840e+15	+1.1025787689802850e+13	+2.2051575379605699e+13	+2.8030716545343209e-01	+2.8030716545343209e-01	+1.0000000000000000e+00
1.5480000000000000e+07	+2.6930882296348590e+15	+1.0986518334137258e+13	+2.1973036668274516e+13	+2.7999627665284410e-01	+2.7999627665284410e-01	+1.0000000000000000e+00
1.5500000000000000e+07	+2.6947661142041740e+15	+1.0947377202370371e+13	+2.1894754404740742e+13	+2.7968584949116959e-01	+2.7968584949116959e-01	+1.0000000000000000e+00
1.5520000000000000e+07	+2.6964421389127325e+15	+1.0908364300201096e+13	+2.1816728600402191e+13	+2.7937589585474226e-01	+2.7937589585474226e-01	+1.0000000000000000e+00
1.5540000000000000e+07	+2.6981163066350960e+15	+1.0869479629792686e+13	+2.1738959259585371e+13	+2.7906642752657762e-01	+2.7906642752657762e-01	+1.0000000000000000e+00
1.5560000000000000e+07	+2.6997886203161630e+15	+1.0830723189700254e+13	+2.1661446379400508e+13	+2.7875745618456960e-01	+2.7875745618456960e-01	+1.0000000000000000e+00
1.5580000000000000e+07	+2.7014590829705300e+15	+1.0792094974801723e+13	+2.1584189949603445e+13	+2.7844899339976381e-01	+2.7844899339976381e-01	+1.0000000000000000e+00
1.5600000000000000e+07	+2.7031276976818475e+15	+1.0753594976232215e+13	+2.1507189952464430e+13	+2.7814105063468136e-01	+2.7814105063468136e-01	+1.0000000000000000e+00
1.5620000000000000e+07	+2.7047944676021655e+15	+1.0715223181321773e+13	+2.1430446362643547e+13	+2.7783363924171195e-01	+2.7783363924171195e-01	+1.0000000000000000e+00
1.5640000000000000e+07	+2.7064593959512645e+15	+1.0676979573536449e+13	+2.1353959147072898e+13	+2.7752677046156410e-01	+2.7752677046156410e-01	+1.0000000000000000e+00
1.5660000000000000e+07	+2.7081224860159865e+15	+1.0638864132422621e+13	+2.1277728264845242e+13	+2.7722045542177587e-01	+2.7722045542177587e-01	+1.0000000000000000e+00
1.5680000000000000e+07	+2.7097837411495485e+15	+1.0600876833554545e+13	+2.1201753667109090e+13	+2.7691470513528849e-01	+2.7691470513528849e-01	+1.0000000000000000e+00
1.5700000000000000e+07	+2.7114431647708525e+15	+1.0563017648485062e+13	+2.1126035296970125e+13	+2.7660953049908038e-01	+2.7660953049908038e-01	+1.0000000000000000e+00
1.5720000000000000e+07	+2.7131007603637865e+15	+1.0525286544699479e+13	+2.1050573089398957e+13	+2.7630494229285857e-01	+2.7630494229285857e-01	+1.0000000000000000e+00
1.5740000000000000e+07	+2.7147565314765175e+15	+1.0487683485572426e+13	+2.0975366971144852e+13	+2.7600095117780943e-01	+2.7600095117780943e-01	+1.0000000000000000e+00
1.5760000000000000e+07	+2.7164104817207765e+15	+1.0450208430327814e+13	+2.0900416860655629e+13	+2.7569756769540982e-01	+2.7569756769540982e-01	+1.0000000000000000e+00
1.5780000000000000e+07	+2.7180626147711385e+15	+1.0412861334001727e+13	+2.0825722668003453e+13	+2.7539480226629637e-01	+2.7539480226629637e-01	+1.0000000000000000e+00
1.5800000000000000e+07	+2.7197129343642935e+15	+1.0375642147408213e+13	+2.0751284294816426e+13	+2.7509266518919140e-01	+2.7509266518919140e-01	+1.0000000000000000e+00
1.5820000000000000e+07	+2.7213614442983120e+15	+1.0338550817107967e+13	+2.0677101634215934e+13	+2.7479116663988501e-01	+2.7479116663988501e-01	+1.0000000000000000e+00
1.5840000000000000e+07	+2.7230081484319095e+15	+1.0301587285379773e+13	+2.0603174570759547e+13	+2.7449031667027590e-01	+2.7449031667027590e-01	+1.0000000000000000e+00
1.5860000000000000e+07	+2.7246530506836940e+15	+1.0264751490194797e+13	+2.0529502980389594e+13	+2.7419012520746672e-01	+2.7419012520746672e-01	+1.0000000000000000e+00
1.5880000000000000e+07	+2.7262961550314210e+15	+1.0228043365193438e+13	+2.0456086730386875e+13	+2.7389060205291604e-01	+2.7389060205291604e-01	+1.0000000000000000e+00
1.5900000000000000e+07	+2.7279374655112330e+15	+1.0191462839665012e+13	+2.0382925679330023e+13	+2.7359175688164272e-01	+2.7359175688164272e-01	+1.0000000000000000e+00
1.5920000000000000e+07	+2.7295769862169035e+15	+1.0155009838529838e+13	+2.0310019677059676e+13	+2.7329359924148650e-01	+2.7329359924148650e-01	+1.0000000000000000e+00
1.5940000000000000e+07	+2.7312147212990700e+15	+1.0118684282324031e+13	+2.0237368564648062e+13	+2.7299613855242061e-01	+2.7299613855242061e-01	+1.0000000000000000e+00
1.5960000000000000e+07	+2.7328506749644660e+15	+1.0082486087186703e+13	+2.0164972174373406e+13	+2.7269938410591671e-01	+2.7269938410591671e-01	+1.0000000000000000e+00
1.5980000000000000e+07	+2.7344848514751470e+15	+1.0046415164849607e+13	+2.0092830329699215e+13	+2.7240334506436553e-01	+2.7240334506436553e-01	+1.0000000000000000e+00
1.6000000000000000e+07	+2.7361172551477185e+15	+1.0010471422629154e+13	+2.0020942845258309e+13	+2.7210803046054050e-01	+2.7210803046054050e-01	+1.0000000000000000e+00
1.6020000000000000e+07	+2.7377478903525540e+15	+9.9746547634208516e+12	+1.9949309526841703e+13	+2.7181344919712080e-01	+2.7181344919712080e-01	+1.0000000000000000e+00
1.6040000000000000e+07	+2.7393767615130160e+15	+9.9389650856958711e+12	+1.9877930171391742e+13	+2.7151961004626124e-01	+2.7151961004626124e-01	+1.0000000000000000e+00
1.6060000000000000e+07	+2.7410038731046705e+15	+9.9034022834999668e+12	+1.9806804566999934e+13	+2.7122652164920530e-01	+2.7122652164920530e-01	+1.0000000000000000e+00
1.6080000000000000e+07	+2.7426292296545020e+15	+9.8679662464545020e+12	+1.9735932492909004e+13	+2.7093419251595446e-01	+2.7093419251595446e-01	+1.0000000000000000e+00
1.6100000000000000e+07	+2.7442528357401260e+15	+9.8326568597595723e+12	+1.9665313719519145e+13	+2.7064263102498293e-01	+2.7064263102498293e-01	+1.0000000000000000e+00
1.6120000000000000e+07	+2.7458746959889980e+15	+9.7974740041993242e+12	+1.9594948008398648e+13	+2.7035184542299562e-01	+2.7035184542299562e-01	+1.0000000000000000e+00
1.6140000000000000e+07	+2.7474948150776250e+15	+9.7624175561490957e+12	+1.9524835112298191e+13	+2.7006184382473292e-01	+2.7006184382473292e-01	+1.0000000000000000e+00
1.6160000000000000e+07	+2.7491131977307730e+15	+9.7274873875846406e+12	+1.9454974775169281e+13	+2.6977263421282355e-01	+2.6977263421282355e-01	+1.0000000000000000e+00
1.6180000000000000e+07	+2.7507298487206730e+15	+9.6926833660932676e+12	+1.9385366732186535e+13	+2.6948422443768028e-01	+2.6948422443768028e-01	+1.0000000000000000e+00
1.6200000000000000e+07	+2.7523447728662300e+15	+9.6580053548867617e+12	+1.9316010709773523e+13	+2.6919662221743534e-01	+2.6919662221743534e-01	+1.0000000000000000e+00
1.6220000000000000e+07	+2.7539579750322295e+15	+9.6234532128161797e+12	+1.9246906425632359e+13	+2.6890983513792532e-01	+2.6890983513792532e-01	+1.0000000000000000e+00
1.6240000000000000e+07	+2.7555694601285440e+15	+9.5890267943883496e+12	+1.9178053588776699e+13	+2.6862387065270732e-01	+2.6862387065270732e-01	+1.0000000000000000e+00
1.6260000000000000e+07	+2.7571792331093390e+15	+9.5547259497841016e+12	+1.9109451899568203e+13	+2.6833873608313086e-01	+2.6833873608313086e-01	+1.0000000000000000e+00
1.6280000000000000e+07	+2.7587872989722835e+15	+9.5205505248781582e+12	+1.9041101049756316e+13	+2.6805443861843242e-01	+2.6805443861843242e-01	+1.0000000000000000e+00
1.6300000000000000e+07	+2.7603936627577535e+15	+9.4865003612606055e+12	+1.8973000722521211e+13	+2.6777098531588728e-01	+2.6777098531588728e-01	+1.0000000000000000e+00
1.6320000000000000e+07	+2.7619983295480470e+15	+9.4525752962598926e+12	+1.8905150592519785e+13	+2.6748838310097922e-01	+2.6748838310097922e-01	+1.0000000000000000e+00
1.6340000000000000e+07	+2.7636013044665900e+15	+9.4187751629674512e+12	+1.8837550325934902e+13	+2.6720663876762962e-01	+2.6720663876762962e-01	+1.0000000000000000e+00
1.6360000000000000e+07	+2.7652025926771505e+15	+9.3850997902635781e+12	+1.8770199580527156e+13	+2.6692575897844611e-01	+2.6692575897844611e-01	+1.0000000000000000e+00
1.6380000000000000e+07	+2.7668021993830515e+15	+9.3515490028449355e+12	+1.8703098005689871e+13	+2.6664575026501325e-01	+2.6664575026501325e-01	+1.0000000000000000e+00
1.6400000000000000e+07	+2.7684001298263870e+15	+9.3181226212532305e+12	+1.8636245242506461e+13	+2.6636661902822001e-01	+2.6636661902822001e-01	+1.0000000000000000e+00
1.6420000000000000e+07	+2.7699963892872365e+15	+9.2848204619053438e+12	+1.8569640923810688e+13	+2.6608837153861931e-01	+2.6608837153861931e-01	+1.0000000000000000e+00
1.6440000000000000e+07	+2.7715909830828905e+15	+9.2516423371246055e+12	+1.8503284674249211e+13	+2.6581101393681683e-01	+2.6581101393681683e-01	+1.0000000000000000e+00
1.6460000000000000e+07	+2.7731839165670670e+15	+9.2185880551733828e+12	+1.8437176110346766e+13	+2.6553455223390160e-01	+2.6553455223390160e-01	+1.0000000000000000e+00
1.6480000000000000e+07	+2.7747751951291385e+15	+9.1856574202868125e+12	+1.8371314840573625e+13	+2.6525899231189914e-01	+2.6525899231189914e-01	+1.0000000000000000e+00
1.6500000000000000e+07	+2.7763648241933605e+15	+9.1528502327076230e+12	+1.8305700465415246e+13	+2.6498433992425580e-01	+2.6498433992425580e-01	+1.0000000000000000e+00
1.6520000000000000e+07	+2.7779528092180990e+15	+9.1201662887221055e+12	+1.8240332577444211e+13	+2.6471060069636387e-01	+2.6471060069636387e-01	+1.0000000000000000e+00
1.6540000000000000e+07	+2.7795391556950700e+15	+9.0876053806970488e+12	+1.8175210761394098e+13	+2.6443778012609620e-01	+2.6443778012609620e-01	+1.0000000000000000e+00
1.6560000000000000e+07	+2.7811238691485690e+15	+9.0551672971177598e+12	+1.8110334594235520e+13	+2.6416588358439169e-01	+2.6416588358439169e-01	+1.0000000000000000e+00
1.6580000000000000e+07	+2.7827069551347185e+15	+9.0228518226269492e+12	+1.8045703645253898e+13	+2.6389491631584672e-01	+2.6389491631584672e-01	+1.0000000000000000e+00
1.6600000000000000e+07	+2.7842884192407095e+15	+8.9906587380645801e+12	+1.7981317476129160e+13	+2.6362488343934781e-01	+2.6362488343934781e-01	+1.0000000000000000e+00
1.6620000000000000e+07	+2.7858682670840490e+15	+8.9585878205085820e+12	+1.7917175641017164e+13	+2.6335578994872316e-01	+2.6335578994872316e-01	+1.0000000000000000e+00
1.6640000000000000e+07	+2.7874465043118125e+15	+8.9266388433164023e+12	+1.7853277686632805e+13	+2.6308764071342305e-01	+2.6308764071342305e-01	+1.0000000000000000e+00
1.6660000000000000e+07	+2.7890231365999025e+15	+8.8948115761672734e+12	+1.7789623152334547e+13	+2.6282044047921732e-01	+2.6282044047921732e-01	+1.0000000000000000e+00
1.6680000000000000e+07	+2.7905981696523055e+15	+8.8631057851053711e+12	+1.7726211570210742e+13	+2.6255419386892692e-01	+2.6255419386892692e-01	+1.0000000000000000e+00
1.6700000000000000e+07	+2.7921716092003605e+15	+8.8315212325835059e+12	+1.7663042465167012e+13	+2.6228890538316535e-01	+2.6228890538316535e-01	+1.0000000000000000e+00
1.6720000000000000e+07	+2.7937434610020265e+15	+8.8000576775076680e+12	+1.7600115355015336e+13	+2.6202457940111201e-01	+2.6202457940111201e-01	+1.0000000000000000e+00
1.6740000000000000e+07	+2.7953137308411585e+15	+8.7687148752820605e+12	+1.7537429750564121e+13	+2.6176122018129971e-01	+2.6176122018129971e-01	+1.0000000000000000e+00
1.6760000000000000e+07	+2.7968824245267825e+15	+8.7374925778548193e+12	+1.7474985155709639e+13	+2.6149883186242978e-01	+2.6149883186242978e-01	+1.0000000000000000e+00
1.6780000000000000e+07	+2.7984495478923850e+15	+8.7063905337642559e+12	+1.7412781067528512e+13	+2.6123741846419529e-01	+2.6123741846419529e-01	+1.0000000000000000e+00
1.6800000000000000e+07	+2.8000151067951985e+15	+8.6754084881856504e+12	+1.7350816976371301e+13	+2.6097698388813306e-01	+2.6097698388813306e-01	+1.0000000000000000e+00
1.6820000000000000e+07	+2.8015791071154965e+15	+8.6445461829784785e+12	+1.7289092365956957e+13	+2.6071753191849112e-01	+2.6071753191849112e-01	+1.0000000000000000e+00
1.6840000000000000e+07	+2.8031415547558920e+15	+8.6138033567342168e+12	+1.7227606713468434e+13	+2.6045906622310921e-01	+2.6045906622310921e-01	+1.0000000000000000e+00
1.6860000000000000e+07	+2.8047024556406440e+15	+8.5831797448244346e+12	+1.7166359489648869e+13	+2.6020159035431822e-01	+2.6020159035431822e-01	+1.0000000000000000e+00
1.6880000000000000e+07	+2.8062618157149670e+15	+8.5526750794493584e+12	+1.7105350158898717e+13	+2.5994510774985757e-01	+2.5994510774985757e-01	+1.0000000000000000e+00
1.6900000000000000e+07	+2.8078196409443455e+15	+8.5222890896868008e+12	+1.7044578179373602e+13	+2.5968962173380372e-01	+2.5968962173380372e-01	+1.0000000000000000e+00
1.6920000000000000e+07	+2.8093759373138575e+15	+8.4920215015413711e+12	+1.6984043003082742e+13	+2.5943513551751501e-01	+2.5943513551751501e-01	+1.0000000000000000e+00
1.6940000000000000e+07	+2.8109307108274985e+15	+8.4618720379939941e+12	+1.6923744075987988e+13	+2.5918165220059308e-01	+2.5918165220059308e-01	+1.0000000000000000e+00
1.6960000000000000e+07	+2.8124839675075180e+15	+8.4318404190517695e+12	+1.6863680838103539e+13	+2.5892917477184629e-01	+2.5892917477184629e-01	+1.0000000000000000e+00
1.6980000000000000e+07	+2.8140357133937550e+15	+8.4019263617979521e+12	+1.6803852723595904e+13	+2.5867770611028257e-01	+2.5867770611028257e-01	+1.0000000000000000e+00
1.7000000000000000e+07	+2.8155859545429840e+15	+8.3721295804422373e+12	+1.6744259160884475e+13	+2.5842724898609759e-01	+2.5842724898609759e-01	+1.0000000000000000e+00
1.7020000000000000e+07	+2.8171346970282670e+15	+8.3424497863712041e+12	+1.6684899572742408e+13	+2.5817780606168200e-01	+2.5817780606168200e-01	+1.0000000000000000e+00
1.7040000000000000e+07	+2.8186819469383065e+15	+8.3128866881988672e+12	+1.6625773376397734e+13	+2.5792937989263887e-01	+2.5792937989263887e-01	+1.0000000000000000e+00
1.7060000000000000e+07	+2.8202277103768115e+15	+8.2834399918174404e+12	+1.6566879983634881e+13	+2.5768197292881090e-01	+2.5768197292881090e-01	+1.0000000000000000e+00
1.7080000000000000e+07	+2.8217719934618655e+15	+8.2541094004481553e+12	+1.6508218800896311e+13	+2.5743558751531131e-01	+2.5743558751531131e-01	+1.0000000000000000e+00
1.7100000000000000e+07	+2.8233148023253010e+15	+8.2248946146921113e+12	+1.6449789229384223e+13	+2.5719022589357426e-01	+2.5719022589357426e-01	+1.0000000000000000e+00
1.7120000000000000e+07	+2.8248561431120820e+15	+8.1957953325813262e+12	+1.6391590665162652e+13	+2.5694589020239711e-01	+2.5694589020239711e-01	+1.0000000000000000e+00
1.7140000000000000e+07	+2.8263960219796920e+15	+8.1668112496296514e+12	+1.6333622499259303e+13	+2.5670258247900818e-01	+2.5670258247900818e-01	+1.0000000000000000e+00
1.7160000000000000e+07	+2.8279344450975260e+15	+8.1379420588837744e+12	+1.6275884117767549e+13	+2.5646030466012704e-01	+2.5646030466012704e-01	+1.0000000000000000e+00
1.7180000000000000e+07	+2.8294714186462940e+15	+8.1091874509742520e+12	+1.6218374901948504e+13	+2.5621905858303973e-01	+2.5621905858303973e-01	+1.0000000000000000e+00
1.7200000000000000e+07	+2.8310069488174265e+15	+8.0805471141663984e+12	+1.6161094228332797e+13	+2.5597884598667248e-01	+2.5597884598667248e-01	+1.0000000000000000e+00
1.7220000000000000e+07	+2.8325410418124870e+15	+8.0520207344112031e+12	+1.6104041468822406e+13	+2.5573966851268126e-01	+2.5573966851268126e-01	+1.0000000000000000e+00
1.7240000000000000e+07	+2.8340737038425950e+15	+8.0236079953961279e+12	+1.6047215990792256e+13	+2.5550152770653151e-01	+2.5550152770653151e-01	+1.0000000000000000e+00
1.7260000000000000e+07	+2.8356049411278490e+15	+7.9953085785958105e+12	+1.5990617157191621e+13	+2.5526442501859409e-01	+2.5526442501859409e-01	+1.0000000000000000e+00
1.7280000000000000e+07	+2.8371347598967630e+15	+7.9671221633226777e+12	+1.5934244326645355e+13	+2.5502836180524219e-01	+2.5502836180524219e-01	+1.0000000000000000e+00
1.7300000000000000e+07	+2.8386631663857035e+15	+7.9390484267773975e+12	+1.5878096853554795e+13	+2.5479333932994569e-01	+2.5479333932994569e-01	+1.0000000000000000e+00
1.7320000000000000e+07	+2.8401901668383370e+15	+7.9110870440991621e+12	+1.5822174088198324e+13	+2.5455935876437624e-01	+2.5455935876437624e-01	+1.0000000000000000e+00
1.7340000000000000e+07	+2.8417157675050830e+15	+7.8832376884158564e+12	+1.5766475376831713e+13	+2.5432642118950521e-01	+2.5432642118950521e-01	+1.0000000000000000e+00
1.7360000000000000e+07	+2.8432399746425725e+15	+7.8555000308939600e+12	+1.5711000061787920e+13	+2.5409452759672030e-01	+2.5409452759672030e-01	+1.0000000000000000e+00
1.7380000000000000e+07	+2.8447627945131160e+15	+7.8278737407883086e+12	+1.5655747481576617e+13	+2.5386367888891687e-01	+2.5386367888891687e-01	+1.0000000000000000e+00
1.7400000000000000e+07	+2.8462842333841740e+15	+7.8003584854916318e+12	+1.5600716970983264e+13	+2.5363387588162006e-01	+2.5363387588162006e-01	+1.0000000000000000e+00
1.7420000000000000e+07	+2.8478042975278375e+15	+7.7729539305838057e+12	+1.5545907861167611e+13	+2.5340511930408227e-01	+2.5340511930408227e-01	+1.0000000000000000e+00
1.7440000000000000e+07	+2.8493229932203165e+15	+7.7456597398808662e+12	+1.5491319479761732e+13	+2.5317740980039721e-01	+2.5317740980039721e-01	+1.0000000000000000e+00
1.7460000000000000e+07	+2.8508403267414270e+15	+7.7184755754838760e+12	+1.5436951150967752e+13	+2.5295074793060585e-01	+2.5295074793060585e-01	+1.0000000000000000e+00
1.7480000000000000e+07	+2.8523563043740960e+15	+7.6914010978272949e+12	+1.5382802195654590e+13	+2.5272513417180492e-01	+2.5272513417180492e-01	+1.0000000000000000e+00
1.7500000000000000e+07	+2.8538709324038640e+15	+7.6644359657272490e+12	+1.5328871931454498e+13	+2.5250056891925271e-01	+2.5250056891925271e-01	+1.0000000000000000e+00
1.7520000000000000e+07	+2.8553842171183995e+15	+7.6375798364294473e+12	+1.5275159672858895e+13	+2.5227705248747467e-01	+2.5227705248747467e-01	+1.0000000000000000e+00
1.7540000000000000e+07	+2.8568961648070175e+15	+7.6108323656567227e+12	+1.5221664731313445e+13	+2.5205458511136408e-01	+2.5205458511136408e-01	+1.0000000000000000e+00
1.7560000000000000e+07	+2.8584067817602055e+15	+7.5841932076562861e+12	+1.5168386415312572e+13	+2.5183316694728625e-01	+2.5183316694728625e-01	+1.0000000000000000e+00
1.7580000000000000e+07	+2.8599160742691550e+15	+7.5576620152467070e+12	+1.5115324030493414e+13	+2.5161279807417486e-01	+2.5161279807417486e-01	+1.0000000000000000e+00
1.7600000000000000e+07	+2.8614240486253020e+15	+7.5312384398644365e+12	+1.5062476879728873e+13	+2.5139347849463267e-01	+2.5139347849463267e-01	+1.0000000000000000e+00
1.7620000000000000e+07	+2.8629307111198730e+15	+7.5049221316100322e+12	+1.5009844263220064e+13	+2.5117520813601513e-01	+2.5117520813601513e-01	+1.0000000000000000e+00
1.7640000000000000e+07	+2.8644360680434340e+15	+7.4787127392940303e+12	+1.4957425478588061e+13	+2.5095798685153081e-01	+2.5095798685153081e-01	+1.0000000000000000e+00
1.7660000000000000e+07	+2.8659401256854530e+15	+7.4526099104823955e+12	+1.4905219820964791e+13	+2.5074181442132021e-01	+2.5074181442132021e-01	+1.0000000000000000e+00
1.7680000000000000e+07	+2.8674428903338630e+15	+7.4266132915416318e+12	+1.4853226583083264e+13	+2.5052669055353988e-01	+2.5052669055353988e-01	+1.0000000000000000e+00
1.7700000000000000e+07	+2.8689443682746330e+15	+7.4007225276834590e+12	+1.4801445055366918e+13	+2.5031261488544132e-01	+2.5031261488544132e-01	+1.0000000000000000e+00
1.7720000000000000e+07	+2.8704445657913485e+15	+7.3749372630091484e+12	+1.4749874526018297e+13	+2.5009958698444290e-01	+2.5009958698444290e-01	+1.0000000000000000e+00
1.7740000000000000e+07	+2.8719434891647940e+15	+7.3492571405533584e+12	+1.4698514281106717e+13	+2.4988760634919846e-01	+2.4988760634919846e-01	+1.0000000000000000e+00
1.7760000000000000e+07	+2.8734411446725445e+15	+7.3236818023276533e+12	+1.4647363604655307e+13	+2.4967667241066407e-01	+2.4967667241066407e-01	+1.0000000000000000e+00
1.7780000000000000e+07	+2.8749375385885630e+15	+7.2982108893635537e+12	+1.4596421778727107e+13	+2.4946678453315127e-01	+2.4946678453315127e-01	+1.0000000000000000e+00
1.7800000000000000e+07	+2.8764326771828040e+15	+7.2728440417551387e+12	+1.4545688083510277e+13	+2.4925794201538612e-01	+2.4925794201538612e-01	+1.0000000000000000e+00
1.7820000000000000e+07	+2.8779265667208225e+15	+7.2475808987012676e+12	+1.4495161797402535e+13	+2.4905014409155293e-01	+2.4905014409155293e-01	+1.0000000000000000e+00
1.7840000000000000e+07	+2.8794192134633920e+15	+7.2224210985473330e+12	+1.4444842197094666e+13	+2.4884338993233721e-01	+2.4884338993233721e-01	+1.0000000000000000e+00
1.7860000000000000e+07	+2.8809106236661245e+15	+7.1973642788265684e+12	+1.4394728557653137e+13	+2.4863767864596081e-01	+2.4863767864596081e-01	+1.0000000000000000e+00
1.7880000000000000e+07	+2.8824008035791005e+15	+7.1724100763009062e+12	+1.4344820152601812e+13	+2.4843300927921572e-01	+2.4843300927921572e-01	+1.0000000000000000e+00
1.7900000000000000e+07	+2.8838897594465060e+15	+7.1475581270014131e+12	+1.4295116254002826e+13	+2.4822938081847470e-01	+2.4822938081847470e-01	+1.0000000000000000e+00
1.7920000000000000e+07	+2.8853774975062675e+15	+7.1228080662682354e+12	+1.4245616132536471e+13	+2.4802679219072712e-01	+2.4802679219072712e-01	+1.0000000000000000e+00
1.7940000000000000e+07	+2.8868640239897045e+15	+7.0981595287901172e+12	+1.4196319057580234e+13	+2.4782524226457137e-01	+2.4782524226457137e-01	+1.0000000000000000e+00
1.7960000000000000e+07	+2.8883493451211790e+15	+7.0736121486434033e+12	+1.4147224297286807e+13	+2.4762472985122513e-01	+2.4762472985122513e-01	+1.0000000000000000e+00
1.7980000000000000e+07	+2.8898334671177570e+15	+7.0491655593306475e+12	+1.4098331118661295e+13	+2.4742525370552440e-01	+2.4742525370552440e-01	+1.0000000000000000e+00
1.8000000000000000e+07	+2.8913163961888710e+15	+7.0248193938186924e+12	+1.4049638787637385e+13	+2.4722681252690287e-01	+2.4722681252690287e-01	+1.0000000000000000e+00
1.8020000000000000e+07	+2.8927981385359925e+15	+7.0005732845763242e+12	+1.4001146569152648e+13	+2.4702940496038370e-01	+2.4702940496038370e-01	+1.0000000000000000e+00
1.8040000000000000e+07	+2.8942787003523080e+15	+6.9764268636113936e+12	+1.3952853727222787e+13	+2.4683302959754258e-01	+2.4683302959754258e-01	+1.0000000000000000e+00
1.8060000000000000e+07	+2.8957580878224005e+15	+6.9523797625075566e+12	+1.3904759525015113e+13	+2.4663768497748537e-01	+2.4663768497748537e-01	+1.0000000000000000e+00
1.8080000000000000e+07	+2.8972363071219410e+15	+6.9284316124604307e+12	+1.3856863224920861e+13	+2.4644336958779353e-01	+2.4644336958779353e-01	+1.0000000000000000e+00
1.8100000000000000e+07	+2.8987133644173780e+15	+6.9045820443133623e+12	+1.3809164088626725e+13	+2.4625008186548775e-01	+2.4625008186548775e-01	+1.0000000000000000e+00
1.8120000000000000e+07	+2.9001892658656405e+15	+6.8808306885926768e+12	+1.3761661377185354e+13	+2.4605782019796230e-01	+2.4605782019796230e-01	+1.0000000000000000e+00
1.8140000000000000e+07	+2.9016640176138415e+15	+6.8571771755424268e+12	+1.3714354351084854e+13	+2.4586658292392208e-01	+2.4586658292392208e-01	+1.0000000000000000e+00
1.8160000000000000e+07	+2.9031376257989900e+15	+6.8336211351587295e+12	+1.3667242270317459e+13	+2.4567636833430700e-01	+2.4567636833430700e-01	+1.0000000000000000e+00
1.8180000000000000e+07	+2.9046100965477075e+15	+6.8101621972235400e+12	+1.3620324394447080e+13	+2.4548717467321371e-01	+2.4548717467321371e-01	+1.0000000000000000e+00
1.8200000000000000e+07	+2.9060814359759465e+15	+6.7867999913380322e+12	+1.3573599982676064e+13	+2.4529900013880521e-01	+2.4529900013880521e-01	+1.0000000000000000e+00
1.8220000000000000e+07	+2.9075516501887245e+15	+6.7635341469553984e+12	+1.3527068293910797e+13	+2.4511184288420765e-01	+2.4511184288420765e-01	+1.0000000000000000e+00
1.8240000000000000e+07	+2.9090207452798495e+15	+6.7403642934132803e+12	+1.3480728586826561e+13	+2.4492570101840852e-01	+2.4492570101840852e-01	+1.0000000000000000e+00
1.8260000000000000e+07	+2.9104887273316615e+15	+6.7172900599656367e+12	+1.3434580119931273e+13	+2.4474057260714208e-01	+2.4474057260714208e-01	+1.0000000000000000e+00
1.8280000000000000e+07	+2.9119556024147770e+15	+6.6943110758141689e+12	+1.3388622151628338e+13	+2.4455645567375942e-01	+2.4455645567375942e-01	+1.0000000000000000e+00
1.8300000000000000e+07	+2.9134213765878355e+15	+6.6714269701392559e+12	+1.3342853940278512e+13	+2.4437334820009954e-01	+2.4437334820009954e-01	+1.0000000000000000e+00
1.8320000000000000e+07	+2.9148860558972515e+15	+6.6486373721304375e+12	+1.3297274744260875e+13	+2.4419124812735196e-01	+2.4419124812735196e-01	+1.0000000000000000e+00
1.8340000000000000e+07	+2.9163496463769785e+15	+6.6259419110163799e+12	+1.3251883822032760e+13	+2.4401015335689802e-01	+2.4401015335689802e-01	+1.0000000000000000e+00
1.8360000000000000e+07	+2.9178121540482685e+15	+6.6033402160944209e+12	+1.3206680432188842e+13	+2.4383006175116009e-01	+2.4383006175116009e-01	+1.0000000000000000e+00
1.8380000000000000e+07	+2.9192735849194410e+15	+6.5808319167595977e+12	+1.3161663833519195e+13	+2.4365097113442918e-01	+2.4365097113442918e-01	+1.0000000000000000e+00
1.8400000000000000e+07	+2.9207339449856600e+15	+6.5584166425332227e+12	+1.3116833285066445e+13	+2.4347287929368999e-01	+2.4347287929368999e-01	+1.0000000000000000e+00
1.8420000000000000e+07	+2.9221932402287090e+15	+6.5360940230910107e+12	+1.3072188046182021e+13	+2.4329578397943832e-01	+2.4329578397943832e-01	+1.0000000000000000e+00
1.8440000000000000e+07	+2.9236514766167785e+15	+6.5138636882906924e+12	+1.3027727376581385e+13	+2.4311968290648317e-01	+2.4311968290648317e-01	+1.0000000000000000e+00
1.8460000000000000e+07	+2.9251086601042500e+15	+6.4917252681992100e+12	+1.2983450536398420e+13	+2.4294457375474388e-01	+2.4294457375474388e-01	+1.0000000000000000e+00
1.8480000000000000e+07	+2.9265647966314935e+15	+6.4696783931194180e+12	+1.2939356786238836e+13	+2.4277045417004436e-01	+2.4277045417004436e-01	+1.0000000000000000e+00
1.8500000000000000e+07	+2.9280198921246620e+15	+6.4477226936163857e+12	+1.2895445387232771e+13	+2.4259732176488530e-01	+2.4259732176488530e-01	+1.0000000000000000e+00
1.8520000000000000e+07	+2.9294739524954965e+15	+6.4258578005431328e+12	+1.2851715601086266e+13	+2.4242517411921338e-01	+2.4242517411921338e-01	+1.0000000000000000e+00
1.8540000000000000e+07	+2.9309269836411315e+15	+6.4040833450660195e+12	+1.2808166690132039e+13	+2.4225400878119385e-01	+2.4225400878119385e-01	+1.0000000000000000e+00
1.8560000000000000e+07	+2.9323789914439070e+15	+6.3823989586896367e+12	+1.2764797917379273e+13	+2.4208382326794961e-01	+2.4208382326794961e-01	+1.0000000000000000e+00
1.8580000000000000e+07	+2.9338299817711860e+15	+6.3608042732812490e+12	+1.2721608546562498e+13	+2.4191461506631448e-01	+2.4191461506631448e-01	+1.0000000000000000e+00
1.8600000000000000e+07	+2.9352799604751720e+15	+6.3392989210948018e+12	+1.2678597842189604e+13	+2.4174638163356338e-01	+2.4174638163356338e-01	+1.0000000000000000e+00
1.8620000000000000e+07	+2.9367289333927385e+15	+6.3178825347944766e+12	+1.2635765069588953e+13	+2.4157912039813806e-01	+2.4157912039813806e-01	+1.0000000000000000e+00
1.8640000000000000e+07	+2.9381769063452535e+15	+6.2965547474778262e+12	+1.2593109494955652e+13	+2.4141282876036571e-01	+2.4141282876036571e-01	+1.0000000000000000e+00
1.8660000000000000e+07	+2.9396238851384155e+15	+6.2753151926984443e+12	+1.2550630385396889e+13	+2.4124750409316720e-01	+2.4124750409316720e-01	+1.0000000000000000e+00
1.8680000000000000e+07	+2.9410698755620925e+15	+6.2541635044882520e+12	+1.2508327008976504e+13	+2.4108314374275511e-01	+2.4108314374275511e-01	+1.0000000000000000e+00
1.8700000000000000e+07	+2.9425148833901610e+15	+6.2330993173792910e+12	+1.2466198634758582e+13	+2.4091974502932501e-01	+2.4091974502932501e-01	+1.0000000000000000e+00
1.8720000000000000e+07	+2.9439589143803540e+15	+6.2121222664251436e+12	+1.2424244532850287e+13	+2.4075730524773539e-01	+2.4075730524773539e-01	+1.0000000000000000e+00
1.8740000000000000e+07	+2.9454019742741110e+15	+6.1912319872219082e+12	+1.2382463974443816e+13	+2.4059582166818563e-01	+2.4059582166818563e-01	+1.0000000000000000e+00
1.8760000000000000e+07	+2.9468440687964305e+15	+6.1704281159287715e+12	+1.2340856231857543e+13	+2.4043529153687182e-01	+2.4043529153687182e-01	+1.0000000000000000e+00
1.8780000000000000e+07	+2.9482852036557305e+15	+6.1497102892881621e+12	+1.2299420578576324e+13	+2.4027571207665224e-01	+2.4027571207665224e-01	+1.0000000000000000e+00
1.8800000000000000e+07	+2.9497253845437095e+15	+6.1290781446454463e+12	+1.2258156289290893e+13	+2.4011708048768352e-01	+2.4011708048768352e-01	+1.0000000000000000e+00
1.8820000000000000e+07	+2.9511646171352105e+15	+6.1085313199683213e+12	+1.2217062639936643e+13	+2.3995939394806742e-01	+2.3995939394806742e-01	+1.0000000000000000e+00
1.8840000000000000e+07	+2.9526029070880945e+15	+6.0880694538657090e+12	+1.2176138907731418e+13	+2.3980264961447645e-01	+2.3980264961447645e-01	+1.0000000000000000e+00
1.8860000000000000e+07	+2.9540402600431095e+15	+6.0676921856062861e+12	+1.2135384371212572e+13	+2.3964684462277519e-01	+2.3964684462277519e-01	+1.0000000000000000e+00
1.8880000000000000e+07	+2.9554766816237710e+15	+6.0473991551366387e+12	+1.2094798310273277e+13	+2.3949197608863679e-01	+2.3949197608863679e-01	+1.0000000000000000e+00
1.8900000000000000e+07	+2.9569121774362415e+15	+6.0271900030989873e+12	+1.2054380006197975e+13	+2.3933804110813769e-01	+2.3933804110813769e-01	+1.0000000000000000e+00
1.8920000000000000e+07	+2.9583467530692150e+15	+6.0070643708485605e+12	+1.2014128741697121e+13	+2.3918503675836311e-01	+2.3918503675836311e-01	+1.0000000000000000e+00
1.8940000000000000e+07	+2.9597804140938025e+15	+5.9870219004705693e+12	+1.1974043800941139e+13	+2.3903296009799135e-01	+2.3903296009799135e-01	+1.0000000000000000e+00
1.8960000000000000e+07	+2.9612131660634290e+15	+5.9670622347967939e+12	+1.1934124469593588e+13	+2.3888180816786822e-01	+2.3888180816786822e-01	+1.0000000000000000e+00
1.8980000000000000e+07	+2.9626450145137215e+15	+5.9471850174218154e+12	+1.1894370034843631e+13	+2.3873157799158465e-01	+2.3873157799158465e-01	+1.0000000000000000e+00
1.9000000000000000e+07	+2.9640759649624125e+15	+5.9273898927188711e+12	+1.1854779785437742e+13	+2.3858226657603621e-01	+2.3858226657603621e-01	+1.0000000000000000e+00
1.9020000000000000e+07	+2.9655060229092395e+15	+5.9076765058553320e+12	+1.1815353011710664e+13	+2.3843387091197416e-01	+2.3843387091197416e-01	+1.0000000000000000e+00
1.9040000000000000e+07	+2.9669351938358505e+15	+5.8880445028078359e+12	+1.1776089005615672e+13	+2.3828638797455753e-01	+2.3828638797455753e-01	+1.0000000000000000e+00
1.9060000000000000e+07	+2.9683634832057090e+15	+5.8684935303770371e+12	+1.1736987060754074e+13	+2.3813981472388993e-01	+2.3813981472388993e-01	+1.0000000000000000e+00
1.9080000000000000e+07	+2.9697908964640110e+15	+5.8490232362020537e+12	+1.1698046472404107e+13	+2.3799414810554609e-01	+2.3799414810554609e-01	+1.0000000000000000e+00
1.9100000000000000e+07	+2.9712174390375950e+15	+5.8296332687744824e+12	+1.1659266537548965e+13	+2.3784938505109801e-01	+2.3784938505109801e-01	+1.0000000000000000e+00
1.9120000000000000e+07	+2.9726431163348600e+15	+5.8103232774521777e+12	+1.1620646554904355e+13	+2.3770552247862861e-01	+2.3770552247862861e-01	+1.0000000000000000e+00
1.9140000000000000e+07	+2.9740679337456900e+15	+5.7910929124725674e+12	+1.1582185824945135e+13	+2.3756255729323777e-01	+2.3756255729323777e-01	+1.0000000000000000e+00
1.9160000000000000e+07	+2.9754918966413720e+15	+5.7719418249657314e+12	+1.1543883649931463e+13	+2.3742048638754035e-01	+2.3742048638754035e-01	+1.0000000000000000e+00
1.9180000000000000e+07	+2.9769150103745255e+15	+5.7528696669671064e+12	+1.1505739333934213e+13	+2.3727930664216229e-01	+2.3727930664216229e-01	+1.0000000000000000e+00
1.9200000000000000e+07	+2.9783372802790335e+15	+5.7338760914298525e+12	+1.1467752182859705e+13	+2.3713901492621733e-01	+2.3713901492621733e-01	+1.0000000000000000e+00
1.9220000000000000e+07	+2.9797587116699740e+15	+5.7149607522369199e+12	+1.1429921504473840e+13	+2.3699960809778589e-01	+2.3699960809778589e-01	+1.0000000000000000e+00
1.9240000000000000e+07	+2.9811793098435515e+15	+5.6961233042127773e+12	+1.1392246608425555e+13	+2.3686108300438796e-01	+2.3686108300438796e-01	+1.0000000000000000e+00
1.9260000000000000e+07	+2.9825990800770405e+15	+5.6773634031348545e+12	+1.1354726806269709e+13	+2.3672343648343902e-01	+2.3672343648343902e-01	+1.0000000000000000e+00
1.9280000000000000e+07	+2.9840180276287240e+15	+5.6586807057446143e+12	+1.1317361411489229e+13	+2.3658666536270287e-01	+2.3658666536270287e-01	+1.0000000000000000e+00
1.9300000000000000e+07	+2.9854361577378370e+15	+5.6400748697583779e+12	+1.1280149739516756e+13	+2.3645076646074398e-01	+2.3645076646074398e-01	+1.0000000000000000e+00
1.9320000000000000e+07	+2.9868534756245095e+15	+5.6215455538778486e+12	+1.1243091107755697e+13	+2.3631573658736676e-01	+2.3631573658736676e-01	+1.0000000000000000e+00
1.9340000000000000e+07	+2.9882699864897235e+15	+5.6030924178002422e+12	+1.1206184835600484e+13	+2.3618157254403771e-01	+2.3618157254403771e-01	+1.0000000000000000e+00
1.9360000000000000e+07	+2.9896856955152550e+15	+5.5847151222282910e+12	+1.1169430244456582e+13	+2.3604827112432253e-01	+2.3604827112432253e-01	+1.0000000000000000e+00
1.9380000000000000e+07	+2.9911006078636345e+15	+5.5664133288797529e+12	+1.1132826657759506e+13	+2.3591582911429829e-01	+2.3591582911429829e-01	+1.0000000000000000e+00
1.9400000000000000e+07	+2.9925147286781000e+15	+5.5481867004968135e+12	+1.1096373400993627e+13	+2.3578424329296452e-01	+2.3578424329296452e-01	+1.0000000000000000e+00
1.9420000000000000e+07	+2.9939280630825560e+15	+5.5300349008551328e+12	+1.1060069801710266e+13	+2.3565351043265337e-01	+2.3565351043265337e-01	+1.0000000000000000e+00
1.9440000000000000e+07	+2.9953406161815360e+15	+5.5119575947725654e+12	+1.1023915189545131e+13	+2.3552362729941753e-01	+2.3552362729941753e-01	+1.0000000000000000e+00
1.9460000000000000e+07	+2.9967523930601660e+15	+5.4939544481176914e+12	+1.0987908896235383e+13	+2.3539459065342830e-01	+2.3539459065342830e-01	+1.0000000000000000e+00
1.9480000000000000e+07	+2.9981633987841290e+15	+5.4760251278180498e+12	+1.0952050255636100e+13	+2.3526639724935777e-01	+2.3526639724935777e-01	+1.0000000000000000e+00
1.9500000000000000e+07	+2.9995736383996350e+15	+5.4581693018680547e+12	+1.0916338603736109e+13	+2.3513904383675610e-01	+2.3513904383675610e-01	+1.0000000000000000e+00
1.9520000000000000e+07	+3.0009831169333880e+15	+5.4403866393367422e+12	+1.0880773278673484e+13	+2.3501252716042426e-01	+2.3501252716042426e-01	+1.0000000000000000e+00
1.9540000000000000e+07	+3.0023918393925635e+15	+5.4226768103751846e+12	+1.0845353620750369e+13	+2.3488684396077403e-01	+2.3488684396077403e-01	+1.0000000000000000e+00
1.9560000000000000e+07	+3.0037998107647805e+15	+5.4050394862236621e+12	+1.0810078972447324e+13	+2.3476199097419101e-01	+2.3476199097419101e-01	+1.0000000000000000e+00
1.9580000000000000e+07	+3.0052070360180765e+15	+5.3874743392186348e+12	+1.0774948678437270e+13	+2.3463796493338615e-01	+2.3463796493338615e-01	+1.0000000000000000e+00
1.9600000000000000e+07	+3.0066135201008910e+15	+5.3699810427993945e+12	+1.0739962085598789e+13	+2.3451476256773882e-01	+2.3451476256773882e-01	+1.0000000000000000e+00
1.9620000000000000e+07	+3.0080192679420435e+15	+5.3525592715145312e+12	+1.0705118543029062e+13	+2.3439238060363632e-01	+2.3439238060363632e-01	+1.0000000000000000e+00
1.9640000000000000e+07	+3.0094242844507170e+15	+5.3352087010281455e+12	+1.0670417402056291e+13	+2.3427081576481271e-01	+2.3427081576481271e-01	+1.0000000000000000e+00
1.9660000000000000e+07	+3.0108285745164425e+15	+5.3179290081258115e+12	+1.0635858016251623e+13	+2.3415006477266970e-01	+2.3415006477266970e-01	+1.0000000000000000e+00
1.9680000000000000e+07	+3.0122321430090895e+15	+5.3007198707203057e+12	+1.0601439741440611e+13	+2.3403012434659906e-01	+2.3403012434659906e-01	+1.0000000000000000e+00
1.9700000000000000e+07	+3.0136349947788500e+15	+5.2835809678571611e+12	+1.0567161935714322e+13	+2.3391099120430334e-01	+2.3391099120430334e-01	+1.0000000000000000e+00
1.9720000000000000e+07	+3.0150371346562315e+15	+5.2665119797199365e+12	+1.0533023959439873e+13	+2.3379266206209964e-01	+2.3379266206209964e-01	+1.0000000000000000e+00
1.9740000000000000e+07	+3.0164385674520510e+15	+5.2495125876352695e+12	+1.0499025175270539e+13	+2.3367513363522768e-01	+2.3367513363522768e-01	+1.0000000000000000e+00
1.9760000000000000e+07	+3.0178392979574275e+15	+5.2325824740777812e+12	+1.0465164948155562e+13	+2.3355840263814548e-01	+2.3355840263814548e-01	+1.0000000000000000e+00
1.9780000000000000e+07	+3.0192393309437775e+15	+5.2157213226746680e+12	+1.0431442645349336e+13	+2.3344246578482566e-01	+2.3344246578482566e-01	+1.0000000000000000e+00
1.9800000000000000e+07	+3.0206386711628165e+15	+5.1989288182101865e+12	+1.0397857636420373e+13	+2.3332731978903493e-01	+2.3332731978903493e-01	+1.0000000000000000e+00
1.9820000000000000e+07	+3.0220373233465550e+15	+5.1822046466298359e+12	+1.0364409293259672e+13	+2.3321296136462702e-01	+2.3321296136462702e-01	+1.0000000000000000e+00
1.9840000000000000e+07	+3.0234352922073010e+15	+5.1655484950444287e+12	+1.0331096990088857e+13	+2.3309938722581078e-01	+2.3309938722581078e-01	+1.0000000000000000e+00
1.9860000000000000e+07	+3.0248325824376635e+15	+5.1489600517338877e+12	+1.0297920103467775e+13	+2.3298659408742362e-01	+2.3298659408742362e-01	+1.0000000000000000e+00
1.9880000000000000e+07	+3.0262291987105575e+15	+5.1324390061509102e+12	+1.0264878012301820e+13	+2.3287457866519712e-01	+2.3287457866519712e-01	+1.0000000000000000e+00
1.9900000000000000e+07	+3.0276251456792085e+15	+5.1159850489243867e+12	+1.0231970097848773e+13	+2.3276333767601917e-01	+2.3276333767601917e-01	+1.0000000000000000e+00
1.9920000000000000e+07	+3.0290204279771605e+15	+5.0995978718626768e+12	+1.0199195743725354e+13	+2.3265286783818503e-01	+2.3265286783818503e-01	+1.0000000000000000e+00
1.9940000000000000e+07	+3.0304150502182865e+15	+5.0832771679566797e+12	+1.0166554335913359e+13	+2.3254316587165605e-01	+2.3254316587165605e-01	+1.0000000000000000e+00
1.9960000000000000e+07	+3.0318090169967995e+15	+5.0670226313826836e+12	+1.0134045262765367e+13	+2.3243422849829320e-01	+2.3243422849829320e-01	+1.0000000000000000e+00
1.9980000000000000e+07	+3.0332023328872610e+15	+5.0508339575051592e+12	+1.0101667915010318e+13	+2.3232605244211096e-01	+2.3232605244211096e-01	+1.0000000000000000e+00
2.0000000000000000e+07	+3.0345950024446000e+15	+5.0347108428792119e+12	+1.0069421685758424e+13	+2.3221863442950078e-01	+2.3221863442950078e-01	+1.0000000000000000e+00
