1.000000e+02 5.416552e+00 5.967300e+00 -4.970407e-01 -5.370772e-02
1.020000e+02 5.394194e+00 5.967300e+00 -5.171205e-01 -5.598576e-02
1.040000e+02 5.371384e+00 5.967300e+00 -5.375980e-01 -5.831800e-02
1.060000e+02 5.348122e+00 5.967300e+00 -5.584730e-01 -6.070504e-02
1.080000e+02 5.324407e+00 5.967300e+00 -5.797455e-01 -6.314748e-02
1.100000e+02 5.300238e+00 5.967300e+00 -6.014157e-01 -6.564594e-02
1.120000e+02 5.275616e+00 5.967300e+00 -6.234834e-01 -6.820106e-02
1.140000e+02 5.250538e+00 5.967300e+00 -6.459486e-01 -7.081352e-02
1.160000e+02 5.225005e+00 5.967300e+00 -6.688114e-01 -7.348398e-02
1.180000e+02 5.199015e+00 5.967300e+00 -6.920718e-01 -7.621314e-02
1.200000e+02 5.172569e+00 5.967300e+00 -7.157297e-01 -7.900173e-02
1.220000e+02 5.145664e+00 5.967300e+00 -7.397852e-01 -8.185047e-02
1.240000e+02 5.118302e+00 5.967300e+00 -7.642382e-01 -8.476014e-02
1.260000e+02 5.090480e+00 5.967300e+00 -7.890887e-01 -8.773151e-02
1.280000e+02 5.062198e+00 5.967300e+00 -8.143368e-01 -9.076538e-02
1.300000e+02 5.033455e+00 5.967300e+00 -8.399824e-01 -9.386258e-02
1.320000e+02 5.004250e+00 5.967300e+00 -8.660256e-01 -9.702395e-02
1.340000e+02 4.974583e+00 5.967300e+00 -8.924662e-01 -1.002504e-01
1.360000e+02 4.944453e+00 5.967300e+00 -9.193044e-01 -1.035427e-01
1.380000e+02 4.913858e+00 5.967300e+00 -9.465402e-01 -1.069020e-01
1.400000e+02 4.882798e+00 5.967300e+00 -9.741734e-01 -1.103290e-01
1.420000e+02 4.851271e+00 5.967300e+00 -1.002204e+00 -1.138248e-01
1.440000e+02 4.819277e+00 5.967300e+00 -1.030632e+00 -1.173904e-01
1.460000e+02 4.786815e+00 5.967300e+00 -1.059458e+00 -1.210268e-01
1.480000e+02 4.753884e+00 5.967300e+00 -1.088681e+00 -1.247350e-01
1.500000e+02 4.720482e+00 5.967300e+00 -1.118302e+00 -1.285162e-01
1.520000e+02 4.686608e+00 5.967300e+00 -1.148320e+00 -1.323714e-01
1.540000e+02 4.652262e+00 5.967300e+00 -1.178736e+00 -1.363018e-01
1.560000e+02 4.617442e+00 5.967300e+00 -1.209549e+00 -1.403087e-01
1.580000e+02 4.582147e+00 5.967300e+00 -1.240760e+00 -1.443930e-01
1.600000e+02 4.546376e+00 5.967300e+00 -1.272368e+00 -1.485563e-01
1.620000e+02 4.510127e+00 5.967300e+00 -1.304374e+00 -1.527996e-01
1.640000e+02 4.473399e+00 5.967300e+00 -1.336777e+00 -1.571243e-01
1.660000e+02 4.436191e+00 5.967300e+00 -1.369578e+00 -1.615318e-01
1.680000e+02 4.398501e+00 5.967300e+00 -1.402776e+00 -1.660235e-01
1.700000e+02 4.360328e+00 5.967300e+00 -1.436371e+00 -1.706007e-01
1.720000e+02 4.321671e+00 5.967300e+00 -1.470364e+00 -1.752650e-01
1.740000e+02 4.282528e+00 5.967300e+00 -1.504754e+00 -1.800178e-01
1.760000e+02 4.242897e+00 5.967300e+00 -1.539542e+00 -1.848608e-01
1.780000e+02 4.202777e+00 5.967300e+00 -1.574727e+00 -1.897954e-01
1.800000e+02 4.162166e+00 5.967300e+00 -1.610310e+00 -1.948234e-01
1.820000e+02 4.121063e+00 5.967300e+00 -1.646290e+00 -1.999464e-01
1.840000e+02 4.079466e+00 5.967300e+00 -1.682668e+00 -2.051662e-01
1.860000e+02 4.037373e+00 5.967300e+00 -1.719443e+00 -2.104845e-01
1.880000e+02 3.994782e+00 5.967300e+00 -1.756615e+00 -2.159032e-01
1.900000e+02 3.951691e+00 5.967300e+00 -1.794185e+00 -2.214242e-01
1.920000e+02 3.908099e+00 5.967300e+00 -1.832152e+00 -2.270494e-01
1.940000e+02 3.864003e+00 5.967300e+00 -1.870517e+00 -2.327809e-01
1.960000e+02 3.819401e+00 5.967300e+00 -1.909279e+00 -2.386206e-01
1.980000e+02 3.774291e+00 5.967300e+00 -1.948438e+00 -2.445708e-01
2.000000e+02 3.728672e+00 5.967300e+00 -1.987995e+00 -2.506335e-01
2.020000e+02 3.682540e+00 5.967300e+00 -2.027949e+00 -2.568111e-01
2.040000e+02 3.635894e+00 5.967300e+00 -2.068300e+00 -2.631058e-01
2.060000e+02 3.588731e+00 5.967300e+00 -2.109049e+00 -2.695202e-01
2.080000e+02 3.541048e+00 5.967300e+00 -2.150195e+00 -2.760565e-01
2.100000e+02 3.492844e+00 5.967300e+00 -2.191739e+00 -2.827173e-01
2.120000e+02 3.444115e+00 5.967300e+00 -2.233680e+00 -2.895054e-01
2.140000e+02 3.394859e+00 5.967300e+00 -2.276018e+00 -2.964232e-01
2.160000e+02 3.345073e+00 5.967300e+00 -2.318753e+00 -3.034737e-01
2.180000e+02 3.294754e+00 5.967300e+00 -2.361886e+00 -3.106597e-01
2.200000e+02 3.243899e+00 5.967300e+00 -2.405416e+00 -3.179841e-01
2.220000e+02 3.192506e+00 5.967300e+00 -2.449344e+00 -3.254499e-01
2.240000e+02 3.140571e+00 5.967300e+00 -2.493669e+00 -3.330604e-01
2.260000e+02 3.088090e+00 5.967300e+00 -2.538391e+00 -3.408187e-01
2.280000e+02 3.035061e+00 5.967300e+00 -2.583510e+00 -3.487281e-01
2.300000e+02 2.981481e+00 5.967300e+00 -2.629027e+00 -3.567922e-01
2.320000e+02 2.927344e+00 5.967300e+00 -2.674941e+00 -3.650145e-01
2.340000e+02 2.872649e+00 5.967300e+00 -2.721253e+00 -3.733986e-01
2.360000e+02 2.817391e+00 5.967300e+00 -2.767961e+00 -3.819483e-01
2.380000e+02 2.761565e+00 5.967300e+00 -2.815067e+00 -3.906675e-01
2.400000e+02 2.705169e+00 5.967300e+00 -2.862570e+00 -3.995604e-01
2.420000e+02 2.648199e+00 5.967300e+00 -2.910471e+00 -4.086309e-01
2.440000e+02 2.590648e+00 5.967300e+00 -2.958768e+00 -4.178835e-01
2.460000e+02 2.532514e+00 5.967300e+00 -3.007463e+00 -4.273227e-01
2.480000e+02 2.473792e+00 5.967300e+00 -3.056555e+00 -4.369529e-01
2.500000e+02 2.414477e+00 5.967300e+00 -3.106045e+00 -4.467790e-01
2.520000e+02 2.354563e+00 5.967300e+00 -3.155931e+00 -4.568058e-01
2.540000e+02 2.294047e+00 5.967300e+00 -3.206215e+00 -4.670385e-01
2.560000e+02 2.232922e+00 5.967300e+00 -3.256896e+00 -4.774824e-01
2.580000e+02 2.171183e+00 5.967300e+00 -3.307974e+00 -4.881428e-01
2.600000e+02 2.108825e+00 5.967300e+00 -3.359449e+00 -4.990254e-01
2.620000e+02 2.045842e+00 5.967300e+00 -3.411322e+00 -5.101360e-01
2.640000e+02 1.982228e+00 5.967300e+00 -3.463592e+00 -5.214806e-01
2.660000e+02 1.917976e+00 5.967300e+00 -3.516259e+00 -5.330656e-01
2.680000e+02 1.853080e+00 5.967300e+00 -3.569323e+00 -5.448972e-01
2.700000e+02 1.787534e+00 5.967300e+00 -3.622784e+00 -5.569823e-01
2.720000e+02 1.721330e+00 5.967300e+00 -3.676643e+00 -5.693278e-01
2.740000e+02 1.654461e+00 5.967300e+00 -3.730898e+00 -5.819408e-01
2.760000e+02 1.586920e+00 5.967300e+00 -3.785551e+00 -5.948288e-01
2.780000e+02 1.518700e+00 5.967300e+00 -3.840601e+00 -6.079994e-01
2.800000e+02 1.449792e+00 5.967300e+00 -3.896048e+00 -6.214607e-01
2.820000e+02 1.380187e+00 5.967300e+00 -3.951892e+00 -6.352210e-01
2.840000e+02 1.309878e+00 5.967300e+00 -4.008133e+00 -6.492888e-01
2.860000e+02 1.238856e+00 5.967300e+00 -4.064771e+00 -6.636730e-01
2.880000e+02 1.167111e+00 5.967300e+00 -4.121807e+00 -6.783829e-01
2.900000e+02 1.094633e+00 5.967300e+00 -4.179239e+00 -6.934281e-01
2.920000e+02 1.021413e+00 5.967300e+00 -4.237069e+00 -7.088184e-01
2.940000e+02 9.474407e-01 5.967300e+00 -4.295295e+00 -7.245642e-01
2.960000e+02 8.727050e-01 5.967300e+00 -4.353919e+00 -7.406762e-01
2.980000e+02 7.971950e-01 5.967300e+00 -4.412940e+00 -7.571655e-01
3.000000e+02 7.208991e-01 5.967300e+00 -4.472357e+00 -7.740435e-01
3.020000e+02 6.438055e-01 5.967300e+00 -4.532172e+00 -7.913224e-01
3.040000e+02 5.659016e-01 5.967300e+00 -4.592384e+00 -8.090144e-01
3.060000e+02 4.871747e-01 5.967300e+00 -4.652993e+00 -8.271324e-01
3.080000e+02 4.076114e-01 5.967300e+00 -4.713999e+00 -8.456898e-01
3.100000e+02 3.271978e-01 5.967300e+00 -4.775402e+00 -8.647006e-01
3.120000e+02 2.459195e-01 5.967300e+00 -4.837202e+00 -8.841790e-01
3.140000e+02 1.637615e-01 5.967300e+00 -4.899398e+00 -9.041401e-01
3.160000e+02 8.070837e-02 5.967300e+00 -4.961992e+00 -9.245994e-01
3.180000e+02 -3.255999e-03 5.967300e+00 -5.024983e+00 -9.455729e-01
3.200000e+02 -8.814831e-02 5.967300e+00 -5.088371e+00 -9.670774e-01
3.220000e+02 -1.739859e-01 5.967300e+00 -5.152156e+00 -9.891302e-01
3.240000e+02 -2.607867e-01 5.967300e+00 -5.216337e+00 -1.011749e+00
3.260000e+02 -3.485694e-01 5.967300e+00 -5.280916e+00 -1.034953e+00
3.280000e+02 -4.373532e-01 5.967300e+00 -5.345892e+00 -1.058762e+00
3.300000e+02 -5.271582e-01 5.967300e+00 -5.411264e+00 -1.083194e+00
3.320000e+02 -6.180050e-01 5.967300e+00 -5.477033e+00 -1.108272e+00
3.340000e+02 -7.099150e-01 5.967300e+00 -5.543200e+00 -1.134015e+00
3.360000e+02 -8.029104e-01 5.967300e+00 -5.609763e+00 -1.160448e+00
3.380000e+02 -8.970141e-01 5.967300e+00 -5.676723e+00 -1.187591e+00
3.400000e+02 -9.922495e-01 5.967300e+00 -5.744080e+00 -1.215470e+00
3.420000e+02 -1.088641e+00 5.967300e+00 -5.811834e+00 -1.244107e+00
3.440000e+02 -1.186214e+00 5.967300e+00 -5.879984e+00 -1.273529e+00
3.460000e+02 -1.284993e+00 5.967300e+00 -5.948532e+00 -1.303761e+00
3.480000e+02 -1.385005e+00 5.967300e+00 -6.017476e+00 -1.334829e+00
3.500000e+02 -1.486277e+00 5.967300e+00 -6.086818e+00 -1.366760e+00
3.520000e+02 -1.588837e+00 5.967300e+00 -6.156556e+00 -1.399581e+00
3.540000e+02 -1.692712e+00 5.967300e+00 -6.226690e+00 -1.433321e+00
3.560000e+02 -1.797930e+00 5.967300e+00 -6.297222e+00 -1.468008e+00
3.580000e+02 -1.904520e+00 5.967300e+00 -6.368150e+00 -1.503669e+00
3.600000e+02 -2.012510e+00 5.967300e+00 -6.439476e+00 -1.540335e+00
3.620000e+02 -2.121929e+00 5.967300e+00 -6.511198e+00 -1.578032e+00
3.640000e+02 -2.232805e+00 5.967300e+00 -6.583316e+00 -1.616789e+00
3.660000e+02 -2.345165e+00 5.967300e+00 -6.655832e+00 -1.656633e+00
3.680000e+02 -2.459035e+00 5.967300e+00 -6.728744e+00 -1.697591e+00
3.700000e+02 -2.574439e+00 5.967300e+00 -6.802053e+00 -1.739686e+00
3.720000e+02 -2.691402e+00 5.967300e+00 -6.875759e+00 -1.782943e+00
3.740000e+02 -2.809942e+00 5.967300e+00 -6.949861e+00 -1.827381e+00
3.760000e+02 -2.930076e+00 5.967300e+00 -7.024360e+00 -1.873016e+00
3.780000e+02 -3.051818e+00 5.967300e+00 -7.099256e+00 -1.919862e+00
3.800000e+02 -3.175173e+00 5.967300e+00 -7.174549e+00 -1.967925e+00
3.820000e+02 -3.300144e+00 5.967300e+00 -7.250238e+00 -2.017206e+00
3.840000e+02 -3.426722e+00 5.967300e+00 -7.326324e+00 -2.067698e+00
3.860000e+02 -3.554889e+00 5.967300e+00 -7.402806e+00 -2.119383e+00
3.880000e+02 -3.684617e+00 5.967300e+00 -7.479685e+00 -2.172232e+00
3.900000e+02 -3.815862e+00 5.967300e+00 -7.556961e+00 -2.226201e+00
3.920000e+02 -3.948562e+00 5.967300e+00 -7.634633e+00 -2.281229e+00
3.940000e+02 -4.082635e+00 5.967300e+00 -7.712702e+00 -2.337233e+00
3.960000e+02 -4.217975e+00 5.967300e+00 -7.791168e+00 -2.394107e+00
3.980000e+02 -4.354444e+00 5.967300e+00 -7.870030e+00 -2.451714e+00
4.000000e+02 -4.491870e+00 5.967300e+00 -7.949289e+00 -2.509882e+00
4.020000e+02 -4.630040e+00 5.967300e+00 -8.028944e+00 -2.568396e+00
4.040000e+02 -4.768691e+00 5.967300e+00 -8.108996e+00 -2.626995e+00
4.060000e+02 -4.907502e+00 5.967300e+00 -8.189444e+00 -2.685358e+00
4.080000e+02 -5.046084e+00 5.967300e+00 -8.270289e+00 -2.743095e+00
4.100000e+02 -5.183971e+00 5.967300e+00 -8.351531e+00 -2.799740e+00
4.120000e+02 -5.320603e+00 5.967300e+00 -8.433169e+00 -2.854735e+00
4.140000e+02 -5.455318e+00 5.967300e+00 -8.515203e+00 -2.907415e+00
4.160000e+02 -5.587332e+00 5.967300e+00 -8.597634e+00 -2.956998e+00
4.180000e+02 -5.715725e+00 5.967300e+00 -8.680462e+00 -3.002563e+00
4.200000e+02 -5.839427e+00 5.967300e+00 -8.763686e+00 -3.043041e+00
4.220000e+02 -5.957198e+00 5.967300e+00 -8.847306e+00 -3.077192e+00
4.240000e+02 -6.067618e+00 5.967300e+00 -8.931323e+00 -3.103595e+00
4.260000e+02 -6.169074e+00 5.967300e+00 -9.015736e+00 -3.120638e+00
4.280000e+02 -6.259756e+00 5.967300e+00 -9.100546e+00 -3.126510e+00
4.300000e+02 -6.337660e+00 5.967300e+00 -9.185752e+00 -3.119208e+00
4.320000e+02 -6.400603e+00 5.967300e+00 -9.271355e+00 -3.096549e+00
4.340000e+02 -6.446258e+00 5.967300e+00 -9.357353e+00 -3.056204e+00
4.360000e+02 -6.472202e+00 5.967300e+00 -9.443749e+00 -2.995753e+00
4.380000e+02 -6.475997e+00 5.967300e+00 -9.530540e+00 -2.912756e+00
4.400000e+02 -6.455295e+00 5.967300e+00 -9.617728e+00 -2.804867e+00
4.420000e+02 -6.407974e+00 5.967300e+00 -9.705313e+00 -2.669961e+00
4.440000e+02 -6.332296e+00 5.967300e+00 -9.793293e+00 -2.506303e+00
4.460000e+02 -6.227091e+00 5.967300e+00 -9.881670e+00 -2.312721e+00
4.480000e+02 -6.091941e+00 5.967300e+00 -9.970444e+00 -2.088797e+00
4.500000e+02 -5.927350e+00 5.967300e+00 -1.005961e+01 -1.835036e+00
4.520000e+02 -5.734883e+00 5.967300e+00 -1.014918e+01 -1.553003e+00
4.540000e+02 -5.517234e+00 5.967300e+00 -1.023914e+01 -1.245392e+00
4.560000e+02 -5.278212e+00 5.967300e+00 -1.032950e+01 -9.160125e-01
4.580000e+02 -5.022631e+00 5.967300e+00 -1.042025e+01 -5.696769e-01
4.600000e+02 -4.756096e+00 5.967300e+00 -1.051141e+01 -2.119903e-01
4.620000e+02 -4.484711e+00 5.967300e+00 -1.060295e+01 1.509420e-01
4.640000e+02 -4.214738e+00 5.967300e+00 -1.069490e+01 5.128584e-01
4.660000e+02 -3.952240e+00 5.967300e+00 -1.078724e+01 8.676959e-01
4.680000e+02 -3.702757e+00 5.967300e+00 -1.087997e+01 1.209914e+00
4.700000e+02 -3.471047e+00 5.967300e+00 -1.097310e+01 1.534756e+00
4.720000e+02 -3.260910e+00 5.967300e+00 -1.106663e+01 1.838421e+00
4.740000e+02 -3.075112e+00 5.967300e+00 -1.116056e+01 2.118143e+00
4.760000e+02 -2.915392e+00 5.967300e+00 -1.125488e+01 2.372183e+00
4.780000e+02 -2.782540e+00 5.967300e+00 -1.134959e+01 2.599752e+00
4.800000e+02 -2.676523e+00 5.967300e+00 -1.144470e+01 2.800882e+00
4.820000e+02 -2.596640e+00 5.967300e+00 -1.154021e+01 2.976273e+00
4.840000e+02 -2.541681e+00 5.967300e+00 -1.163612e+01 3.127137e+00
4.860000e+02 -2.510075e+00 5.967300e+00 -1.173242e+01 3.255044e+00
4.880000e+02 -2.500029e+00 5.967300e+00 -1.182912e+01 3.361786e+00
4.900000e+02 -2.509636e+00 5.967300e+00 -1.192621e+01 3.449272e+00
4.920000e+02 -2.536965e+00 5.967300e+00 -1.202370e+01 3.519433e+00
4.940000e+02 -2.580125e+00 5.967300e+00 -1.212158e+01 3.574158e+00
4.960000e+02 -2.637313e+00 5.967300e+00 -1.221986e+01 3.615250e+00
4.980000e+02 -2.706846e+00 5.967300e+00 -1.231854e+01 3.644395e+00
5.000000e+02 -2.787172e+00 5.967300e+00 -1.241761e+01 3.663141e+00
5.020000e+02 -2.876886e+00 5.967300e+00 -1.251708e+01 3.672897e+00
5.040000e+02 -2.974720e+00 5.967300e+00 -1.261695e+01 3.674927e+00
5.060000e+02 -3.079548e+00 5.967300e+00 -1.271721e+01 3.670360e+00
5.080000e+02 -3.190373e+00 5.967300e+00 -1.281786e+01 3.660192e+00
5.100000e+02 -3.306316e+00 5.967300e+00 -1.291892e+01 3.645301e+00
5.120000e+02 -3.426610e+00 5.967300e+00 -1.302037e+01 3.626456e+00
5.140000e+02 -3.550586e+00 5.967300e+00 -1.312221e+01 3.604324e+00
5.160000e+02 -3.677664e+00 5.967300e+00 -1.322445e+01 3.579487e+00
5.180000e+02 -3.807340e+00 5.967300e+00 -1.332709e+01 3.552446e+00
5.200000e+02 -3.939183e+00 5.967300e+00 -1.343012e+01 3.523636e+00
5.220000e+02 -4.072819e+00 5.967300e+00 -1.353355e+01 3.493428e+00
5.240000e+02 -4.207929e+00 5.967300e+00 -1.363737e+01 3.462141e+00
5.260000e+02 -4.344239e+00 5.967300e+00 -1.374159e+01 3.430050e+00
5.280000e+02 -4.481517e+00 5.967300e+00 -1.384620e+01 3.397388e+00
5.300000e+02 -4.619563e+00 5.967300e+00 -1.395122e+01 3.364353e+00
5.320000e+02 -4.758209e+00 5.967300e+00 -1.405662e+01 3.331113e+00
5.340000e+02 -4.897314e+00 5.967300e+00 -1.416242e+01 3.297811e+00
5.360000e+02 -5.036757e+00 5.967300e+00 -1.426862e+01 3.264567e+00
5.380000e+02 -5.176437e+00 5.967300e+00 -1.437522e+01 3.231480e+00
5.400000e+02 -5.316270e+00 5.967300e+00 -1.448221e+01 3.198636e+00
5.420000e+02 -5.456188e+00 5.967300e+00 -1.458959e+01 3.166104e+00
5.440000e+02 -5.596132e+00 5.967300e+00 -1.469737e+01 3.133941e+00
5.460000e+02 -5.736056e+00 5.967300e+00 -1.480555e+01 3.102194e+00
5.480000e+02 -5.875922e+00 5.967300e+00 -1.491412e+01 3.070899e+00
5.500000e+02 -6.015701e+00 5.967300e+00 -1.502309e+01 3.040089e+00
5.520000e+02 -6.155368e+00 5.967300e+00 -1.513245e+01 3.009785e+00
5.540000e+02 -6.294907e+00 5.967300e+00 -1.524221e+01 2.980005e+00
5.560000e+02 -6.434304e+00 5.967300e+00 -1.535237e+01 2.950763e+00
5.580000e+02 -6.573551e+00 5.967300e+00 -1.546292e+01 2.922067e+00
5.600000e+02 -6.712641e+00 5.967300e+00 -1.557386e+01 2.893922e+00
5.620000e+02 -6.851574e+00 5.967300e+00 -1.568520e+01 2.866330e+00
5.640000e+02 -6.990349e+00 5.967300e+00 -1.579694e+01 2.839292e+00
5.660000e+02 -7.128968e+00 5.967300e+00 -1.590907e+01 2.812806e+00
5.680000e+02 -7.267435e+00 5.967300e+00 -1.602160e+01 2.786867e+00
5.700000e+02 -7.405756e+00 5.967300e+00 -1.613452e+01 2.761469e+00
5.720000e+02 -7.543937e+00 5.967300e+00 -1.624784e+01 2.736607e+00
5.740000e+02 -7.681985e+00 5.967300e+00 -1.636156e+01 2.712273e+00
5.760000e+02 -7.819910e+00 5.967300e+00 -1.647567e+01 2.688458e+00
5.780000e+02 -7.957719e+00 5.967300e+00 -1.659017e+01 2.665153e+00
5.800000e+02 -8.095424e+00 5.967300e+00 -1.670507e+01 2.642350e+00
5.820000e+02 -8.233032e+00 5.967300e+00 -1.682037e+01 2.620037e+00
5.840000e+02 -8.370555e+00 5.967300e+00 -1.693606e+01 2.598206e+00
5.860000e+02 -8.508003e+00 5.967300e+00 -1.705215e+01 2.576845e+00
5.880000e+02 -8.645385e+00 5.967300e+00 -1.716863e+01 2.555944e+00
5.900000e+02 -8.782714e+00 5.967300e+00 -1.728551e+01 2.535492e+00
5.920000e+02 -8.919999e+00 5.967300e+00 -1.740278e+01 2.515480e+00
5.940000e+02 -9.057250e+00 5.967300e+00 -1.752045e+01 2.495897e+00
5.960000e+02 -9.194479e+00 5.967300e+00 -1.763851e+01 2.476731e+00
5.980000e+02 -9.331695e+00 5.967300e+00 -1.775697e+01 2.457974e+00
6.000000e+02 -9.468908e+00 5.967300e+00 -1.787582e+01 2.439615e+00
6.020000e+02 -9.606128e+00 5.967300e+00 -1.799507e+01 2.421643e+00
6.040000e+02 -9.743366e+00 5.967300e+00 -1.811472e+01 2.404049e+00
6.060000e+02 -9.880631e+00 5.967300e+00 -1.823475e+01 2.386824e+00
6.080000e+02 -1.001793e+01 5.967300e+00 -1.835519e+01 2.369957e+00
6.100000e+02 -1.015528e+01 5.967300e+00 -1.847602e+01 2.353440e+00
6.120000e+02 -1.029268e+01 5.967300e+00 -1.859724e+01 2.337264e+00
6.140000e+02 -1.043014e+01 5.967300e+00 -1.871886e+01 2.321420e+00
6.160000e+02 -1.056768e+01 5.967300e+00 -1.884088e+01 2.305898e+00
6.180000e+02 -1.070530e+01 5.967300e+00 -1.896329e+01 2.290692e+00
6.200000e+02 -1.084300e+01 5.967300e+00 -1.908609e+01 2.275792e+00
6.220000e+02 -1.098080e+01 5.967300e+00 -1.920929e+01 2.261190e+00
6.240000e+02 -1.111871e+01 5.967300e+00 -1.933289e+01 2.246880e+00
6.260000e+02 -1.125673e+01 5.967300e+00 -1.945688e+01 2.232853e+00
6.280000e+02 -1.139486e+01 5.967300e+00 -1.958127e+01 2.219101e+00
6.300000e+02 -1.153313e+01 5.967300e+00 -1.970605e+01 2.205619e+00
6.320000e+02 -1.167152e+01 5.967300e+00 -1.983122e+01 2.192398e+00
6.340000e+02 -1.181006e+01 5.967300e+00 -1.995679e+01 2.179433e+00
6.360000e+02 -1.194874e+01 5.967300e+00 -2.008276e+01 2.166716e+00
6.380000e+02 -1.208758e+01 5.967300e+00 -2.020912e+01 2.154241e+00
6.400000e+02 -1.222657e+01 5.967300e+00 -2.033587e+01 2.142003e+00
6.420000e+02 -1.236573e+01 5.967300e+00 -2.046302e+01 2.129995e+00
6.440000e+02 -1.250506e+01 5.967300e+00 -2.059057e+01 2.118211e+00
6.460000e+02 -1.264456e+01 5.967300e+00 -2.071851e+01 2.106645e+00
6.480000e+02 -1.278425e+01 5.967300e+00 -2.084684e+01 2.095293e+00
6.500000e+02 -1.292412e+01 5.967300e+00 -2.097557e+01 2.084149e+00
6.520000e+02 -1.306419e+01 5.967300e+00 -2.110469e+01 2.073207e+00
6.540000e+02 -1.320445e+01 5.967300e+00 -2.123421e+01 2.062463e+00
6.560000e+02 -1.334492e+01 5.967300e+00 -2.136413e+01 2.051912e+00
6.580000e+02 -1.348559e+01 5.967300e+00 -2.149444e+01 2.041549e+00
6.600000e+02 -1.362647e+01 5.967300e+00 -2.162514e+01 2.031370e+00
6.620000e+02 -1.376757e+01 5.967300e+00 -2.175624e+01 2.021369e+00
6.640000e+02 -1.390889e+01 5.967300e+00 -2.188773e+01 2.011544e+00
6.660000e+02 -1.405043e+01 5.967300e+00 -2.201962e+01 2.001889e+00
6.680000e+02 -1.419220e+01 5.967300e+00 -2.215190e+01 1.992400e+00
6.700000e+02 -1.433420e+01 5.967300e+00 -2.228458e+01 1.983074e+00
6.720000e+02 -1.447644e+01 5.967300e+00 -2.241765e+01 1.973907e+00
6.740000e+02 -1.461892e+01 5.967300e+00 -2.255111e+01 1.964894e+00
6.760000e+02 -1.476164e+01 5.967300e+00 -2.268497e+01 1.956034e+00
6.780000e+02 -1.490461e+01 5.967300e+00 -2.281923e+01 1.947321e+00
6.800000e+02 -1.504783e+01 5.967300e+00 -2.295388e+01 1.938752e+00
6.820000e+02 -1.519130e+01 5.967300e+00 -2.308892e+01 1.930324e+00
6.840000e+02 -1.533503e+01 5.967300e+00 -2.322436e+01 1.922035e+00
6.860000e+02 -1.547902e+01 5.967300e+00 -2.336020e+01 1.913880e+00
6.880000e+02 -1.562327e+01 5.967300e+00 -2.349642e+01 1.905857e+00
6.900000e+02 -1.576778e+01 5.967300e+00 -2.363305e+01 1.897963e+00
6.920000e+02 -1.591257e+01 5.967300e+00 -2.377006e+01 1.890195e+00
6.940000e+02 -1.605762e+01 5.967300e+00 -2.390747e+01 1.882549e+00
6.960000e+02 -1.620295e+01 5.967300e+00 -2.404528e+01 1.875025e+00
6.980000e+02 -1.634856e+01 5.967300e+00 -2.418348e+01 1.867618e+00
7.000000e+02 -1.649445e+01 5.967300e+00 -2.432207e+01 1.860326e+00
7.020000e+02 -1.664062e+01 5.967300e+00 -2.446106e+01 1.853146e+00
7.040000e+02 -1.678707e+01 5.967300e+00 -2.460044e+01 1.846078e+00
7.060000e+02 -1.693381e+01 5.967300e+00 -2.474022e+01 1.839117e+00
7.080000e+02 -1.708083e+01 5.967300e+00 -2.488039e+01 1.832261e+00
7.100000e+02 -1.722815e+01 5.967300e+00 -2.502096e+01 1.825509e+00
7.120000e+02 -1.737576e+01 5.967300e+00 -2.516192e+01 1.818858e+00
7.140000e+02 -1.752367e+01 5.967300e+00 -2.530327e+01 1.812306e+00
7.160000e+02 -1.767187e+01 5.967300e+00 -2.544502e+01 1.805852e+00
7.180000e+02 -1.782037e+01 5.967300e+00 -2.558717e+01 1.799492e+00
7.200000e+02 -1.796918e+01 5.967300e+00 -2.572970e+01 1.793225e+00
7.220000e+02 -1.811828e+01 5.967300e+00 -2.587263e+01 1.787049e+00
7.240000e+02 -1.826770e+01 5.967300e+00 -2.601596e+01 1.780963e+00
7.260000e+02 -1.841741e+01 5.967300e+00 -2.615968e+01 1.774964e+00
7.280000e+02 -1.856744e+01 5.967300e+00 -2.630379e+01 1.769050e+00
7.300000e+02 -1.871778e+01 5.967300e+00 -2.644830e+01 1.763221e+00
7.320000e+02 -1.886843e+01 5.967300e+00 -2.659320e+01 1.757474e+00
7.340000e+02 -1.901939e+01 5.967300e+00 -2.673850e+01 1.751808e+00
7.360000e+02 -1.917067e+01 5.967300e+00 -2.688419e+01 1.746221e+00
7.380000e+02 -1.932226e+01 5.967300e+00 -2.703027e+01 1.740711e+00
7.400000e+02 -1.947417e+01 5.967300e+00 -2.717675e+01 1.735277e+00
7.420000e+02 -1.962640e+01 5.967300e+00 -2.732362e+01 1.729918e+00
7.440000e+02 -1.977895e+01 5.967300e+00 -2.747089e+01 1.724632e+00
7.460000e+02 -1.993183e+01 5.967300e+00 -2.761855e+01 1.719418e+00
7.480000e+02 -2.008503e+01 5.967300e+00 -2.776660e+01 1.714274e+00
7.500000e+02 -2.023855e+01 5.967300e+00 -2.791505e+01 1.709199e+00
7.520000e+02 -2.039240e+01 5.967300e+00 -2.806389e+01 1.704191e+00
7.540000e+02 -2.054657e+01 5.967300e+00 -2.821312e+01 1.699250e+00
7.560000e+02 -2.070108e+01 5.967300e+00 -2.836275e+01 1.694375e+00
7.580000e+02 -2.085591e+01 5.967300e+00 -2.851278e+01 1.689563e+00
7.600000e+02 -2.101108e+01 5.967300e+00 -2.866319e+01 1.684814e+00
7.620000e+02 -2.116658e+01 5.967300e+00 -2.881400e+01 1.680127e+00
7.640000e+02 -2.132241e+01 5.967300e+00 -2.896521e+01 1.675500e+00
7.660000e+02 -2.147857e+01 5.967300e+00 -2.911681e+01 1.670933e+00
7.680000e+02 -2.163507e+01 5.967300e+00 -2.926880e+01 1.666424e+00
7.700000e+02 -2.179191e+01 5.967300e+00 -2.942118e+01 1.661973e+00
7.720000e+02 -2.194908e+01 5.967300e+00 -2.957396e+01 1.657577e+00
7.740000e+02 -2.210660e+01 5.967300e+00 -2.972713e+01 1.653237e+00
7.760000e+02 -2.226445e+01 5.967300e+00 -2.988070e+01 1.648952e+00
7.780000e+02 -2.242264e+01 5.967300e+00 -3.003466e+01 1.644719e+00
7.800000e+02 -2.258118e+01 5.967300e+00 -3.018901e+01 1.640539e+00
7.820000e+02 -2.274005e+01 5.967300e+00 -3.034376e+01 1.636411e+00
7.840000e+02 -2.289927e+01 5.967300e+00 -3.049890e+01 1.632333e+00
7.860000e+02 -2.305883e+01 5.967300e+00 -3.065444e+01 1.628305e+00
7.880000e+02 -2.321874e+01 5.967300e+00 -3.081036e+01 1.624325e+00
7.900000e+02 -2.337899e+01 5.967300e+00 -3.096668e+01 1.620394e+00
7.920000e+02 -2.353959e+01 5.967300e+00 -3.112340e+01 1.616510e+00
7.940000e+02 -2.370054e+01 5.967300e+00 -3.128051e+01 1.612672e+00
7.960000e+02 -2.386183e+01 5.967300e+00 -3.143801e+01 1.608880e+00
7.980000e+02 -2.402347e+01 5.967300e+00 -3.159590e+01 1.605133e+00
8.000000e+02 -2.418546e+01 5.967300e+00 -3.175419e+01 1.601430e+00
8.020000e+02 -2.434780e+01 5.967300e+00 -3.191287e+01 1.597771e+00
8.040000e+02 -2.451049e+01 5.967300e+00 -3.207195e+01 1.594154e+00
8.060000e+02 -2.467354e+01 5.967300e+00 -3.223142e+01 1.590579e+00
8.080000e+02 -2.483693e+01 5.967300e+00 -3.239128e+01 1.587045e+00
8.100000e+02 -2.500068e+01 5.967300e+00 -3.255153e+01 1.583552e+00
8.120000e+02 -2.516478e+01 5.967300e+00 -3.271218e+01 1.580099e+00
8.140000e+02 -2.532924e+01 5.967300e+00 -3.287322e+01 1.576686e+00
8.160000e+02 -2.549405e+01 5.967300e+00 -3.303466e+01 1.573311e+00
8.180000e+02 -2.565921e+01 5.967300e+00 -3.319648e+01 1.569974e+00
8.200000e+02 -2.582473e+01 5.967300e+00 -3.335871e+01 1.566674e+00
8.220000e+02 -2.599061e+01 5.967300e+00 -3.352132e+01 1.563412e+00
8.240000e+02 -2.615684e+01 5.967300e+00 -3.368433e+01 1.560185e+00
8.260000e+02 -2.632343e+01 5.967300e+00 -3.384773e+01 1.556995e+00
8.280000e+02 -2.649038e+01 5.967300e+00 -3.401152e+01 1.553839e+00
8.300000e+02 -2.665769e+01 5.967300e+00 -3.417571e+01 1.550719e+00
8.320000e+02 -2.682535e+01 5.967300e+00 -3.434029e+01 1.547632e+00
8.340000e+02 -2.699338e+01 5.967300e+00 -3.450526e+01 1.544579e+00
8.360000e+02 -2.716177e+01 5.967300e+00 -3.467062e+01 1.541559e+00
8.380000e+02 -2.733051e+01 5.967300e+00 -3.483638e+01 1.538571e+00
8.400000e+02 -2.749962e+01 5.967300e+00 -3.500253e+01 1.535616e+00
8.420000e+02 -2.766909e+01 5.967300e+00 -3.516908e+01 1.532692e+00
8.440000e+02 -2.783892e+01 5.967300e+00 -3.533601e+01 1.529799e+00
8.460000e+02 -2.800911e+01 5.967300e+00 -3.550334e+01 1.526937e+00
8.480000e+02 -2.817966e+01 5.967300e+00 -3.567107e+01 1.524105e+00
8.500000e+02 -2.835058e+01 5.967300e+00 -3.583918e+01 1.521303e+00
8.520000e+02 -2.852186e+01 5.967300e+00 -3.600769e+01 1.518530e+00
8.540000e+02 -2.869351e+01 5.967300e+00 -3.617659e+01 1.515786e+00
8.560000e+02 -2.886552e+01 5.967300e+00 -3.634589e+01 1.513070e+00
8.580000e+02 -2.903789e+01 5.967300e+00 -3.651557e+01 1.510382e+00
8.600000e+02 -2.921063e+01 5.967300e+00 -3.668565e+01 1.507722e+00
8.620000e+02 -2.938374e+01 5.967300e+00 -3.685613e+01 1.505089e+00
8.640000e+02 -2.955721e+01 5.967300e+00 -3.702699e+01 1.502483e+00
8.660000e+02 -2.973104e+01 5.967300e+00 -3.719825e+01 1.499904e+00
8.680000e+02 -2.990525e+01 5.967300e+00 -3.736990e+01 1.497350e+00
8.700000e+02 -3.007982e+01 5.967300e+00 -3.754194e+01 1.494823e+00
8.720000e+02 -3.025476e+01 5.967300e+00 -3.771438e+01 1.492320e+00
8.740000e+02 -3.043006e+01 5.967300e+00 -3.788720e+01 1.489843e+00
8.760000e+02 -3.060573e+01 5.967300e+00 -3.806042e+01 1.487390e+00
8.780000e+02 -3.078178e+01 5.967300e+00 -3.823404e+01 1.484961e+00
8.800000e+02 -3.095819e+01 5.967300e+00 -3.840804e+01 1.482557e+00
8.820000e+02 -3.113496e+01 5.967300e+00 -3.858244e+01 1.480176e+00
8.840000e+02 -3.131211e+01 5.967300e+00 -3.875723e+01 1.477818e+00
8.860000e+02 -3.148963e+01 5.967300e+00 -3.893241e+01 1.475483e+00
8.880000e+02 -3.166752e+01 5.967300e+00 -3.910799e+01 1.473171e+00
8.900000e+02 -3.184577e+01 5.967300e+00 -3.928396e+01 1.470881e+00
8.920000e+02 -3.202440e+01 5.967300e+00 -3.946031e+01 1.468613e+00
8.940000e+02 -3.220340e+01 5.967300e+00 -3.963707e+01 1.466367e+00
8.960000e+02 -3.238277e+01 5.967300e+00 -3.981421e+01 1.464143e+00
8.980000e+02 -3.256251e+01 5.967300e+00 -3.999175e+01 1.461939e+00
9.000000e+02 -3.274262e+01 5.967300e+00 -4.016968e+01 1.459757e+00
9.020000e+02 -3.292310e+01 5.967300e+00 -4.034800e+01 1.457595e+00
9.040000e+02 -3.310396e+01 5.967300e+00 -4.052671e+01 1.455453e+00
9.060000e+02 -3.328519e+01 5.967300e+00 -4.070582e+01 1.453332e+00
9.080000e+02 -3.346678e+01 5.967300e+00 -4.088531e+01 1.451230e+00
9.100000e+02 -3.364876e+01 5.967300e+00 -4.106520e+01 1.449148e+00
9.120000e+02 -3.383110e+01 5.967300e+00 -4.124549e+01 1.447085e+00
9.140000e+02 -3.401382e+01 5.967300e+00 -4.142616e+01 1.445041e+00
9.160000e+02 -3.419691e+01 5.967300e+00 -4.160723e+01 1.443016e+00
9.180000e+02 -3.438038e+01 5.967300e+00 -4.178868e+01 1.441009e+00
9.200000e+02 -3.456421e+01 5.967300e+00 -4.197053e+01 1.439021e+00
9.220000e+02 -3.474843e+01 5.967300e+00 -4.215278e+01 1.437051e+00
9.240000e+02 -3.493301e+01 5.967300e+00 -4.233541e+01 1.435099e+00
9.260000e+02 -3.511797e+01 5.967300e+00 -4.251844e+01 1.433164e+00
9.280000e+02 -3.530331e+01 5.967300e+00 -4.270185e+01 1.431247e+00
9.300000e+02 -3.548902e+01 5.967300e+00 -4.288566e+01 1.429346e+00
9.320000e+02 -3.567510e+01 5.967300e+00 -4.306987e+01 1.427463e+00
9.340000e+02 -3.586156e+01 5.967300e+00 -4.325446e+01 1.425597e+00
9.360000e+02 -3.604840e+01 5.967300e+00 -4.343944e+01 1.423747e+00
9.380000e+02 -3.623561e+01 5.967300e+00 -4.362482e+01 1.421913e+00
9.400000e+02 -3.642319e+01 5.967300e+00 -4.381059e+01 1.420096e+00
9.420000e+02 -3.661116e+01 5.967300e+00 -4.399675e+01 1.418294e+00
9.440000e+02 -3.679949e+01 5.967300e+00 -4.418330e+01 1.416508e+00
9.460000e+02 -3.698821e+01 5.967300e+00 -4.437025e+01 1.414738e+00
9.480000e+02 -3.717730e+01 5.967300e+00 -4.455758e+01 1.412983e+00
9.500000e+02 -3.736677e+01 5.967300e+00 -4.474531e+01 1.411244e+00
9.520000e+02 -3.755661e+01 5.967300e+00 -4.493343e+01 1.409519e+00
9.540000e+02 -3.774683e+01 5.967300e+00 -4.512194e+01 1.407809e+00
9.560000e+02 -3.793743e+01 5.967300e+00 -4.531084e+01 1.406113e+00
9.580000e+02 -3.812840e+01 5.967300e+00 -4.550013e+01 1.404433e+00
9.600000e+02 -3.831975e+01 5.967300e+00 -4.568982e+01 1.402766e+00
9.620000e+02 -3.851148e+01 5.967300e+00 -4.587990e+01 1.401114e+00
9.640000e+02 -3.870359e+01 5.967300e+00 -4.607036e+01 1.399475e+00
9.660000e+02 -3.889607e+01 5.967300e+00 -4.626122e+01 1.397850e+00
9.680000e+02 -3.908894e+01 5.967300e+00 -4.645247e+01 1.396239e+00
9.700000e+02 -3.928218e+01 5.967300e+00 -4.664412e+01 1.394641e+00
9.720000e+02 -3.947579e+01 5.967300e+00 -4.683615e+01 1.393057e+00
9.740000e+02 -3.966979e+01 5.967300e+00 -4.702857e+01 1.391486e+00
9.760000e+02 -3.986416e+01 5.967300e+00 -4.722139e+01 1.389927e+00
9.780000e+02 -4.005892e+01 5.967300e+00 -4.741460e+01 1.388382e+00
9.800000e+02 -4.025405e+01 5.967300e+00 -4.760820e+01 1.386849e+00
9.820000e+02 -4.044956e+01 5.967300e+00 -4.780219e+01 1.385329e+00
9.840000e+02 -4.064545e+01 5.967300e+00 -4.799657e+01 1.383821e+00
9.860000e+02 -4.084171e+01 5.967300e+00 -4.819134e+01 1.382326e+00
9.880000e+02 -4.103836e+01 5.967300e+00 -4.838650e+01 1.380842e+00
9.900000e+02 -4.123539e+01 5.967300e+00 -4.858206e+01 1.379371e+00
9.920000e+02 -4.143279e+01 5.967300e+00 -4.877800e+01 1.377911e+00
9.940000e+02 -4.163058e+01 5.967300e+00 -4.897434e+01 1.376463e+00
9.960000e+02 -4.182874e+01 5.967300e+00 -4.917107e+01 1.375027e+00
9.980000e+02 -4.202729e+01 5.967300e+00 -4.936819e+01 1.373602e+00
1.000000e+03 -4.222621e+01 5.967300e+00 -4.956570e+01 1.372189e+00
1.002000e+03 -4.242551e+01 5.967300e+00 -4.976360e+01 1.370787e+00
1.004000e+03 -4.262519e+01 5.967300e+00 -4.996189e+01 1.369395e+00
1.006000e+03 -4.282526e+01 5.967300e+00 -5.016057e+01 1.368015e+00
1.008000e+03 -4.302570e+01 5.967300e+00 -5.035965e+01 1.366646e+00
1.010000e+03 -4.322652e+01 5.967300e+00 -5.055911e+01 1.365287e+00
1.012000e+03 -4.342773e+01 5.967300e+00 -5.075897e+01 1.363939e+00
1.014000e+03 -4.362931e+01 5.967300e+00 -5.095921e+01 1.362601e+00
1.016000e+03 -4.383127e+01 5.967300e+00 -5.115985e+01 1.361274e+00
1.018000e+03 -4.403362e+01 5.967300e+00 -5.136088e+01 1.359957e+00
1.020000e+03 -4.423634e+01 5.967300e+00 -5.156229e+01 1.358650e+00
1.022000e+03 -4.443945e+01 5.967300e+00 -5.176410e+01 1.357354e+00
1.024000e+03 -4.464294e+01 5.967300e+00 -5.196630e+01 1.356067e+00
1.026000e+03 -4.484680e+01 5.967300e+00 -5.216889e+01 1.354790e+00
1.028000e+03 -4.505105e+01 5.967300e+00 -5.237187e+01 1.353522e+00
1.030000e+03 -4.525568e+01 5.967300e+00 -5.257524e+01 1.352265e+00
1.032000e+03 -4.546069e+01 5.967300e+00 -5.277901e+01 1.351017e+00
1.034000e+03 -4.566608e+01 5.967300e+00 -5.298316e+01 1.349778e+00
1.036000e+03 -4.587185e+01 5.967300e+00 -5.318770e+01 1.348548e+00
1.038000e+03 -4.607801e+01 5.967300e+00 -5.339264e+01 1.347328e+00
1.040000e+03 -4.628454e+01 5.967300e+00 -5.359796e+01 1.346117e+00
1.042000e+03 -4.649146e+01 5.967300e+00 -5.380367e+01 1.344915e+00
1.044000e+03 -4.669876e+01 5.967300e+00 -5.400978e+01 1.343722e+00
1.046000e+03 -4.690644e+01 5.967300e+00 -5.421627e+01 1.342538e+00
1.048000e+03 -4.711450e+01 5.967300e+00 -5.442316e+01 1.341362e+00
1.050000e+03 -4.732294e+01 5.967300e+00 -5.463043e+01 1.340195e+00
1.052000e+03 -4.753176e+01 5.967300e+00 -5.483810e+01 1.339037e+00
1.054000e+03 -4.774097e+01 5.967300e+00 -5.504616e+01 1.337887e+00
1.056000e+03 -4.795056e+01 5.967300e+00 -5.525460e+01 1.336746e+00
1.058000e+03 -4.816053e+01 5.967300e+00 -5.546344e+01 1.335613e+00
1.060000e+03 -4.837088e+01 5.967300e+00 -5.567267e+01 1.334488e+00
1.062000e+03 -4.858161e+01 5.967300e+00 -5.588228e+01 1.333371e+00
1.064000e+03 -4.879273e+01 5.967300e+00 -5.609229e+01 1.332262e+00
1.066000e+03 -4.900423e+01 5.967300e+00 -5.630269e+01 1.331162e+00
1.068000e+03 -4.921611e+01 5.967300e+00 -5.651348e+01 1.330069e+00
1.070000e+03 -4.942837e+01 5.967300e+00 -5.672465e+01 1.328984e+00
1.072000e+03 -4.964101e+01 5.967300e+00 -5.693622e+01 1.327907e+00
1.074000e+03 -4.985404e+01 5.967300e+00 -5.714818e+01 1.326837e+00
1.076000e+03 -5.006745e+01 5.967300e+00 -5.736053e+01 1.325775e+00
1.078000e+03 -5.028124e+01 5.967300e+00 -5.757326e+01 1.324721e+00
1.080000e+03 -5.049542e+01 5.967300e+00 -5.778639e+01 1.323674e+00
1.082000e+03 -5.070997e+01 5.967300e+00 -5.799991e+01 1.322634e+00
1.084000e+03 -5.092491e+01 5.967300e+00 -5.821381e+01 1.321602e+00
1.086000e+03 -5.114023e+01 5.967300e+00 -5.842811e+01 1.320577e+00
1.088000e+03 -5.135594e+01 5.967300e+00 -5.864280e+01 1.319559e+00
1.090000e+03 -5.157202e+01 5.967300e+00 -5.885787e+01 1.318548e+00
1.092000e+03 -5.178849e+01 5.967300e+00 -5.907334e+01 1.317544e+00
1.094000e+03 -5.200535e+01 5.967300e+00 -5.928919e+01 1.316547e+00
1.096000e+03 -5.222258e+01 5.967300e+00 -5.950544e+01 1.315557e+00
1.098000e+03 -5.244020e+01 5.967300e+00 -5.972207e+01 1.314574e+00
1.100000e+03 -5.265820e+01 5.967300e+00 -5.993910e+01 1.313598e+00
1.102000e+03 -5.287658e+01 5.967300e+00 -6.015651e+01 1.312628e+00
1.104000e+03 -5.309535e+01 5.967300e+00 -6.037432e+01 1.311665e+00
1.106000e+03 -5.331450e+01 5.967300e+00 -6.059251e+01 1.310708e+00
1.108000e+03 -5.353403e+01 5.967300e+00 -6.081109e+01 1.309758e+00
1.110000e+03 -5.375395e+01 5.967300e+00 -6.103006e+01 1.308815e+00
1.112000e+03 -5.397425e+01 5.967300e+00 -6.124942e+01 1.307877e+00
1.114000e+03 -5.419493e+01 5.967300e+00 -6.146917e+01 1.306946e+00
1.116000e+03 -5.441599e+01 5.967300e+00 -6.168932e+01 1.306022e+00
1.118000e+03 -5.463744e+01 5.967300e+00 -6.190984e+01 1.305103e+00
1.120000e+03 -5.485927e+01 5.967300e+00 -6.213076e+01 1.304191e+00
1.122000e+03 -5.508149e+01 5.967300e+00 -6.235207e+01 1.303285e+00
1.124000e+03 -5.530408e+01 5.967300e+00 -6.257377e+01 1.302385e+00
1.126000e+03 -5.552706e+01 5.967300e+00 -6.279586e+01 1.301491e+00
1.128000e+03 -5.575043e+01 5.967300e+00 -6.301833e+01 1.300602e+00
1.130000e+03 -5.597418e+01 5.967300e+00 -6.324120e+01 1.299720e+00
1.132000e+03 -5.619831e+01 5.967300e+00 -6.346445e+01 1.298843e+00
1.134000e+03 -5.642282e+01 5.967300e+00 -6.368809e+01 1.297972e+00
1.136000e+03 -5.664772e+01 5.967300e+00 -6.391213e+01 1.297107e+00
1.138000e+03 -5.687300e+01 5.967300e+00 -6.413655e+01 1.296248e+00
1.140000e+03 -5.709866e+01 5.967300e+00 -6.436136e+01 1.295394e+00
1.142000e+03 -5.732471e+01 5.967300e+00 -6.458656e+01 1.294546e+00
1.144000e+03 -5.755114e+01 5.967300e+00 -6.481214e+01 1.293703e+00
1.146000e+03 -5.777796e+01 5.967300e+00 -6.503812e+01 1.292865e+00
1.148000e+03 -5.800515e+01 5.967300e+00 -6.526449e+01 1.292033e+00
1.150000e+03 -5.823274e+01 5.967300e+00 -6.549124e+01 1.291207e+00
1.152000e+03 -5.846070e+01 5.967300e+00 -6.571839e+01 1.290385e+00
1.154000e+03 -5.868905e+01 5.967300e+00 -6.594592e+01 1.289569e+00
1.156000e+03 -5.891778e+01 5.967300e+00 -6.617384e+01 1.288759e+00
1.158000e+03 -5.914690e+01 5.967300e+00 -6.640215e+01 1.287953e+00
1.160000e+03 -5.937640e+01 5.967300e+00 -6.663085e+01 1.287152e+00
1.162000e+03 -5.960628e+01 5.967300e+00 -6.685993e+01 1.286357e+00
1.164000e+03 -5.983654e+01 5.967300e+00 -6.708941e+01 1.285566e+00
1.166000e+03 -6.006719e+01 5.967300e+00 -6.731928e+01 1.284781e+00
1.168000e+03 -6.029823e+01 5.967300e+00 -6.754953e+01 1.284001e+00
1.170000e+03 -6.052965e+01 5.967300e+00 -6.778017e+01 1.283225e+00
1.172000e+03 -6.076145e+01 5.967300e+00 -6.801120e+01 1.282454e+00
1.174000e+03 -6.099363e+01 5.967300e+00 -6.824262e+01 1.281688e+00
1.176000e+03 -6.122620e+01 5.967300e+00 -6.847443e+01 1.280927e+00
1.178000e+03 -6.145915e+01 5.967300e+00 -6.870662e+01 1.280171e+00
1.180000e+03 -6.169249e+01 5.967300e+00 -6.893921e+01 1.279419e+00
1.182000e+03 -6.192621e+01 5.967300e+00 -6.917218e+01 1.278672e+00
1.184000e+03 -6.216031e+01 5.967300e+00 -6.940554e+01 1.277930e+00
1.186000e+03 -6.239480e+01 5.967300e+00 -6.963929e+01 1.277192e+00
1.188000e+03 -6.262967e+01 5.967300e+00 -6.987343e+01 1.276458e+00
1.190000e+03 -6.286492e+01 5.967300e+00 -7.010795e+01 1.275729e+00
1.192000e+03 -6.310056e+01 5.967300e+00 -7.034287e+01 1.275005e+00
1.194000e+03 -6.333658e+01 5.967300e+00 -7.057817e+01 1.274285e+00
1.196000e+03 -6.357299e+01 5.967300e+00 -7.081386e+01 1.273570e+00
1.198000e+03 -6.380978e+01 5.967300e+00 -7.104994e+01 1.272858e+00
1.200000e+03 -6.404695e+01 5.967300e+00 -7.128640e+01 1.272151e+00
1.202000e+03 -6.428451e+01 5.967300e+00 -7.152326e+01 1.271449e+00
1.204000e+03 -6.452245e+01 5.967300e+00 -7.176050e+01 1.270750e+00
1.206000e+03 -6.476077e+01 5.967300e+00 -7.199813e+01 1.270056e+00
1.208000e+03 -6.499948e+01 5.967300e+00 -7.223615e+01 1.269366e+00
1.210000e+03 -6.523857e+01 5.967300e+00 -7.247455e+01 1.268680e+00
1.212000e+03 -6.547805e+01 5.967300e+00 -7.271335e+01 1.267998e+00
1.214000e+03 -6.571791e+01 5.967300e+00 -7.295253e+01 1.267321e+00
1.216000e+03 -6.595815e+01 5.967300e+00 -7.319210e+01 1.266647e+00
1.218000e+03 -6.619878e+01 5.967300e+00 -7.343206e+01 1.265977e+00
1.220000e+03 -6.643979e+01 5.967300e+00 -7.367240e+01 1.265312e+00
1.222000e+03 -6.668119e+01 5.967300e+00 -7.391314e+01 1.264650e+00
1.224000e+03 -6.692296e+01 5.967300e+00 -7.415426e+01 1.263992e+00
1.226000e+03 -6.716513e+01 5.967300e+00 -7.439576e+01 1.263338e+00
1.228000e+03 -6.740767e+01 5.967300e+00 -7.463766e+01 1.262688e+00
1.230000e+03 -6.765060e+01 5.967300e+00 -7.487994e+01 1.262041e+00
1.232000e+03 -6.789392e+01 5.967300e+00 -7.512262e+01 1.261399e+00
1.234000e+03 -6.813761e+01 5.967300e+00 -7.536567e+01 1.260760e+00
1.236000e+03 -6.838170e+01 5.967300e+00 -7.560912e+01 1.260125e+00
1.238000e+03 -6.862616e+01 5.967300e+00 -7.585295e+01 1.259493e+00
1.240000e+03 -6.887101e+01 5.967300e+00 -7.609718e+01 1.258866e+00
1.242000e+03 -6.911624e+01 5.967300e+00 -7.634178e+01 1.258241e+00
1.244000e+03 -6.936186e+01 5.967300e+00 -7.658678e+01 1.257621e+00
1.246000e+03 -6.960786e+01 5.967300e+00 -7.683216e+01 1.257004e+00
1.248000e+03 -6.985424e+01 5.967300e+00 -7.707793e+01 1.256390e+00
1.250000e+03 -7.010101e+01 5.967300e+00 -7.732409e+01 1.255780e+00
1.252000e+03 -7.034816e+01 5.967300e+00 -7.757064e+01 1.255174e+00
1.254000e+03 -7.059570e+01 5.967300e+00 -7.781757e+01 1.254571e+00
1.256000e+03 -7.084362e+01 5.967300e+00 -7.806489e+01 1.253971e+00
1.258000e+03 -7.109192e+01 5.967300e+00 -7.831260e+01 1.253375e+00
1.260000e+03 -7.134061e+01 5.967300e+00 -7.856069e+01 1.252782e+00
1.262000e+03 -7.158968e+01 5.967300e+00 -7.880917e+01 1.252193e+00
1.264000e+03 -7.183913e+01 5.967300e+00 -7.905804e+01 1.251607e+00
1.266000e+03 -7.208897e+01 5.967300e+00 -7.930729e+01 1.251024e+00
1.268000e+03 -7.233919e+01 5.967300e+00 -7.955694e+01 1.250445e+00
1.270000e+03 -7.258980e+01 5.967300e+00 -7.980697e+01 1.249868e+00
1.272000e+03 -7.284079e+01 5.967300e+00 -8.005738e+01 1.249295e+00
1.274000e+03 -7.309216e+01 5.967300e+00 -8.030818e+01 1.248725e+00
1.276000e+03 -7.334392e+01 5.967300e+00 -8.055937e+01 1.248159e+00
1.278000e+03 -7.359606e+01 5.967300e+00 -8.081095e+01 1.247595e+00
1.280000e+03 -7.384858e+01 5.967300e+00 -8.106291e+01 1.247035e+00
1.282000e+03 -7.410149e+01 5.967300e+00 -8.131526e+01 1.246477e+00
1.284000e+03 -7.435478e+01 5.967300e+00 -8.156800e+01 1.245923e+00
1.286000e+03 -7.460845e+01 5.967300e+00 -8.182112e+01 1.245372e+00
1.288000e+03 -7.486251e+01 5.967300e+00 -8.207463e+01 1.244824e+00
1.290000e+03 -7.511695e+01 5.967300e+00 -8.232853e+01 1.244279e+00
1.292000e+03 -7.537178e+01 5.967300e+00 -8.258281e+01 1.243737e+00
1.294000e+03 -7.562699e+01 5.967300e+00 -8.283748e+01 1.243197e+00
1.296000e+03 -7.588258e+01 5.967300e+00 -8.309254e+01 1.242661e+00
1.298000e+03 -7.613855e+01 5.967300e+00 -8.334798e+01 1.242128e+00
1.300000e+03 -7.639491e+01 5.967300e+00 -8.360381e+01 1.241598e+00
1.302000e+03 -7.665166e+01 5.967300e+00 -8.386003e+01 1.241070e+00
1.304000e+03 -7.690878e+01 5.967300e+00 -8.411663e+01 1.240545e+00
1.306000e+03 -7.716629e+01 5.967300e+00 -8.437362e+01 1.240023e+00
1.308000e+03 -7.742419e+01 5.967300e+00 -8.463099e+01 1.239504e+00
1.310000e+03 -7.768246e+01 5.967300e+00 -8.488875e+01 1.238988e+00
1.312000e+03 -7.794112e+01 5.967300e+00 -8.514690e+01 1.238475e+00
1.314000e+03 -7.820017e+01 5.967300e+00 -8.540543e+01 1.237964e+00
1.316000e+03 -7.845960e+01 5.967300e+00 -8.566435e+01 1.237456e+00
1.318000e+03 -7.871941e+01 5.967300e+00 -8.592366e+01 1.236951e+00
1.320000e+03 -7.897960e+01 5.967300e+00 -8.618335e+01 1.236448e+00
1.322000e+03 -7.924018e+01 5.967300e+00 -8.644343e+01 1.235948e+00
1.324000e+03 -7.950114e+01 5.967300e+00 -8.670389e+01 1.235451e+00
1.326000e+03 -7.976248e+01 5.967300e+00 -8.696474e+01 1.234956e+00
1.328000e+03 -8.002421e+01 5.967300e+00 -8.722598e+01 1.234464e+00
1.330000e+03 -8.028632e+01 5.967300e+00 -8.748760e+01 1.233975e+00
1.332000e+03 -8.054882e+01 5.967300e+00 -8.774961e+01 1.233488e+00
1.334000e+03 -8.081170e+01 5.967300e+00 -8.801200e+01 1.233003e+00
1.336000e+03 -8.107496e+01 5.967300e+00 -8.827478e+01 1.232522e+00
1.338000e+03 -8.133860e+01 5.967300e+00 -8.853794e+01 1.232042e+00
1.340000e+03 -8.160263e+01 5.967300e+00 -8.880149e+01 1.231566e+00
1.342000e+03 -8.186704e+01 5.967300e+00 -8.906543e+01 1.231091e+00
1.344000e+03 -8.213183e+01 5.967300e+00 -8.932975e+01 1.230620e+00
1.346000e+03 -8.239701e+01 5.967300e+00 -8.959446e+01 1.230150e+00
1.348000e+03 -8.266257e+01 5.967300e+00 -8.985955e+01 1.229683e+00
1.350000e+03 -8.292851e+01 5.967300e+00 -9.012503e+01 1.229219e+00
1.352000e+03 -8.319484e+01 5.967300e+00 -9.039090e+01 1.228757e+00
1.354000e+03 -8.346155e+01 5.967300e+00 -9.065715e+01 1.228297e+00
1.356000e+03 -8.372864e+01 5.967300e+00 -9.092378e+01 1.227839e+00
1.358000e+03 -8.399612e+01 5.967300e+00 -9.119080e+01 1.227384e+00
1.360000e+03 -8.426398e+01 5.967300e+00 -9.145821e+01 1.226932e+00
1.362000e+03 -8.453222e+01 5.967300e+00 -9.172600e+01 1.226481e+00
1.364000e+03 -8.480085e+01 5.967300e+00 -9.199418e+01 1.226033e+00
1.366000e+03 -8.506985e+01 5.967300e+00 -9.226274e+01 1.225587e+00
1.368000e+03 -8.533924e+01 5.967300e+00 -9.253169e+01 1.225144e+00
1.370000e+03 -8.560902e+01 5.967300e+00 -9.280102e+01 1.224703e+00
1.372000e+03 -8.587918e+01 5.967300e+00 -9.307074e+01 1.224263e+00
1.374000e+03 -8.614972e+01 5.967300e+00 -9.334084e+01 1.223827e+00
1.376000e+03 -8.642064e+01 5.967300e+00 -9.361133e+01 1.223392e+00
1.378000e+03 -8.669194e+01 5.967300e+00 -9.388220e+01 1.222959e+00
1.380000e+03 -8.696363e+01 5.967300e+00 -9.415346e+01 1.222529e+00
1.382000e+03 -8.723570e+01 5.967300e+00 -9.442511e+01 1.222101e+00
1.384000e+03 -8.750816e+01 5.967300e+00 -9.469713e+01 1.221675e+00
1.386000e+03 -8.778100e+01 5.967300e+00 -9.496955e+01 1.221251e+00
1.388000e+03 -8.805422e+01 5.967300e+00 -9.524234e+01 1.220829e+00
1.390000e+03 -8.832782e+01 5.967300e+00 -9.551553e+01 1.220410e+00
1.392000e+03 -8.860180e+01 5.967300e+00 -9.578910e+01 1.219992e+00
1.394000e+03 -8.887617e+01 5.967300e+00 -9.606305e+01 1.219577e+00
1.396000e+03 -8.915092e+01 5.967300e+00 -9.633739e+01 1.219163e+00
1.398000e+03 -8.942606e+01 5.967300e+00 -9.661211e+01 1.218752e+00
1.400000e+03 -8.970157e+01 5.967300e+00 -9.688721e+01 1.218342e+00
1.402000e+03 -8.997747e+01 5.967300e+00 -9.716271e+01 1.217935e+00
1.404000e+03 -9.025375e+01 5.967300e+00 -9.743858e+01 1.217530e+00
1.406000e+03 -9.053042e+01 5.967300e+00 -9.771484e+01 1.217126e+00
1.408000e+03 -9.080746e+01 5.967300e+00 -9.799149e+01 1.216725e+00
1.410000e+03 -9.108489e+01 5.967300e+00 -9.826852e+01 1.216325e+00
1.412000e+03 -9.136270e+01 5.967300e+00 -9.854593e+01 1.215928e+00
1.414000e+03 -9.164090e+01 5.967300e+00 -9.882373e+01 1.215532e+00
1.416000e+03 -9.191947e+01 5.967300e+00 -9.910191e+01 1.215139e+00
1.418000e+03 -9.219843e+01 5.967300e+00 -9.938048e+01 1.214747e+00
1.420000e+03 -9.247777e+01 5.967300e+00 -9.965943e+01 1.214357e+00
1.422000e+03 -9.275750e+01 5.967300e+00 -9.993877e+01 1.213969e+00
1.424000e+03 -9.303760e+01 5.967300e+00 -1.002185e+02 1.213583e+00
1.426000e+03 -9.331809e+01 5.967300e+00 -1.004986e+02 1.213199e+00
1.428000e+03 -9.359896e+01 5.967300e+00 -1.007791e+02 1.212817e+00
1.430000e+03 -9.388021e+01 5.967300e+00 -1.010599e+02 1.212436e+00
1.432000e+03 -9.416185e+01 5.967300e+00 -1.013412e+02 1.212057e+00
1.434000e+03 -9.444387e+01 5.967300e+00 -1.016228e+02 1.211680e+00
1.436000e+03 -9.472627e+01 5.967300e+00 -1.019049e+02 1.211305e+00
1.438000e+03 -9.500905e+01 5.967300e+00 -1.021873e+02 1.210932e+00
1.440000e+03 -9.529221e+01 5.967300e+00 -1.024701e+02 1.210560e+00
1.442000e+03 -9.557576e+01 5.967300e+00 -1.027532e+02 1.210191e+00
1.444000e+03 -9.585969e+01 5.967300e+00 -1.030368e+02 1.209823e+00
1.446000e+03 -9.614400e+01 5.967300e+00 -1.033208e+02 1.209456e+00
1.448000e+03 -9.642869e+01 5.967300e+00 -1.036051e+02 1.209092e+00
1.450000e+03 -9.671376e+01 5.967300e+00 -1.038898e+02 1.208729e+00
1.452000e+03 -9.699922e+01 5.967300e+00 -1.041749e+02 1.208368e+00
1.454000e+03 -9.728506e+01 5.967300e+00 -1.044604e+02 1.208008e+00
1.456000e+03 -9.757128e+01 5.967300e+00 -1.047462e+02 1.207651e+00
1.458000e+03 -9.785788e+01 5.967300e+00 -1.050325e+02 1.207295e+00
1.460000e+03 -9.814486e+01 5.967300e+00 -1.053191e+02 1.206940e+00
1.462000e+03 -9.843223e+01 5.967300e+00 -1.056061e+02 1.206587e+00
1.464000e+03 -9.871998e+01 5.967300e+00 -1.058935e+02 1.206236e+00
1.466000e+03 -9.900811e+01 5.967300e+00 -1.061813e+02 1.205887e+00
1.468000e+03 -9.929662e+01 5.967300e+00 -1.064695e+02 1.205539e+00
1.470000e+03 -9.958551e+01 5.967300e+00 -1.067580e+02 1.205193e+00
1.472000e+03 -9.987479e+01 5.967300e+00 -1.070469e+02 1.204848e+00
1.474000e+03 -1.001644e+02 5.967300e+00 -1.073362e+02 1.204505e+00
1.476000e+03 -1.004545e+02 5.967300e+00 -1.076259e+02 1.204163e+00
1.478000e+03 -1.007449e+02 5.967300e+00 -1.079160e+02 1.203824e+00
1.480000e+03 -1.010357e+02 5.967300e+00 -1.082065e+02 1.203485e+00
1.482000e+03 -1.013269e+02 5.967300e+00 -1.084973e+02 1.203148e+00
1.484000e+03 -1.016184e+02 5.967300e+00 -1.087886e+02 1.202813e+00
1.486000e+03 -1.019104e+02 5.967300e+00 -1.090802e+02 1.202479e+00
1.488000e+03 -1.022027e+02 5.967300e+00 -1.093722e+02 1.202147e+00
1.490000e+03 -1.024954e+02 5.967300e+00 -1.096645e+02 1.201817e+00
1.492000e+03 -1.027885e+02 5.967300e+00 -1.099573e+02 1.201487e+00
1.494000e+03 -1.030820e+02 5.967300e+00 -1.102505e+02 1.201160e+00
1.496000e+03 -1.033758e+02 5.967300e+00 -1.105440e+02 1.200833e+00
1.498000e+03 -1.036701e+02 5.967300e+00 -1.108379e+02 1.200509e+00
1.500000e+03 -1.039647e+02 5.967300e+00 -1.111322e+02 1.200185e+00
1.502000e+03 -1.042597e+02 5.967300e+00 -1.114269e+02 1.199864e+00
1.504000e+03 -1.045551e+02 5.967300e+00 -1.117219e+02 1.199543e+00
1.506000e+03 -1.048508e+02 5.967300e+00 -1.120174e+02 1.199224e+00
1.508000e+03 -1.051470e+02 5.967300e+00 -1.123132e+02 1.198907e+00
1.510000e+03 -1.054435e+02 5.967300e+00 -1.126094e+02 1.198591e+00
1.512000e+03 -1.057404e+02 5.967300e+00 -1.129060e+02 1.198276e+00
1.514000e+03 -1.060377e+02 5.967300e+00 -1.132029e+02 1.197963e+00
1.516000e+03 -1.063353e+02 5.967300e+00 -1.135003e+02 1.197651e+00
1.518000e+03 -1.066334e+02 5.967300e+00 -1.137980e+02 1.197341e+00
1.520000e+03 -1.069318e+02 5.967300e+00 -1.140962e+02 1.197032e+00
1.522000e+03 -1.072306e+02 5.967300e+00 -1.143947e+02 1.196724e+00
1.524000e+03 -1.075298e+02 5.967300e+00 -1.146935e+02 1.196418e+00
1.526000e+03 -1.078294e+02 5.967300e+00 -1.149928e+02 1.196113e+00
1.528000e+03 -1.081293e+02 5.967300e+00 -1.152925e+02 1.195809e+00
1.530000e+03 -1.084297e+02 5.967300e+00 -1.155925e+02 1.195507e+00
1.532000e+03 -1.087304e+02 5.967300e+00 -1.158929e+02 1.195206e+00
1.534000e+03 -1.090315e+02 5.967300e+00 -1.161937e+02 1.194906e+00
1.536000e+03 -1.093330e+02 5.967300e+00 -1.164949e+02 1.194608e+00
1.538000e+03 -1.096348e+02 5.967300e+00 -1.167964e+02 1.194311e+00
1.540000e+03 -1.099370e+02 5.967300e+00 -1.170984e+02 1.194015e+00
1.542000e+03 -1.102397e+02 5.967300e+00 -1.174007e+02 1.193720e+00
1.544000e+03 -1.105427e+02 5.967300e+00 -1.177034e+02 1.193427e+00
1.546000e+03 -1.108460e+02 5.967300e+00 -1.180065e+02 1.193135e+00
1.548000e+03 -1.111498e+02 5.967300e+00 -1.183099e+02 1.192845e+00
1.550000e+03 -1.114539e+02 5.967300e+00 -1.186138e+02 1.192555e+00
