1.000000e+02 -4.610706e-03 0.000000e+00 -2.639455e-03 -1.971251e-03
1.020000e+02 -4.901154e-03 0.000000e+00 -2.801008e-03 -2.100146e-03
1.040000e+02 -5.204102e-03 0.000000e+00 -2.969021e-03 -2.235081e-03
1.060000e+02 -5.519874e-03 0.000000e+00 -3.143623e-03 -2.376251e-03
1.080000e+02 -5.848798e-03 0.000000e+00 -3.324938e-03 -2.523860e-03
1.100000e+02 -6.191208e-03 0.000000e+00 -3.513094e-03 -2.678114e-03
1.120000e+02 -6.547445e-03 0.000000e+00 -3.708218e-03 -2.839227e-03
1.140000e+02 -6.917855e-03 0.000000e+00 -3.910436e-03 -3.007419e-03
1.160000e+02 -7.302791e-03 0.000000e+00 -4.119875e-03 -3.182916e-03
1.180000e+02 -7.702613e-03 0.000000e+00 -4.336662e-03 -3.365951e-03
1.200000e+02 -8.117687e-03 0.000000e+00 -4.560922e-03 -3.556765e-03
1.220000e+02 -8.548387e-03 0.000000e+00 -4.792784e-03 -3.755604e-03
1.240000e+02 -8.995095e-03 0.000000e+00 -5.032372e-03 -3.962723e-03
1.260000e+02 -9.458201e-03 0.000000e+00 -5.279816e-03 -4.178385e-03
1.280000e+02 -9.938101e-03 0.000000e+00 -5.535239e-03 -4.402861e-03
1.300000e+02 -1.043520e-02 0.000000e+00 -5.798770e-03 -4.636431e-03
1.320000e+02 -1.094992e-02 0.000000e+00 -6.070536e-03 -4.879382e-03
1.340000e+02 -1.148267e-02 0.000000e+00 -6.350661e-03 -5.132011e-03
1.360000e+02 -1.203390e-02 0.000000e+00 -6.639275e-03 -5.394627e-03
1.380000e+02 -1.260405e-02 0.000000e+00 -6.936502e-03 -5.667545e-03
1.400000e+02 -1.319356e-02 0.000000e+00 -7.242469e-03 -5.951093e-03
1.420000e+02 -1.380291e-02 0.000000e+00 -7.557304e-03 -6.245608e-03
1.440000e+02 -1.443257e-02 0.000000e+00 -7.881133e-03 -6.551441e-03
1.460000e+02 -1.508303e-02 0.000000e+00 -8.214082e-03 -6.868951e-03
1.480000e+02 -1.575479e-02 0.000000e+00 -8.556278e-03 -7.198512e-03
1.500000e+02 -1.644836e-02 0.000000e+00 -8.907848e-03 -7.540509e-03
1.520000e+02 -1.716426e-02 0.000000e+00 -9.268918e-03 -7.895341e-03
1.540000e+02 -1.790304e-02 0.000000e+00 -9.639615e-03 -8.263421e-03
1.560000e+02 -1.866524e-02 0.000000e+00 -1.002007e-02 -8.645175e-03
1.580000e+02 -1.945144e-02 0.000000e+00 -1.041040e-02 -9.041044e-03
1.600000e+02 -2.026222e-02 0.000000e+00 -1.081073e-02 -9.451487e-03
1.620000e+02 -2.109818e-02 0.000000e+00 -1.122120e-02 -9.876976e-03
1.640000e+02 -2.195994e-02 0.000000e+00 -1.164193e-02 -1.031800e-02
1.660000e+02 -2.284812e-02 0.000000e+00 -1.207305e-02 -1.077507e-02
1.680000e+02 -2.376339e-02 0.000000e+00 -1.251468e-02 -1.124871e-02
1.700000e+02 -2.470641e-02 0.000000e+00 -1.296695e-02 -1.173946e-02
1.720000e+02 -2.567788e-02 0.000000e+00 -1.342999e-02 -1.224790e-02
1.740000e+02 -2.667851e-02 0.000000e+00 -1.390392e-02 -1.277460e-02
1.760000e+02 -2.770904e-02 0.000000e+00 -1.438887e-02 -1.332017e-02
1.780000e+02 -2.877021e-02 0.000000e+00 -1.488496e-02 -1.388524e-02
1.800000e+02 -2.986281e-02 0.000000e+00 -1.539233e-02 -1.447048e-02
1.820000e+02 -3.098765e-02 0.000000e+00 -1.591110e-02 -1.507655e-02
1.840000e+02 -3.214555e-02 0.000000e+00 -1.644139e-02 -1.570416e-02
1.860000e+02 -3.333738e-02 0.000000e+00 -1.698334e-02 -1.635404e-02
1.880000e+02 -3.456402e-02 0.000000e+00 -1.753706e-02 -1.702695e-02
1.900000e+02 -3.582638e-02 0.000000e+00 -1.810269e-02 -1.772369e-02
1.920000e+02 -3.712542e-02 0.000000e+00 -1.868035e-02 -1.844507e-02
1.940000e+02 -3.846211e-02 0.000000e+00 -1.927017e-02 -1.919194e-02
1.960000e+02 -3.983747e-02 0.000000e+00 -1.987228e-02 -1.996519e-02
1.980000e+02 -4.125254e-02 0.000000e+00 -2.048680e-02 -2.076574e-02
2.000000e+02 -4.270841e-02 0.000000e+00 -2.111386e-02 -2.159455e-02
2.020000e+02 -4.420620e-02 0.000000e+00 -2.175358e-02 -2.245262e-02
2.040000e+02 -4.574708e-02 0.000000e+00 -2.240609e-02 -2.334099e-02
2.060000e+02 -4.733225e-02 0.000000e+00 -2.307152e-02 -2.426073e-02
2.080000e+02 -4.896297e-02 0.000000e+00 -2.375000e-02 -2.521297e-02
2.100000e+02 -5.064054e-02 0.000000e+00 -2.444165e-02 -2.619889e-02
2.120000e+02 -5.236630e-02 0.000000e+00 -2.514659e-02 -2.721971e-02
2.140000e+02 -5.414165e-02 0.000000e+00 -2.586496e-02 -2.827669e-02
2.160000e+02 -5.596805e-02 0.000000e+00 -2.659688e-02 -2.937117e-02
2.180000e+02 -5.784701e-02 0.000000e+00 -2.734248e-02 -3.050453e-02
2.200000e+02 -5.978010e-02 0.000000e+00 -2.810188e-02 -3.167822e-02
2.220000e+02 -6.176894e-02 0.000000e+00 -2.887521e-02 -3.289373e-02
2.240000e+02 -6.381525e-02 0.000000e+00 -2.966260e-02 -3.415265e-02
2.260000e+02 -6.592078e-02 0.000000e+00 -3.046417e-02 -3.545661e-02
2.280000e+02 -6.808738e-02 0.000000e+00 -3.128005e-02 -3.680733e-02
2.300000e+02 -7.031697e-02 0.000000e+00 -3.211037e-02 -3.820660e-02
2.320000e+02 -7.261154e-02 0.000000e+00 -3.295525e-02 -3.965629e-02
2.340000e+02 -7.497318e-02 0.000000e+00 -3.381482e-02 -4.115836e-02
2.360000e+02 -7.740406e-02 0.000000e+00 -3.468921e-02 -4.271486e-02
2.380000e+02 -7.990645e-02 0.000000e+00 -3.557853e-02 -4.432791e-02
2.400000e+02 -8.248271e-02 0.000000e+00 -3.648293e-02 -4.599977e-02
2.420000e+02 -8.513531e-02 0.000000e+00 -3.740253e-02 -4.773278e-02
2.440000e+02 -8.786684e-02 0.000000e+00 -3.833744e-02 -4.952940e-02
2.460000e+02 -9.067999e-02 0.000000e+00 -3.928781e-02 -5.139219e-02
2.480000e+02 -9.357759e-02 0.000000e+00 -4.025374e-02 -5.332385e-02
2.500000e+02 -9.656259e-02 0.000000e+00 -4.123538e-02 -5.532720e-02
2.520000e+02 -9.963807e-02 0.000000e+00 -4.223285e-02 -5.740522e-02
2.540000e+02 -1.028073e-01 0.000000e+00 -4.324627e-02 -5.956099e-02
2.560000e+02 -1.060736e-01 0.000000e+00 -4.427578e-02 -6.179780e-02
2.580000e+02 -1.094405e-01 0.000000e+00 -4.532149e-02 -6.411906e-02
2.600000e+02 -1.129119e-01 0.000000e+00 -4.638353e-02 -6.652836e-02
2.620000e+02 -1.164915e-01 0.000000e+00 -4.746204e-02 -6.902948e-02
2.640000e+02 -1.201835e-01 0.000000e+00 -4.855713e-02 -7.162641e-02
2.660000e+02 -1.239922e-01 0.000000e+00 -4.966893e-02 -7.432330e-02
2.680000e+02 -1.279221e-01 0.000000e+00 -5.079758e-02 -7.712455e-02
2.700000e+02 -1.319780e-01 0.000000e+00 -5.194319e-02 -8.003479e-02
2.720000e+02 -1.361648e-01 0.000000e+00 -5.310589e-02 -8.305888e-02
2.740000e+02 -1.404878e-01 0.000000e+00 -5.428581e-02 -8.620195e-02
2.760000e+02 -1.449525e-01 0.000000e+00 -5.548307e-02 -8.946940e-02
2.780000e+02 -1.495647e-01 0.000000e+00 -5.669781e-02 -9.286692e-02
2.800000e+02 -1.543307e-01 0.000000e+00 -5.793015e-02 -9.640052e-02
2.820000e+02 -1.592568e-01 0.000000e+00 -5.918021e-02 -1.000765e-01
2.840000e+02 -1.643498e-01 0.000000e+00 -6.044812e-02 -1.039017e-01
2.860000e+02 -1.696170e-01 0.000000e+00 -6.173401e-02 -1.078830e-01
2.880000e+02 -1.750659e-01 0.000000e+00 -6.303800e-02 -1.120279e-01
2.900000e+02 -1.807046e-01 0.000000e+00 -6.436023e-02 -1.163444e-01
2.920000e+02 -1.865415e-01 0.000000e+00 -6.570081e-02 -1.208407e-01
2.940000e+02 -1.925857e-01 0.000000e+00 -6.705987e-02 -1.255258e-01
2.960000e+02 -1.988465e-01 0.000000e+00 -6.843754e-02 -1.304090e-01
2.980000e+02 -2.053341e-01 0.000000e+00 -6.983395e-02 -1.355001e-01
3.000000e+02 -2.120590e-01 0.000000e+00 -7.124922e-02 -1.408097e-01
3.020000e+02 -2.190325e-01 0.000000e+00 -7.268348e-02 -1.463490e-01
3.040000e+02 -2.262666e-01 0.000000e+00 -7.413685e-02 -1.521298e-01
3.060000e+02 -2.337740e-01 0.000000e+00 -7.560947e-02 -1.581645e-01
3.080000e+02 -2.415681e-01 0.000000e+00 -7.710145e-02 -1.644666e-01
3.100000e+02 -2.496632e-01 0.000000e+00 -7.861293e-02 -1.710503e-01
3.120000e+02 -2.580745e-01 0.000000e+00 -8.014402e-02 -1.779305e-01
3.140000e+02 -2.668182e-01 0.000000e+00 -8.169487e-02 -1.851233e-01
3.160000e+02 -2.759115e-01 0.000000e+00 -8.326558e-02 -1.926459e-01
3.180000e+02 -2.853727e-01 0.000000e+00 -8.485630e-02 -2.005164e-01
3.200000e+02 -2.952214e-01 0.000000e+00 -8.646714e-02 -2.087543e-01
3.220000e+02 -3.054784e-01 0.000000e+00 -8.809823e-02 -2.173801e-01
3.240000e+02 -3.161658e-01 0.000000e+00 -8.974971e-02 -2.264161e-01
3.260000e+02 -3.273074e-01 0.000000e+00 -9.142168e-02 -2.358858e-01
3.280000e+02 -3.389287e-01 0.000000e+00 -9.311429e-02 -2.458144e-01
3.300000e+02 -3.510566e-01 0.000000e+00 -9.482766e-02 -2.562289e-01
3.320000e+02 -3.637202e-01 0.000000e+00 -9.656191e-02 -2.671582e-01
3.340000e+02 -3.769505e-01 0.000000e+00 -9.831717e-02 -2.786333e-01
3.360000e+02 -3.907808e-01 0.000000e+00 -1.000936e-01 -2.906872e-01
3.380000e+02 -4.052467e-01 0.000000e+00 -1.018912e-01 -3.033555e-01
3.400000e+02 -4.203866e-01 0.000000e+00 -1.037103e-01 -3.166763e-01
3.420000e+02 -4.362415e-01 0.000000e+00 -1.055508e-01 -3.306906e-01
3.440000e+02 -4.528555e-01 0.000000e+00 -1.074130e-01 -3.454425e-01
3.460000e+02 -4.702761e-01 0.000000e+00 -1.092970e-01 -3.609791e-01
3.480000e+02 -4.885545e-01 0.000000e+00 -1.112029e-01 -3.773516e-01
3.500000e+02 -5.077455e-01 0.000000e+00 -1.131308e-01 -3.946147e-01
3.520000e+02 -5.279083e-01 0.000000e+00 -1.150808e-01 -4.128276e-01
3.540000e+02 -5.491070e-01 0.000000e+00 -1.170531e-01 -4.320539e-01
3.560000e+02 -5.714104e-01 0.000000e+00 -1.190478e-01 -4.523626e-01
3.580000e+02 -5.948929e-01 0.000000e+00 -1.210650e-01 -4.738279e-01
3.600000e+02 -6.196349e-01 0.000000e+00 -1.231049e-01 -4.965300e-01
3.620000e+02 -6.457233e-01 0.000000e+00 -1.251676e-01 -5.205557e-01
3.640000e+02 -6.732521e-01 0.000000e+00 -1.272531e-01 -5.459990e-01
3.660000e+02 -7.023232e-01 0.000000e+00 -1.293617e-01 -5.729614e-01
3.680000e+02 -7.330466e-01 0.000000e+00 -1.314935e-01 -6.015531e-01
3.700000e+02 -7.655419e-01 0.000000e+00 -1.336485e-01 -6.318934e-01
3.720000e+02 -7.999384e-01 0.000000e+00 -1.358269e-01 -6.641115e-01
3.740000e+02 -8.363766e-01 0.000000e+00 -1.380289e-01 -6.983477e-01
3.760000e+02 -8.750089e-01 0.000000e+00 -1.402546e-01 -7.347543e-01
3.780000e+02 -9.160003e-01 0.000000e+00 -1.425040e-01 -7.734964e-01
3.800000e+02 -9.595305e-01 0.000000e+00 -1.447773e-01 -8.147531e-01
3.820000e+02 -1.005794e+00 0.000000e+00 -1.470747e-01 -8.587192e-01
3.840000e+02 -1.055002e+00 0.000000e+00 -1.493962e-01 -9.056057e-01
3.860000e+02 -1.107384e+00 0.000000e+00 -1.517421e-01 -9.556417e-01
3.880000e+02 -1.163188e+00 0.000000e+00 -1.541123e-01 -1.009076e+00
3.900000e+02 -1.222684e+00 0.000000e+00 -1.565071e-01 -1.066177e+00
3.920000e+02 -1.286164e+00 0.000000e+00 -1.589266e-01 -1.127237e+00
3.940000e+02 -1.353942e+00 0.000000e+00 -1.613709e-01 -1.192571e+00
3.960000e+02 -1.426359e+00 0.000000e+00 -1.638401e-01 -1.262519e+00
3.980000e+02 -1.503782e+00 0.000000e+00 -1.663343e-01 -1.337448e+00
4.000000e+02 -1.586605e+00 0.000000e+00 -1.688537e-01 -1.417751e+00
4.020000e+02 -1.675248e+00 0.000000e+00 -1.713984e-01 -1.503850e+00
4.040000e+02 -1.770161e+00 0.000000e+00 -1.739686e-01 -1.596193e+00
4.060000e+02 -1.871821e+00 0.000000e+00 -1.765643e-01 -1.695257e+00
4.080000e+02 -1.980727e+00 0.000000e+00 -1.791856e-01 -1.801541e+00
4.100000e+02 -2.097403e+00 0.000000e+00 -1.818328e-01 -1.915570e+00
4.120000e+02 -2.222387e+00 0.000000e+00 -1.845059e-01 -2.037881e+00
4.140000e+02 -2.356228e+00 0.000000e+00 -1.872051e-01 -2.169023e+00
4.160000e+02 -2.499472e+00 0.000000e+00 -1.899305e-01 -2.309542e+00
4.180000e+02 -2.652648e+00 0.000000e+00 -1.926821e-01 -2.459966e+00
4.200000e+02 -2.816251e+00 0.000000e+00 -1.954602e-01 -2.620791e+00
4.220000e+02 -2.990714e+00 0.000000e+00 -1.982649e-01 -2.792449e+00
4.240000e+02 -3.176378e+00 0.000000e+00 -2.010963e-01 -2.975281e+00
4.260000e+02 -3.373452e+00 0.000000e+00 -2.039544e-01 -3.169498e+00
4.280000e+02 -3.581969e+00 0.000000e+00 -2.068395e-01 -3.375129e+00
4.300000e+02 -3.801724e+00 0.000000e+00 -2.097517e-01 -3.591972e+00
4.320000e+02 -4.032214e+00 0.000000e+00 -2.126911e-01 -3.819523e+00
4.340000e+02 -4.272569e+00 0.000000e+00 -2.156578e-01 -4.056911e+00
4.360000e+02 -4.521477e+00 0.000000e+00 -2.186519e-01 -4.302825e+00
4.380000e+02 -4.777113e+00 0.000000e+00 -2.216736e-01 -4.555439e+00
4.400000e+02 -5.037083e+00 0.000000e+00 -2.247230e-01 -4.812360e+00
4.420000e+02 -5.298378e+00 0.000000e+00 -2.278002e-01 -5.070578e+00
4.440000e+02 -5.557372e+00 0.000000e+00 -2.309054e-01 -5.326467e+00
4.460000e+02 -5.809857e+00 0.000000e+00 -2.340387e-01 -5.575819e+00
4.480000e+02 -6.051137e+00 0.000000e+00 -2.372001e-01 -5.813937e+00
4.500000e+02 -6.276185e+00 0.000000e+00 -2.403899e-01 -6.035795e+00
4.520000e+02 -6.479865e+00 0.000000e+00 -2.436081e-01 -6.236257e+00
4.540000e+02 -6.657206e+00 0.000000e+00 -2.468549e-01 -6.410351e+00
4.560000e+02 -6.803705e+00 0.000000e+00 -2.501304e-01 -6.553575e+00
4.580000e+02 -6.915636e+00 0.000000e+00 -2.534348e-01 -6.662202e+00
4.600000e+02 -6.990313e+00 0.000000e+00 -2.567680e-01 -6.733545e+00
4.620000e+02 -7.026288e+00 0.000000e+00 -2.601304e-01 -6.766157e+00
4.640000e+02 -7.023443e+00 0.000000e+00 -2.635220e-01 -6.759921e+00
4.660000e+02 -6.982974e+00 0.000000e+00 -2.669429e-01 -6.716031e+00
4.680000e+02 -6.907264e+00 0.000000e+00 -2.703933e-01 -6.636871e+00
4.700000e+02 -6.799671e+00 0.000000e+00 -2.738733e-01 -6.525797e+00
4.720000e+02 -6.664256e+00 0.000000e+00 -2.773830e-01 -6.386873e+00
4.740000e+02 -6.505503e+00 0.000000e+00 -2.809225e-01 -6.224580e+00
4.760000e+02 -6.328035e+00 0.000000e+00 -2.844920e-01 -6.043543e+00
4.780000e+02 -6.136386e+00 0.000000e+00 -2.880915e-01 -5.848295e+00
4.800000e+02 -5.934808e+00 0.000000e+00 -2.917213e-01 -5.643086e+00
4.820000e+02 -5.727143e+00 0.000000e+00 -2.953815e-01 -5.431762e+00
4.840000e+02 -5.516753e+00 0.000000e+00 -2.990721e-01 -5.217681e+00
4.860000e+02 -5.306482e+00 0.000000e+00 -3.027933e-01 -5.003688e+00
4.880000e+02 -5.098666e+00 0.000000e+00 -3.065452e-01 -4.792120e+00
4.900000e+02 -4.895164e+00 0.000000e+00 -3.103279e-01 -4.584836e+00
4.920000e+02 -4.697403e+00 0.000000e+00 -3.141416e-01 -4.383262e+00
4.940000e+02 -4.506434e+00 0.000000e+00 -3.179865e-01 -4.188448e+00
4.960000e+02 -4.322985e+00 0.000000e+00 -3.218625e-01 -4.001122e+00
4.980000e+02 -4.147518e+00 0.000000e+00 -3.257699e-01 -3.821749e+00
5.000000e+02 -3.980281e+00 0.000000e+00 -3.297088e-01 -3.650573e+00
5.020000e+02 -3.821349e+00 0.000000e+00 -3.336792e-01 -3.487670e+00
5.040000e+02 -3.670662e+00 0.000000e+00 -3.376814e-01 -3.332981e+00
5.060000e+02 -3.528064e+00 0.000000e+00 -3.417155e-01 -3.186349e+00
5.080000e+02 -3.393321e+00 0.000000e+00 -3.457815e-01 -3.047540e+00
5.100000e+02 -3.266150e+00 0.000000e+00 -3.498796e-01 -2.916270e+00
5.120000e+02 -3.146231e+00 0.000000e+00 -3.540100e-01 -2.792221e+00
5.140000e+02 -3.033226e+00 0.000000e+00 -3.581727e-01 -2.675053e+00
5.160000e+02 -2.926785e+00 0.000000e+00 -3.623679e-01 -2.564417e+00
5.180000e+02 -2.826557e+00 0.000000e+00 -3.665957e-01 -2.459961e+00
5.200000e+02 -2.732194e+00 0.000000e+00 -3.708562e-01 -2.361338e+00
5.220000e+02 -2.643357e+00 0.000000e+00 -3.751496e-01 -2.268207e+00
5.240000e+02 -2.559719e+00 0.000000e+00 -3.794760e-01 -2.180243e+00
5.260000e+02 -2.480966e+00 0.000000e+00 -3.838354e-01 -2.097130e+00
5.280000e+02 -2.406799e+00 0.000000e+00 -3.882282e-01 -2.018571e+00
5.300000e+02 -2.336934e+00 0.000000e+00 -3.926542e-01 -1.944280e+00
5.320000e+02 -2.271105e+00 0.000000e+00 -3.971138e-01 -1.873992e+00
5.340000e+02 -2.209060e+00 0.000000e+00 -4.016070e-01 -1.807453e+00
5.360000e+02 -2.150562e+00 0.000000e+00 -4.061339e-01 -1.744428e+00
5.380000e+02 -2.095390e+00 0.000000e+00 -4.106946e-01 -1.684695e+00
5.400000e+02 -2.043337e+00 0.000000e+00 -4.152894e-01 -1.628047e+00
5.420000e+02 -1.994210e+00 0.000000e+00 -4.199183e-01 -1.574292e+00
5.440000e+02 -1.947829e+00 0.000000e+00 -4.245814e-01 -1.523247e+00
5.460000e+02 -1.904025e+00 0.000000e+00 -4.292789e-01 -1.474746e+00
5.480000e+02 -1.862642e+00 0.000000e+00 -4.340109e-01 -1.428631e+00
5.500000e+02 -1.823533e+00 0.000000e+00 -4.387775e-01 -1.384756e+00
5.520000e+02 -1.786563e+00 0.000000e+00 -4.435788e-01 -1.342985e+00
5.540000e+02 -1.751605e+00 0.000000e+00 -4.484150e-01 -1.303190e+00
5.560000e+02 -1.718541e+00 0.000000e+00 -4.532862e-01 -1.265255e+00
5.580000e+02 -1.687261e+00 0.000000e+00 -4.581925e-01 -1.229068e+00
5.600000e+02 -1.657662e+00 0.000000e+00 -4.631341e-01 -1.194528e+00
5.620000e+02 -1.629649e+00 0.000000e+00 -4.681110e-01 -1.161538e+00
5.640000e+02 -1.603132e+00 0.000000e+00 -4.731234e-01 -1.130009e+00
5.660000e+02 -1.578030e+00 0.000000e+00 -4.781715e-01 -1.099858e+00
5.680000e+02 -1.554263e+00 0.000000e+00 -4.832553e-01 -1.071008e+00
5.700000e+02 -1.531760e+00 0.000000e+00 -4.883750e-01 -1.043385e+00
5.720000e+02 -1.510453e+00 0.000000e+00 -4.935306e-01 -1.016923e+00
5.740000e+02 -1.490279e+00 0.000000e+00 -4.987224e-01 -9.915568e-01
5.760000e+02 -1.471179e+00 0.000000e+00 -5.039505e-01 -9.672284e-01
5.780000e+02 -1.453097e+00 0.000000e+00 -5.092149e-01 -9.438821e-01
5.800000e+02 -1.435982e+00 0.000000e+00 -5.145158e-01 -9.214659e-01
5.820000e+02 -1.419785e+00 0.000000e+00 -5.198534e-01 -8.999312e-01
5.840000e+02 -1.404460e+00 0.000000e+00 -5.252277e-01 -8.792325e-01
5.860000e+02 -1.389966e+00 0.000000e+00 -5.306389e-01 -8.593270e-01
5.880000e+02 -1.376262e+00 0.000000e+00 -5.360870e-01 -8.401746e-01
5.900000e+02 -1.363310e+00 0.000000e+00 -5.415723e-01 -8.217377e-01
5.920000e+02 -1.351076e+00 0.000000e+00 -5.470949e-01 -8.039808e-01
5.940000e+02 -1.339525e+00 0.000000e+00 -5.526549e-01 -7.868706e-01
5.960000e+02 -1.328628e+00 0.000000e+00 -5.582523e-01 -7.703759e-01
5.980000e+02 -1.318355e+00 0.000000e+00 -5.638874e-01 -7.544673e-01
6.000000e+02 -1.308677e+00 0.000000e+00 -5.695602e-01 -7.391169e-01
6.020000e+02 -1.299570e+00 0.000000e+00 -5.752709e-01 -7.242986e-01
6.040000e+02 -1.291007e+00 0.000000e+00 -5.810196e-01 -7.099878e-01
6.060000e+02 -1.282968e+00 0.000000e+00 -5.868065e-01 -6.961613e-01
6.080000e+02 -1.275429e+00 0.000000e+00 -5.926316e-01 -6.827970e-01
6.100000e+02 -1.268369e+00 0.000000e+00 -5.984951e-01 -6.698742e-01
6.120000e+02 -1.261770e+00 0.000000e+00 -6.043971e-01 -6.573733e-01
6.140000e+02 -1.255614e+00 0.000000e+00 -6.103377e-01 -6.452758e-01
6.160000e+02 -1.249881e+00 0.000000e+00 -6.163171e-01 -6.335642e-01
6.180000e+02 -1.244557e+00 0.000000e+00 -6.223354e-01 -6.222219e-01
6.200000e+02 -1.239626e+00 0.000000e+00 -6.283927e-01 -6.112331e-01
6.220000e+02 -1.235072e+00 0.000000e+00 -6.344891e-01 -6.005830e-01
6.240000e+02 -1.230882e+00 0.000000e+00 -6.406248e-01 -5.902574e-01
6.260000e+02 -1.227043e+00 0.000000e+00 -6.467998e-01 -5.802429e-01
6.280000e+02 -1.223541e+00 0.000000e+00 -6.530144e-01 -5.705270e-01
6.300000e+02 -1.220366e+00 0.000000e+00 -6.592686e-01 -5.610973e-01
6.320000e+02 -1.217505e+00 0.000000e+00 -6.655626e-01 -5.519426e-01
6.340000e+02 -1.214948e+00 0.000000e+00 -6.718964e-01 -5.430519e-01
6.360000e+02 -1.212685e+00 0.000000e+00 -6.782703e-01 -5.344148e-01
6.380000e+02 -1.210706e+00 0.000000e+00 -6.846843e-01 -5.260215e-01
6.400000e+02 -1.209001e+00 0.000000e+00 -6.911386e-01 -5.178627e-01
6.420000e+02 -1.207562e+00 0.000000e+00 -6.976332e-01 -5.099293e-01
6.440000e+02 -1.206381e+00 0.000000e+00 -7.041684e-01 -5.022128e-01
6.460000e+02 -1.205449e+00 0.000000e+00 -7.107442e-01 -4.947052e-01
6.480000e+02 -1.204760e+00 0.000000e+00 -7.173608e-01 -4.873988e-01
6.500000e+02 -1.204304e+00 0.000000e+00 -7.240182e-01 -4.802860e-01
6.520000e+02 -1.204077e+00 0.000000e+00 -7.307167e-01 -4.733600e-01
6.540000e+02 -1.204070e+00 0.000000e+00 -7.374563e-01 -4.666139e-01
6.560000e+02 -1.204279e+00 0.000000e+00 -7.442372e-01 -4.600414e-01
6.580000e+02 -1.204696e+00 0.000000e+00 -7.510594e-01 -4.536363e-01
6.600000e+02 -1.205316e+00 0.000000e+00 -7.579232e-01 -4.473927e-01
6.620000e+02 -1.206134e+00 0.000000e+00 -7.648286e-01 -4.413051e-01
6.640000e+02 -1.207144e+00 0.000000e+00 -7.717758e-01 -4.353681e-01
6.660000e+02 -1.208341e+00 0.000000e+00 -7.787649e-01 -4.295766e-01
6.680000e+02 -1.209722e+00 0.000000e+00 -7.857960e-01 -4.239256e-01
6.700000e+02 -1.211280e+00 0.000000e+00 -7.928692e-01 -4.184104e-01
6.720000e+02 -1.213011e+00 0.000000e+00 -7.999847e-01 -4.130265e-01
6.740000e+02 -1.214912e+00 0.000000e+00 -8.071426e-01 -4.077696e-01
6.760000e+02 -1.216979e+00 0.000000e+00 -8.143430e-01 -4.026356e-01
6.780000e+02 -1.219206e+00 0.000000e+00 -8.215860e-01 -3.976205e-01
6.800000e+02 -1.221592e+00 0.000000e+00 -8.288718e-01 -3.927204e-01
6.820000e+02 -1.224132e+00 0.000000e+00 -8.362005e-01 -3.879317e-01
6.840000e+02 -1.226823e+00 0.000000e+00 -8.435722e-01 -3.832510e-01
6.860000e+02 -1.229662e+00 0.000000e+00 -8.509870e-01 -3.786748e-01
6.880000e+02 -1.232645e+00 0.000000e+00 -8.584452e-01 -3.741998e-01
6.900000e+02 -1.235770e+00 0.000000e+00 -8.659467e-01 -3.698230e-01
6.920000e+02 -1.239033e+00 0.000000e+00 -8.734917e-01 -3.655414e-01
6.940000e+02 -1.242432e+00 0.000000e+00 -8.810803e-01 -3.613521e-01
6.960000e+02 -1.245965e+00 0.000000e+00 -8.887128e-01 -3.572523e-01
6.980000e+02 -1.249628e+00 0.000000e+00 -8.963891e-01 -3.532394e-01
7.000000e+02 -1.253420e+00 0.000000e+00 -9.041094e-01 -3.493107e-01
7.020000e+02 -1.257338e+00 0.000000e+00 -9.118739e-01 -3.454639e-01
7.040000e+02 -1.261379e+00 0.000000e+00 -9.196826e-01 -3.416965e-01
7.060000e+02 -1.265542e+00 0.000000e+00 -9.275357e-01 -3.380063e-01
7.080000e+02 -1.269824e+00 0.000000e+00 -9.354334e-01 -3.343910e-01
7.100000e+02 -1.274224e+00 0.000000e+00 -9.433757e-01 -3.308486e-01
7.120000e+02 -1.278740e+00 0.000000e+00 -9.513627e-01 -3.273769e-01
7.140000e+02 -1.283369e+00 0.000000e+00 -9.593947e-01 -3.239740e-01
7.160000e+02 -1.288110e+00 0.000000e+00 -9.674716e-01 -3.206380e-01
7.180000e+02 -1.292961e+00 0.000000e+00 -9.755937e-01 -3.173670e-01
7.200000e+02 -1.297920e+00 0.000000e+00 -9.837611e-01 -3.141593e-01
7.220000e+02 -1.302987e+00 0.000000e+00 -9.919738e-01 -3.110131e-01
7.240000e+02 -1.308159e+00 0.000000e+00 -1.000232e+00 -3.079268e-01
7.260000e+02 -1.313435e+00 0.000000e+00 -1.008536e+00 -3.048988e-01
7.280000e+02 -1.318813e+00 0.000000e+00 -1.016886e+00 -3.019275e-01
7.300000e+02 -1.324293e+00 0.000000e+00 -1.025281e+00 -2.990115e-01
7.320000e+02 -1.329872e+00 0.000000e+00 -1.033723e+00 -2.961492e-01
7.340000e+02 -1.335550e+00 0.000000e+00 -1.042210e+00 -2.933394e-01
7.360000e+02 -1.341325e+00 0.000000e+00 -1.050744e+00 -2.905806e-01
7.380000e+02 -1.347196e+00 0.000000e+00 -1.059325e+00 -2.878716e-01
7.400000e+02 -1.353163e+00 0.000000e+00 -1.067952e+00 -2.852110e-01
7.420000e+02 -1.359223e+00 0.000000e+00 -1.076625e+00 -2.825977e-01
7.440000e+02 -1.365376e+00 0.000000e+00 -1.085345e+00 -2.800305e-01
7.460000e+02 -1.371621e+00 0.000000e+00 -1.094113e+00 -2.775082e-01
7.480000e+02 -1.377956e+00 0.000000e+00 -1.102927e+00 -2.750297e-01
7.500000e+02 -1.384382e+00 0.000000e+00 -1.111788e+00 -2.725939e-01
7.520000e+02 -1.390896e+00 0.000000e+00 -1.120697e+00 -2.701998e-01
7.540000e+02 -1.397499e+00 0.000000e+00 -1.129653e+00 -2.678464e-01
7.560000e+02 -1.404189e+00 0.000000e+00 -1.138656e+00 -2.655328e-01
7.580000e+02 -1.410965e+00 0.000000e+00 -1.147707e+00 -2.632579e-01
7.600000e+02 -1.417827e+00 0.000000e+00 -1.156806e+00 -2.610208e-01
7.620000e+02 -1.424773e+00 0.000000e+00 -1.165953e+00 -2.588206e-01
7.640000e+02 -1.431804e+00 0.000000e+00 -1.175147e+00 -2.566566e-01
7.660000e+02 -1.438918e+00 0.000000e+00 -1.184390e+00 -2.545278e-01
7.680000e+02 -1.446115e+00 0.000000e+00 -1.193681e+00 -2.524334e-01
7.700000e+02 -1.453394e+00 0.000000e+00 -1.203021e+00 -2.503726e-01
7.720000e+02 -1.460754e+00 0.000000e+00 -1.212409e+00 -2.483448e-01
7.740000e+02 -1.468195e+00 0.000000e+00 -1.221846e+00 -2.463490e-01
7.760000e+02 -1.475716e+00 0.000000e+00 -1.231331e+00 -2.443847e-01
7.780000e+02 -1.483316e+00 0.000000e+00 -1.240865e+00 -2.424510e-01
7.800000e+02 -1.490996e+00 0.000000e+00 -1.250449e+00 -2.405473e-01
7.820000e+02 -1.498754e+00 0.000000e+00 -1.260081e+00 -2.386730e-01
7.840000e+02 -1.506590e+00 0.000000e+00 -1.269763e+00 -2.368274e-01
7.860000e+02 -1.514504e+00 0.000000e+00 -1.279494e+00 -2.350099e-01
7.880000e+02 -1.522494e+00 0.000000e+00 -1.289275e+00 -2.332199e-01
7.900000e+02 -1.530561e+00 0.000000e+00 -1.299105e+00 -2.314567e-01
7.920000e+02 -1.538705e+00 0.000000e+00 -1.308985e+00 -2.297198e-01
7.940000e+02 -1.546923e+00 0.000000e+00 -1.318915e+00 -2.280087e-01
7.960000e+02 -1.555217e+00 0.000000e+00 -1.328894e+00 -2.263228e-01
7.980000e+02 -1.563586e+00 0.000000e+00 -1.338924e+00 -2.246615e-01
8.000000e+02 -1.572029e+00 0.000000e+00 -1.349005e+00 -2.230244e-01
8.020000e+02 -1.580546e+00 0.000000e+00 -1.359135e+00 -2.214109e-01
8.040000e+02 -1.589137e+00 0.000000e+00 -1.369316e+00 -2.198206e-01
8.060000e+02 -1.597801e+00 0.000000e+00 -1.379548e+00 -2.182530e-01
8.080000e+02 -1.606538e+00 0.000000e+00 -1.389830e+00 -2.167076e-01
8.100000e+02 -1.615348e+00 0.000000e+00 -1.400164e+00 -2.151839e-01
8.120000e+02 -1.624230e+00 0.000000e+00 -1.410548e+00 -2.136816e-01
8.140000e+02 -1.633184e+00 0.000000e+00 -1.420984e+00 -2.122002e-01
8.160000e+02 -1.642209e+00 0.000000e+00 -1.431470e+00 -2.107393e-01
8.180000e+02 -1.651307e+00 0.000000e+00 -1.442008e+00 -2.092984e-01
8.200000e+02 -1.660475e+00 0.000000e+00 -1.452598e+00 -2.078772e-01
8.220000e+02 -1.669714e+00 0.000000e+00 -1.463239e+00 -2.064753e-01
8.240000e+02 -1.679024e+00 0.000000e+00 -1.473932e+00 -2.050924e-01
8.260000e+02 -1.688405e+00 0.000000e+00 -1.484677e+00 -2.037279e-01
8.280000e+02 -1.697855e+00 0.000000e+00 -1.495474e+00 -2.023817e-01
8.300000e+02 -1.707376e+00 0.000000e+00 -1.506322e+00 -2.010533e-01
8.320000e+02 -1.716966e+00 0.000000e+00 -1.517224e+00 -1.997425e-01
8.340000e+02 -1.726626e+00 0.000000e+00 -1.528177e+00 -1.984487e-01
8.360000e+02 -1.736355e+00 0.000000e+00 -1.539183e+00 -1.971719e-01
8.380000e+02 -1.746153e+00 0.000000e+00 -1.550242e+00 -1.959116e-01
8.400000e+02 -1.756021e+00 0.000000e+00 -1.561353e+00 -1.946674e-01
8.420000e+02 -1.765957e+00 0.000000e+00 -1.572517e+00 -1.934393e-01
8.440000e+02 -1.775961e+00 0.000000e+00 -1.583734e+00 -1.922267e-01
8.460000e+02 -1.786034e+00 0.000000e+00 -1.595005e+00 -1.910295e-01
8.480000e+02 -1.796176e+00 0.000000e+00 -1.606328e+00 -1.898473e-01
8.500000e+02 -1.806385e+00 0.000000e+00 -1.617705e+00 -1.886799e-01
8.520000e+02 -1.816663e+00 0.000000e+00 -1.629136e+00 -1.875271e-01
8.540000e+02 -1.827008e+00 0.000000e+00 -1.640620e+00 -1.863885e-01
8.560000e+02 -1.837421e+00 0.000000e+00 -1.652157e+00 -1.852639e-01
8.580000e+02 -1.847902e+00 0.000000e+00 -1.663749e+00 -1.841530e-01
8.600000e+02 -1.858450e+00 0.000000e+00 -1.675394e+00 -1.830557e-01
8.620000e+02 -1.869066e+00 0.000000e+00 -1.687094e+00 -1.819716e-01
8.640000e+02 -1.879749e+00 0.000000e+00 -1.698848e+00 -1.809006e-01
8.660000e+02 -1.890499e+00 0.000000e+00 -1.710656e+00 -1.798424e-01
8.680000e+02 -1.901316e+00 0.000000e+00 -1.722519e+00 -1.787967e-01
8.700000e+02 -1.912200e+00 0.000000e+00 -1.734436e+00 -1.777635e-01
8.720000e+02 -1.923151e+00 0.000000e+00 -1.746408e+00 -1.767424e-01
8.740000e+02 -1.934168e+00 0.000000e+00 -1.758435e+00 -1.757333e-01
8.760000e+02 -1.945253e+00 0.000000e+00 -1.770517e+00 -1.747359e-01
8.780000e+02 -1.956404e+00 0.000000e+00 -1.782654e+00 -1.737500e-01
8.800000e+02 -1.967622e+00 0.000000e+00 -1.794846e+00 -1.727756e-01
8.820000e+02 -1.978906e+00 0.000000e+00 -1.807094e+00 -1.718122e-01
8.840000e+02 -1.990256e+00 0.000000e+00 -1.819397e+00 -1.708599e-01
8.860000e+02 -2.001673e+00 0.000000e+00 -1.831755e+00 -1.699184e-01
8.880000e+02 -2.013157e+00 0.000000e+00 -1.844169e+00 -1.689874e-01
8.900000e+02 -2.024706e+00 0.000000e+00 -1.856639e+00 -1.680670e-01
8.920000e+02 -2.036322e+00 0.000000e+00 -1.869166e+00 -1.671568e-01
8.940000e+02 -2.048004e+00 0.000000e+00 -1.881748e+00 -1.662567e-01
8.960000e+02 -2.059753e+00 0.000000e+00 -1.894386e+00 -1.653665e-01
8.980000e+02 -2.071567e+00 0.000000e+00 -1.907081e+00 -1.644862e-01
9.000000e+02 -2.083447e+00 0.000000e+00 -1.919832e+00 -1.636155e-01
9.020000e+02 -2.095394e+00 0.000000e+00 -1.932640e+00 -1.627542e-01
9.040000e+02 -2.107406e+00 0.000000e+00 -1.945504e+00 -1.619023e-01
9.060000e+02 -2.119485e+00 0.000000e+00 -1.958425e+00 -1.610595e-01
9.080000e+02 -2.131629e+00 0.000000e+00 -1.971404e+00 -1.602258e-01
9.100000e+02 -2.143840e+00 0.000000e+00 -1.984439e+00 -1.594009e-01
9.120000e+02 -2.156116e+00 0.000000e+00 -1.997531e+00 -1.585849e-01
9.140000e+02 -2.168459e+00 0.000000e+00 -2.010681e+00 -1.577774e-01
9.160000e+02 -2.180867e+00 0.000000e+00 -2.023889e+00 -1.569784e-01
9.180000e+02 -2.193341e+00 0.000000e+00 -2.037153e+00 -1.561878e-01
9.200000e+02 -2.205881e+00 0.000000e+00 -2.050476e+00 -1.554054e-01
9.220000e+02 -2.218487e+00 0.000000e+00 -2.063856e+00 -1.546311e-01
9.240000e+02 -2.231159e+00 0.000000e+00 -2.077295e+00 -1.538647e-01
9.260000e+02 -2.243897e+00 0.000000e+00 -2.090791e+00 -1.531063e-01
9.280000e+02 -2.256701e+00 0.000000e+00 -2.104346e+00 -1.523555e-01
9.300000e+02 -2.269571e+00 0.000000e+00 -2.117959e+00 -1.516124e-01
9.320000e+02 -2.282507e+00 0.000000e+00 -2.131630e+00 -1.508768e-01
9.340000e+02 -2.295508e+00 0.000000e+00 -2.145360e+00 -1.501486e-01
9.360000e+02 -2.308576e+00 0.000000e+00 -2.159148e+00 -1.494277e-01
9.380000e+02 -2.321710e+00 0.000000e+00 -2.172996e+00 -1.487140e-01
9.400000e+02 -2.334909e+00 0.000000e+00 -2.186902e+00 -1.480074e-01
9.420000e+02 -2.348175e+00 0.000000e+00 -2.200867e+00 -1.473077e-01
9.440000e+02 -2.361507e+00 0.000000e+00 -2.214892e+00 -1.466149e-01
9.460000e+02 -2.374905e+00 0.000000e+00 -2.228976e+00 -1.459289e-01
9.480000e+02 -2.388369e+00 0.000000e+00 -2.243119e+00 -1.452495e-01
9.500000e+02 -2.401899e+00 0.000000e+00 -2.257322e+00 -1.445767e-01
9.520000e+02 -2.415495e+00 0.000000e+00 -2.271584e+00 -1.439104e-01
9.540000e+02 -2.429157e+00 0.000000e+00 -2.285907e+00 -1.432506e-01
9.560000e+02 -2.442886e+00 0.000000e+00 -2.300289e+00 -1.425970e-01
9.580000e+02 -2.456681e+00 0.000000e+00 -2.314731e+00 -1.419496e-01
9.600000e+02 -2.470542e+00 0.000000e+00 -2.329234e+00 -1.413084e-01
9.620000e+02 -2.484469e+00 0.000000e+00 -2.343796e+00 -1.406732e-01
9.640000e+02 -2.498463e+00 0.000000e+00 -2.358419e+00 -1.400439e-01
9.660000e+02 -2.512524e+00 0.000000e+00 -2.373103e+00 -1.394206e-01
9.680000e+02 -2.526650e+00 0.000000e+00 -2.387847e+00 -1.388030e-01
9.700000e+02 -2.540844e+00 0.000000e+00 -2.402653e+00 -1.381912e-01
9.720000e+02 -2.555104e+00 0.000000e+00 -2.417519e+00 -1.375850e-01
9.740000e+02 -2.569430e+00 0.000000e+00 -2.432446e+00 -1.369844e-01
9.760000e+02 -2.583823e+00 0.000000e+00 -2.447434e+00 -1.363892e-01
9.780000e+02 -2.598283e+00 0.000000e+00 -2.462483e+00 -1.357995e-01
9.800000e+02 -2.612809e+00 0.000000e+00 -2.477594e+00 -1.352151e-01
9.820000e+02 -2.627403e+00 0.000000e+00 -2.492767e+00 -1.346359e-01
9.840000e+02 -2.642063e+00 0.000000e+00 -2.508001e+00 -1.340620e-01
9.860000e+02 -2.656790e+00 0.000000e+00 -2.523296e+00 -1.334932e-01
9.880000e+02 -2.671584e+00 0.000000e+00 -2.538654e+00 -1.329295e-01
9.900000e+02 -2.686445e+00 0.000000e+00 -2.554074e+00 -1.323707e-01
9.920000e+02 -2.701373e+00 0.000000e+00 -2.569556e+00 -1.318169e-01
9.940000e+02 -2.716368e+00 0.000000e+00 -2.585100e+00 -1.312680e-01
9.960000e+02 -2.731430e+00 0.000000e+00 -2.600707e+00 -1.307238e-01
9.980000e+02 -2.746560e+00 0.000000e+00 -2.616376e+00 -1.301844e-01
1.000000e+03 -2.761757e+00 0.000000e+00 -2.632107e+00 -1.296497e-01
1.002000e+03 -2.777021e+00 0.000000e+00 -2.647902e+00 -1.291196e-01
1.004000e+03 -2.792353e+00 0.000000e+00 -2.663759e+00 -1.285940e-01
1.006000e+03 -2.807752e+00 0.000000e+00 -2.679679e+00 -1.280730e-01
1.008000e+03 -2.823219e+00 0.000000e+00 -2.695663e+00 -1.275564e-01
1.010000e+03 -2.838754e+00 0.000000e+00 -2.711709e+00 -1.270442e-01
1.012000e+03 -2.854356e+00 0.000000e+00 -2.727820e+00 -1.265363e-01
1.014000e+03 -2.870026e+00 0.000000e+00 -2.743993e+00 -1.260327e-01
1.016000e+03 -2.885764e+00 0.000000e+00 -2.760230e+00 -1.255333e-01
1.018000e+03 -2.901569e+00 0.000000e+00 -2.776531e+00 -1.250381e-01
1.020000e+03 -2.917443e+00 0.000000e+00 -2.792896e+00 -1.245470e-01
1.022000e+03 -2.933385e+00 0.000000e+00 -2.809325e+00 -1.240600e-01
1.024000e+03 -2.949395e+00 0.000000e+00 -2.825818e+00 -1.235770e-01
1.026000e+03 -2.965473e+00 0.000000e+00 -2.842375e+00 -1.230980e-01
1.028000e+03 -2.981619e+00 0.000000e+00 -2.858996e+00 -1.226229e-01
1.030000e+03 -2.997834e+00 0.000000e+00 -2.875682e+00 -1.221517e-01
1.032000e+03 -3.014117e+00 0.000000e+00 -2.892433e+00 -1.216843e-01
1.034000e+03 -3.030469e+00 0.000000e+00 -2.909248e+00 -1.212206e-01
1.036000e+03 -3.046889e+00 0.000000e+00 -2.926128e+00 -1.207608e-01
1.038000e+03 -3.063378e+00 0.000000e+00 -2.943073e+00 -1.203046e-01
1.040000e+03 -3.079935e+00 0.000000e+00 -2.960083e+00 -1.198520e-01
1.042000e+03 -3.096562e+00 0.000000e+00 -2.977159e+00 -1.194031e-01
1.044000e+03 -3.113257e+00 0.000000e+00 -2.994300e+00 -1.189577e-01
1.046000e+03 -3.130022e+00 0.000000e+00 -3.011506e+00 -1.185158e-01
1.048000e+03 -3.146855e+00 0.000000e+00 -3.028778e+00 -1.180774e-01
1.050000e+03 -3.163758e+00 0.000000e+00 -3.046115e+00 -1.176425e-01
1.052000e+03 -3.180729e+00 0.000000e+00 -3.063518e+00 -1.172109e-01
1.054000e+03 -3.197771e+00 0.000000e+00 -3.080988e+00 -1.167827e-01
1.056000e+03 -3.214881e+00 0.000000e+00 -3.098523e+00 -1.163578e-01
1.058000e+03 -3.232061e+00 0.000000e+00 -3.116125e+00 -1.159362e-01
1.060000e+03 -3.249311e+00 0.000000e+00 -3.133793e+00 -1.155179e-01
1.062000e+03 -3.266630e+00 0.000000e+00 -3.151527e+00 -1.151027e-01
1.064000e+03 -3.284019e+00 0.000000e+00 -3.169328e+00 -1.146907e-01
1.066000e+03 -3.301477e+00 0.000000e+00 -3.187195e+00 -1.142819e-01
1.068000e+03 -3.319006e+00 0.000000e+00 -3.205130e+00 -1.138761e-01
1.070000e+03 -3.336605e+00 0.000000e+00 -3.223131e+00 -1.134734e-01
1.072000e+03 -3.354273e+00 0.000000e+00 -3.241200e+00 -1.130737e-01
1.074000e+03 -3.372012e+00 0.000000e+00 -3.259335e+00 -1.126771e-01
1.076000e+03 -3.389821e+00 0.000000e+00 -3.277538e+00 -1.122833e-01
1.078000e+03 -3.407701e+00 0.000000e+00 -3.295808e+00 -1.118925e-01
1.080000e+03 -3.425651e+00 0.000000e+00 -3.314146e+00 -1.115046e-01
1.082000e+03 -3.443671e+00 0.000000e+00 -3.332552e+00 -1.111196e-01
1.084000e+03 -3.461763e+00 0.000000e+00 -3.351025e+00 -1.107374e-01
1.086000e+03 -3.479924e+00 0.000000e+00 -3.369566e+00 -1.103580e-01
1.088000e+03 -3.498157e+00 0.000000e+00 -3.388176e+00 -1.099813e-01
1.090000e+03 -3.516461e+00 0.000000e+00 -3.406853e+00 -1.096074e-01
1.092000e+03 -3.534835e+00 0.000000e+00 -3.425599e+00 -1.092362e-01
1.094000e+03 -3.553281e+00 0.000000e+00 -3.444413e+00 -1.088677e-01
1.096000e+03 -3.571798e+00 0.000000e+00 -3.463296e+00 -1.085018e-01
1.098000e+03 -3.590386e+00 0.000000e+00 -3.482247e+00 -1.081385e-01
1.100000e+03 -3.609045e+00 0.000000e+00 -3.501267e+00 -1.077779e-01
1.102000e+03 -3.627776e+00 0.000000e+00 -3.520356e+00 -1.074198e-01
1.104000e+03 -3.646578e+00 0.000000e+00 -3.539514e+00 -1.070642e-01
1.106000e+03 -3.665452e+00 0.000000e+00 -3.558741e+00 -1.067112e-01
1.108000e+03 -3.684398e+00 0.000000e+00 -3.578038e+00 -1.063606e-01
1.110000e+03 -3.703416e+00 0.000000e+00 -3.597404e+00 -1.060125e-01
1.112000e+03 -3.722506e+00 0.000000e+00 -3.616839e+00 -1.056668e-01
1.114000e+03 -3.741667e+00 0.000000e+00 -3.636344e+00 -1.053236e-01
1.116000e+03 -3.760901e+00 0.000000e+00 -3.655918e+00 -1.049827e-01
1.118000e+03 -3.780207e+00 0.000000e+00 -3.675563e+00 -1.046442e-01
1.120000e+03 -3.799586e+00 0.000000e+00 -3.695278e+00 -1.043080e-01
1.122000e+03 -3.819036e+00 0.000000e+00 -3.715062e+00 -1.039741e-01
1.124000e+03 -3.838560e+00 0.000000e+00 -3.734917e+00 -1.036425e-01
1.126000e+03 -3.858156e+00 0.000000e+00 -3.754843e+00 -1.033131e-01
1.128000e+03 -3.877824e+00 0.000000e+00 -3.774838e+00 -1.029860e-01
1.130000e+03 -3.897566e+00 0.000000e+00 -3.794905e+00 -1.026611e-01
1.132000e+03 -3.917380e+00 0.000000e+00 -3.815042e+00 -1.023384e-01
1.134000e+03 -3.937268e+00 0.000000e+00 -3.835250e+00 -1.020179e-01
1.136000e+03 -3.957228e+00 0.000000e+00 -3.855529e+00 -1.016995e-01
1.138000e+03 -3.977262e+00 0.000000e+00 -3.875879e+00 -1.013832e-01
1.140000e+03 -3.997369e+00 0.000000e+00 -3.896300e+00 -1.010691e-01
1.142000e+03 -4.017550e+00 0.000000e+00 -3.916793e+00 -1.007570e-01
1.144000e+03 -4.037804e+00 0.000000e+00 -3.937357e+00 -1.004470e-01
1.146000e+03 -4.058132e+00 0.000000e+00 -3.957992e+00 -1.001390e-01
1.148000e+03 -4.078533e+00 0.000000e+00 -3.978700e+00 -9.983310e-02
1.150000e+03 -4.099008e+00 0.000000e+00 -3.999479e+00 -9.952916e-02
1.152000e+03 -4.119557e+00 0.000000e+00 -4.020330e+00 -9.922720e-02
1.154000e+03 -4.140181e+00 0.000000e+00 -4.041253e+00 -9.892720e-02
1.156000e+03 -4.160878e+00 0.000000e+00 -4.062249e+00 -9.862915e-02
1.158000e+03 -4.181650e+00 0.000000e+00 -4.083317e+00 -9.833302e-02
1.160000e+03 -4.202496e+00 0.000000e+00 -4.104457e+00 -9.803880e-02
1.162000e+03 -4.223416e+00 0.000000e+00 -4.125670e+00 -9.774646e-02
1.164000e+03 -4.244411e+00 0.000000e+00 -4.146955e+00 -9.745599e-02
1.166000e+03 -4.265481e+00 0.000000e+00 -4.168313e+00 -9.716738e-02
1.168000e+03 -4.286625e+00 0.000000e+00 -4.189744e+00 -9.688059e-02
1.170000e+03 -4.307844e+00 0.000000e+00 -4.211249e+00 -9.659563e-02
1.172000e+03 -4.329138e+00 0.000000e+00 -4.232826e+00 -9.631246e-02
1.174000e+03 -4.350508e+00 0.000000e+00 -4.254477e+00 -9.603107e-02
1.176000e+03 -4.371952e+00 0.000000e+00 -4.276201e+00 -9.575144e-02
1.178000e+03 -4.393472e+00 0.000000e+00 -4.297998e+00 -9.547357e-02
1.180000e+03 -4.415067e+00 0.000000e+00 -4.319870e+00 -9.519742e-02
1.182000e+03 -4.436738e+00 0.000000e+00 -4.341815e+00 -9.492299e-02
1.184000e+03 -4.458484e+00 0.000000e+00 -4.363834e+00 -9.465026e-02
1.186000e+03 -4.480306e+00 0.000000e+00 -4.385927e+00 -9.437920e-02
1.188000e+03 -4.502204e+00 0.000000e+00 -4.408094e+00 -9.410982e-02
1.190000e+03 -4.524177e+00 0.000000e+00 -4.430335e+00 -9.384209e-02
1.192000e+03 -4.546227e+00 0.000000e+00 -4.452651e+00 -9.357599e-02
1.194000e+03 -4.568353e+00 0.000000e+00 -4.475041e+00 -9.331152e-02
1.196000e+03 -4.590555e+00 0.000000e+00 -4.497506e+00 -9.304865e-02
1.198000e+03 -4.612833e+00 0.000000e+00 -4.520046e+00 -9.278737e-02
1.200000e+03 -4.635188e+00 0.000000e+00 -4.542661e+00 -9.252766e-02
1.202000e+03 -4.657620e+00 0.000000e+00 -4.565350e+00 -9.226952e-02
1.204000e+03 -4.680128e+00 0.000000e+00 -4.588115e+00 -9.201293e-02
1.206000e+03 -4.702713e+00 0.000000e+00 -4.610955e+00 -9.175787e-02
1.208000e+03 -4.725375e+00 0.000000e+00 -4.633870e+00 -9.150434e-02
1.210000e+03 -4.748113e+00 0.000000e+00 -4.656861e+00 -9.125230e-02
1.212000e+03 -4.770929e+00 0.000000e+00 -4.679927e+00 -9.100177e-02
1.214000e+03 -4.793822e+00 0.000000e+00 -4.703070e+00 -9.075271e-02
1.216000e+03 -4.816793e+00 0.000000e+00 -4.726288e+00 -9.050511e-02
1.218000e+03 -4.839840e+00 0.000000e+00 -4.749581e+00 -9.025897e-02
1.220000e+03 -4.862966e+00 0.000000e+00 -4.772952e+00 -9.001427e-02
1.222000e+03 -4.886169e+00 0.000000e+00 -4.796398e+00 -8.977100e-02
1.224000e+03 -4.909449e+00 0.000000e+00 -4.819920e+00 -8.952914e-02
1.226000e+03 -4.932808e+00 0.000000e+00 -4.843519e+00 -8.928868e-02
1.228000e+03 -4.956245e+00 0.000000e+00 -4.867195e+00 -8.904961e-02
1.230000e+03 -4.979759e+00 0.000000e+00 -4.890947e+00 -8.881192e-02
1.232000e+03 -5.003352e+00 0.000000e+00 -4.914776e+00 -8.857560e-02
1.234000e+03 -5.027023e+00 0.000000e+00 -4.938683e+00 -8.834063e-02
1.236000e+03 -5.050773e+00 0.000000e+00 -4.962666e+00 -8.810700e-02
1.238000e+03 -5.074601e+00 0.000000e+00 -4.986726e+00 -8.787470e-02
1.240000e+03 -5.098507e+00 0.000000e+00 -5.010864e+00 -8.764372e-02
1.242000e+03 -5.122493e+00 0.000000e+00 -5.035079e+00 -8.741405e-02
1.244000e+03 -5.146557e+00 0.000000e+00 -5.059371e+00 -8.718567e-02
1.246000e+03 -5.170700e+00 0.000000e+00 -5.083742e+00 -8.695858e-02
1.248000e+03 -5.194922e+00 0.000000e+00 -5.108190e+00 -8.673276e-02
1.250000e+03 -5.219224e+00 0.000000e+00 -5.132716e+00 -8.650821e-02
1.252000e+03 -5.243605e+00 0.000000e+00 -5.157320e+00 -8.628490e-02
1.254000e+03 -5.268065e+00 0.000000e+00 -5.182002e+00 -8.606284e-02
1.256000e+03 -5.292604e+00 0.000000e+00 -5.206762e+00 -8.584201e-02
1.258000e+03 -5.317224e+00 0.000000e+00 -5.231601e+00 -8.562240e-02
1.260000e+03 -5.341923e+00 0.000000e+00 -5.256519e+00 -8.540401e-02
1.262000e+03 -5.366701e+00 0.000000e+00 -5.281515e+00 -8.518681e-02
1.264000e+03 -5.391560e+00 0.000000e+00 -5.306589e+00 -8.497080e-02
1.266000e+03 -5.416499e+00 0.000000e+00 -5.331743e+00 -8.475597e-02
1.268000e+03 -5.441518e+00 0.000000e+00 -5.356976e+00 -8.454232e-02
1.270000e+03 -5.466617e+00 0.000000e+00 -5.382287e+00 -8.432982e-02
1.272000e+03 -5.491797e+00 0.000000e+00 -5.407678e+00 -8.411848e-02
1.274000e+03 -5.517057e+00 0.000000e+00 -5.433149e+00 -8.390827e-02
1.276000e+03 -5.542398e+00 0.000000e+00 -5.458699e+00 -8.369920e-02
1.278000e+03 -5.567819e+00 0.000000e+00 -5.484328e+00 -8.349126e-02
1.280000e+03 -5.593322e+00 0.000000e+00 -5.510037e+00 -8.328442e-02
1.282000e+03 -5.618905e+00 0.000000e+00 -5.535826e+00 -8.307870e-02
1.284000e+03 -5.644569e+00 0.000000e+00 -5.561695e+00 -8.287406e-02
1.286000e+03 -5.670315e+00 0.000000e+00 -5.587645e+00 -8.267052e-02
1.288000e+03 -5.696142e+00 0.000000e+00 -5.613674e+00 -8.246805e-02
1.290000e+03 -5.722050e+00 0.000000e+00 -5.639784e+00 -8.226665e-02
1.292000e+03 -5.748040e+00 0.000000e+00 -5.665974e+00 -8.206631e-02
1.294000e+03 -5.774111e+00 0.000000e+00 -5.692244e+00 -8.186703e-02
1.296000e+03 -5.800264e+00 0.000000e+00 -5.718596e+00 -8.166879e-02
1.298000e+03 -5.826499e+00 0.000000e+00 -5.745028e+00 -8.147158e-02
1.300000e+03 -5.852816e+00 0.000000e+00 -5.771541e+00 -8.127540e-02
1.302000e+03 -5.879215e+00 0.000000e+00 -5.798135e+00 -8.108024e-02
1.304000e+03 -5.905697e+00 0.000000e+00 -5.824811e+00 -8.088609e-02
1.306000e+03 -5.932260e+00 0.000000e+00 -5.851567e+00 -8.069295e-02
1.308000e+03 -5.958906e+00 0.000000e+00 -5.878405e+00 -8.050080e-02
1.310000e+03 -5.985635e+00 0.000000e+00 -5.905325e+00 -8.030963e-02
1.312000e+03 -6.012446e+00 0.000000e+00 -5.932326e+00 -8.011945e-02
1.314000e+03 -6.039340e+00 0.000000e+00 -5.959409e+00 -7.993024e-02
1.316000e+03 -6.066316e+00 0.000000e+00 -5.986574e+00 -7.974199e-02
1.318000e+03 -6.093376e+00 0.000000e+00 -6.013821e+00 -7.955470e-02
1.320000e+03 -6.120519e+00 0.000000e+00 -6.041151e+00 -7.936835e-02
1.322000e+03 -6.147745e+00 0.000000e+00 -6.068562e+00 -7.918295e-02
1.324000e+03 -6.175054e+00 0.000000e+00 -6.096056e+00 -7.899849e-02
1.326000e+03 -6.202447e+00 0.000000e+00 -6.123632e+00 -7.881495e-02
1.328000e+03 -6.229923e+00 0.000000e+00 -6.151291e+00 -7.863233e-02
1.330000e+03 -6.257483e+00 0.000000e+00 -6.179033e+00 -7.845063e-02
1.332000e+03 -6.285127e+00 0.000000e+00 -6.206857e+00 -7.826983e-02
1.334000e+03 -6.312855e+00 0.000000e+00 -6.234765e+00 -7.808993e-02
1.336000e+03 -6.340666e+00 0.000000e+00 -6.262755e+00 -7.791092e-02
1.338000e+03 -6.368562e+00 0.000000e+00 -6.290829e+00 -7.773280e-02
1.340000e+03 -6.396542e+00 0.000000e+00 -6.318987e+00 -7.755556e-02
1.342000e+03 -6.424606e+00 0.000000e+00 -6.347227e+00 -7.737919e-02
1.344000e+03 -6.452755e+00 0.000000e+00 -6.375552e+00 -7.720369e-02
1.346000e+03 -6.480989e+00 0.000000e+00 -6.403960e+00 -7.702905e-02
1.348000e+03 -6.509307e+00 0.000000e+00 -6.432451e+00 -7.685525e-02
1.350000e+03 -6.537709e+00 0.000000e+00 -6.461027e+00 -7.668231e-02
1.352000e+03 -6.566197e+00 0.000000e+00 -6.489687e+00 -7.651021e-02
1.354000e+03 -6.594770e+00 0.000000e+00 -6.518431e+00 -7.633893e-02
1.356000e+03 -6.623428e+00 0.000000e+00 -6.547259e+00 -7.616849e-02
1.358000e+03 -6.652171e+00 0.000000e+00 -6.576172e+00 -7.599887e-02
1.360000e+03 -6.681000e+00 0.000000e+00 -6.605169e+00 -7.583007e-02
1.362000e+03 -6.709914e+00 0.000000e+00 -6.634251e+00 -7.566207e-02
1.364000e+03 -6.738913e+00 0.000000e+00 -6.663418e+00 -7.549488e-02
1.366000e+03 -6.767998e+00 0.000000e+00 -6.692670e+00 -7.532848e-02
1.368000e+03 -6.797170e+00 0.000000e+00 -6.722007e+00 -7.516288e-02
1.370000e+03 -6.826427e+00 0.000000e+00 -6.751429e+00 -7.499806e-02
1.372000e+03 -6.855770e+00 0.000000e+00 -6.780936e+00 -7.483403e-02
1.374000e+03 -6.885199e+00 0.000000e+00 -6.810528e+00 -7.467076e-02
1.376000e+03 -6.914715e+00 0.000000e+00 -6.840206e+00 -7.450827e-02
1.378000e+03 -6.944317e+00 0.000000e+00 -6.869970e+00 -7.434654e-02
1.380000e+03 -6.974005e+00 0.000000e+00 -6.899820e+00 -7.418557e-02
1.382000e+03 -7.003780e+00 0.000000e+00 -6.929755e+00 -7.402535e-02
1.384000e+03 -7.033642e+00 0.000000e+00 -6.959776e+00 -7.386588e-02
1.386000e+03 -7.063591e+00 0.000000e+00 -6.989884e+00 -7.370715e-02
1.388000e+03 -7.093627e+00 0.000000e+00 -7.020077e+00 -7.354916e-02
1.390000e+03 -7.123749e+00 0.000000e+00 -7.050358e+00 -7.339190e-02
1.392000e+03 -7.153959e+00 0.000000e+00 -7.080724e+00 -7.323536e-02
1.394000e+03 -7.184257e+00 0.000000e+00 -7.111177e+00 -7.307955e-02
1.396000e+03 -7.214641e+00 0.000000e+00 -7.141717e+00 -7.292445e-02
1.398000e+03 -7.245114e+00 0.000000e+00 -7.172344e+00 -7.277006e-02
1.400000e+03 -7.275674e+00 0.000000e+00 -7.203057e+00 -7.261638e-02
1.402000e+03 -7.306321e+00 0.000000e+00 -7.233858e+00 -7.246340e-02
1.404000e+03 -7.337057e+00 0.000000e+00 -7.264746e+00 -7.231111e-02
1.406000e+03 -7.367880e+00 0.000000e+00 -7.295721e+00 -7.215952e-02
1.408000e+03 -7.398792e+00 0.000000e+00 -7.326784e+00 -7.200861e-02
1.410000e+03 -7.429792e+00 0.000000e+00 -7.357934e+00 -7.185839e-02
1.412000e+03 -7.460880e+00 0.000000e+00 -7.389172e+00 -7.170884e-02
1.414000e+03 -7.492057e+00 0.000000e+00 -7.420497e+00 -7.155996e-02
1.416000e+03 -7.523322e+00 0.000000e+00 -7.451911e+00 -7.141175e-02
1.418000e+03 -7.554676e+00 0.000000e+00 -7.483412e+00 -7.126420e-02
1.420000e+03 -7.586119e+00 0.000000e+00 -7.515002e+00 -7.111731e-02
1.422000e+03 -7.617651e+00 0.000000e+00 -7.546680e+00 -7.097108e-02
1.424000e+03 -7.649272e+00 0.000000e+00 -7.578446e+00 -7.082549e-02
1.426000e+03 -7.680982e+00 0.000000e+00 -7.610301e+00 -7.068055e-02
1.428000e+03 -7.712781e+00 0.000000e+00 -7.642245e+00 -7.053625e-02
1.430000e+03 -7.744670e+00 0.000000e+00 -7.674277e+00 -7.039259e-02
1.432000e+03 -7.776648e+00 0.000000e+00 -7.706398e+00 -7.024956e-02
1.434000e+03 -7.808716e+00 0.000000e+00 -7.738608e+00 -7.010715e-02
1.436000e+03 -7.840873e+00 0.000000e+00 -7.770908e+00 -6.996537e-02
1.438000e+03 -7.873120e+00 0.000000e+00 -7.803296e+00 -6.982421e-02
1.440000e+03 -7.905458e+00 0.000000e+00 -7.835774e+00 -6.968366e-02
1.442000e+03 -7.937885e+00 0.000000e+00 -7.868341e+00 -6.954372e-02
1.444000e+03 -7.970402e+00 0.000000e+00 -7.900998e+00 -6.940439e-02
1.446000e+03 -8.003010e+00 0.000000e+00 -7.933745e+00 -6.926567e-02
1.448000e+03 -8.035708e+00 0.000000e+00 -7.966581e+00 -6.912754e-02
1.450000e+03 -8.068497e+00 0.000000e+00 -7.999507e+00 -6.899001e-02
1.452000e+03 -8.101377e+00 0.000000e+00 -8.032524e+00 -6.885306e-02
1.454000e+03 -8.134347e+00 0.000000e+00 -8.065630e+00 -6.871671e-02
1.456000e+03 -8.167408e+00 0.000000e+00 -8.098827e+00 -6.858093e-02
1.458000e+03 -8.200560e+00 0.000000e+00 -8.132114e+00 -6.844574e-02
1.460000e+03 -8.233803e+00 0.000000e+00 -8.165492e+00 -6.831112e-02
1.462000e+03 -8.267138e+00 0.000000e+00 -8.198961e+00 -6.817708e-02
1.464000e+03 -8.300564e+00 0.000000e+00 -8.232520e+00 -6.804360e-02
1.466000e+03 -8.334081e+00 0.000000e+00 -8.266170e+00 -6.791068e-02
1.468000e+03 -8.367690e+00 0.000000e+00 -8.299911e+00 -6.777833e-02
1.470000e+03 -8.401390e+00 0.000000e+00 -8.333744e+00 -6.764653e-02
1.472000e+03 -8.435183e+00 0.000000e+00 -8.367667e+00 -6.751529e-02
1.474000e+03 -8.469067e+00 0.000000e+00 -8.401682e+00 -6.738459e-02
1.476000e+03 -8.503043e+00 0.000000e+00 -8.435789e+00 -6.725444e-02
1.478000e+03 -8.537112e+00 0.000000e+00 -8.469987e+00 -6.712484e-02
1.480000e+03 -8.571272e+00 0.000000e+00 -8.504277e+00 -6.699577e-02
1.482000e+03 -8.605525e+00 0.000000e+00 -8.538658e+00 -6.686724e-02
1.484000e+03 -8.639871e+00 0.000000e+00 -8.573132e+00 -6.673924e-02
1.486000e+03 -8.674309e+00 0.000000e+00 -8.607697e+00 -6.661177e-02
1.488000e+03 -8.708840e+00 0.000000e+00 -8.642355e+00 -6.648483e-02
1.490000e+03 -8.743464e+00 0.000000e+00 -8.677106e+00 -6.635840e-02
1.492000e+03 -8.778181e+00 0.000000e+00 -8.711948e+00 -6.623250e-02
1.494000e+03 -8.812991e+00 0.000000e+00 -8.746884e+00 -6.610711e-02
1.496000e+03 -8.847894e+00 0.000000e+00 -8.781911e+00 -6.598224e-02
1.498000e+03 -8.882890e+00 0.000000e+00 -8.817032e+00 -6.585787e-02
1.500000e+03 -8.917980e+00 0.000000e+00 -8.852246e+00 -6.573401e-02
1.502000e+03 -8.953163e+00 0.000000e+00 -8.887553e+00 -6.561065e-02
1.504000e+03 -8.988440e+00 0.000000e+00 -8.922952e+00 -6.548779e-02
1.506000e+03 -9.023811e+00 0.000000e+00 -8.958446e+00 -6.536543e-02
1.508000e+03 -9.059276e+00 0.000000e+00 -8.994032e+00 -6.524356e-02
1.510000e+03 -9.094834e+00 0.000000e+00 -9.029712e+00 -6.512218e-02
1.512000e+03 -9.130487e+00 0.000000e+00 -9.065486e+00 -6.500129e-02
1.514000e+03 -9.166234e+00 0.000000e+00 -9.101353e+00 -6.488088e-02
1.516000e+03 -9.202075e+00 0.000000e+00 -9.137314e+00 -6.476096e-02
1.518000e+03 -9.238011e+00 0.000000e+00 -9.173370e+00 -6.464151e-02
1.520000e+03 -9.274042e+00 0.000000e+00 -9.209519e+00 -6.452254e-02
1.522000e+03 -9.310167e+00 0.000000e+00 -9.245763e+00 -6.440404e-02
1.524000e+03 -9.346387e+00 0.000000e+00 -9.282101e+00 -6.428601e-02
1.526000e+03 -9.382702e+00 0.000000e+00 -9.318533e+00 -6.416844e-02
1.528000e+03 -9.419111e+00 0.000000e+00 -9.355060e+00 -6.405134e-02
1.530000e+03 -9.455617e+00 0.000000e+00 -9.391682e+00 -6.393470e-02
1.532000e+03 -9.492217e+00 0.000000e+00 -9.428398e+00 -6.381852e-02
1.534000e+03 -9.528913e+00 0.000000e+00 -9.465210e+00 -6.370279e-02
1.536000e+03 -9.565704e+00 0.000000e+00 -9.502116e+00 -6.358752e-02
1.538000e+03 -9.602591e+00 0.000000e+00 -9.539118e+00 -6.347270e-02
1.540000e+03 -9.639573e+00 0.000000e+00 -9.576215e+00 -6.335832e-02
1.542000e+03 -9.676652e+00 0.000000e+00 -9.613408e+00 -6.324439e-02
1.544000e+03 -9.713826e+00 0.000000e+00 -9.650695e+00 -6.313090e-02
1.546000e+03 -9.751097e+00 0.000000e+00 -9.688079e+00 -6.301785e-02
1.548000e+03 -9.788464e+00 0.000000e+00 -9.725558e+00 -6.290523e-02
1.550000e+03 -9.825927e+00 0.000000e+00 -9.763134e+00 -6.279305e-02
